2500
2.e-09
250
.491791
.000142187
.000147656
.000167969
.000188281
.00016875
.000130469
.000159375
.000152344
.00016875
.000160156
.000145312
.000141406
.00019375
.000164062
.000163281
.000146094
.000179687
.000151562
.000144531
.000152344
.000172656
.000157031
.000172656
.000178125
.000160937
.000150781
.00015
.000142187
.000120312
.000146094
.000165625
.000159375
.000135937
.00014375
.000128906
.000142187
.000139062
.00016875
.00015625
.000123437
.000146875
.000134375
.000125
.0001625
.0001375
.000153906
.0001625
.000167187
.000140625
.000120312
.000148437
.000189062
.000177344
.000146094
.000153125
.00015
.000170312
.000178125
.000167187
.000150781
.00013125
.000164844
.000142969
.000144531
.000148437
.0001625
.000173437
.000142969
.000121094
.000146094
.000164844
.000138281
.000142187
.000150781
.000161719
.000158594
.000147656
.000150781
.00016875
.000160156
.000179687
.000144531
.000139844
.00015625
.000165625
.000132812
.000180469
.000161719
.000141406
.000172656
.000170312
.000147656
.000164844
.000150781
.0001625
.000172656
.000117969
.000167187
.000175
.000160937
.000158594
.000154687
.000179687
.00016875
.000167187
.000182031
.000124219
.000151562
.000159375
.000155469
.000136719
.000111719
.00016875
.000153125
.000146094
.000155469
.000152344
.0001625
.00015625
.000165625
.000142187
.000124219
.000150781
.000140625
.000160937
.000150781
.00015
.000147656
.000152344
.000141406
.000160937
.000154687
.0001625
.00014375
.000145312
.000155469
.000154687
.00016875
.000157812
.000157812
.000157031
.000150781
.0001625
.000146875
.000153906
.000153906
.000170312
.000163281
.000158594
.000160937
.0001375
.000175781
.000157031
.000146094
.000146875
.000150781
.000135156
.000153125
.000134375
.000161719
.000147656
.000157812
.000144531
.000155469
.000150781
.0001375
.0001375
.000145312
.000185156
.000164844
.000160156
.0001375
.000159375
.000133594
.000132031
.000134375
.000171875
.000173437
.000173437
.000159375
.000170312
.000136719
.000125781
.000151562
.000184375
.00014375
.000157031
.000164062
.000157812
.000146875
.000149219
.000129687
.000158594
.000146875
.000157812
.000139062
.000132812
.000140625
.000127344
.000189062
.000132031
.000120312
.00018125
.000140625
.000152344
.000173437
.000151562
.000164844
.000166406
.000159375
.00015625
.000135156
.00014375
.00015
.000194531
.00016875
.000145312
.000167969
.00013125
.000157812
.000192187
.000163281
.000138281
.000132812
.000148437
.000175
.0001625
.000142187
.000140625
.000167187
.000139062
.00015
.000165625
.0001625
.000183594
.000134375
.000128906
.000153906
.000158594
.000169531
.000195312
.000166406
.000129687
.000172656
.000135156
.00015625
.00013125
.000159375
.000174219
.000164844
.000172656
.000167969
.00015
.000148437
.000154687
.000135937
.000159375
.000160937
.000147656
.000139062
.000127344
.000146875
.000176562
.00018125
.0001625
.000145312
.000157031
.000141406
.00016875
.000182031
.000153125
.000164062
.000158594
.000167969
.000161719
.000153125
.000160937
.000146875
.000148437
.00015625
.000155469
.000165625
.000176562
.000138281
.000144531
.00011875
.00015
.000159375
.000138281
.000128906
.000140625
.000154687
.000154687
.000166406
.000128125
.000158594
.000167969
.000148437
.000160937
.00015625
.000155469
.00015
.000136719
.000153906
.000145312
.000148437
.000125781
.000167969
.000141406
.000167187
.000158594
.000149219
.000149219
.000183594
.000149219
.000184375
.00015625
.000159375
.000152344
.000139844
.000146094
.000182031
.000160156
.000149219
.000151562
.000145312
.0001625
.000142969
.000175
.000159375
.000145312
.000147656
.000124219
.000161719
.000164062
.000160156
.000165625
.000176562
.000139062
.000136719
.000142187
.000153125
.000188281
.00015
.000132031
.000152344
.000165625
.000127344
.000157812
.000157031
.000148437
.000128906
.000191406
.000150781
.000166406
.000169531
.000172656
.000173437
.000172656
.000148437
.000128906
.000138281
.000167187
.000121875
.000173437
.000159375
.000161719
.000165625
.000159375
.000163281
.0001625
.000140625
.000132812
.000152344
.000166406
.000157812
.00014375
.000139844
.000182031
.000173437
.000180469
.000142969
.000135937
.000160937
.000178906
.000145312
.000126562
.000152344
.00016875
.000167969
.000180469
.000145312
.000166406
.000172656
.000160937
.000154687
.000149219
.000135937
.000154687
.000153906
.000157812
.000121094
.000140625
.000161719
.000142969
.000135937
.000132812
.000151562
.000171094
.000146094
.0001375
.000141406
.000153906
.000152344
.000173437
.000147656
.000153125
.000153125
.000149219
.000157812
.000157031
.000146094
.00015625
.000158594
.00015625
.000150781
.000133594
.000153125
.000170312
.000165625
.000142969
.000160156
.000139062
.000132031
.00014375
.000140625
.000149219
.000153125
.000167187
.000142969
.000161719
.000161719
.000157031
.000122656
.000146875
.000153125
.000127344
.000171094
.0001375
.000148437
.000163281
.000149219
.000141406
.000142187
.000125781
.000153125
.00014375
.000145312
.0001625
.00015625
.0001625
.00015
.000190625
.000150781
.000124219
.000157812
.000166406
.000149219
.000150781
.000135937
.000146094
.000142969
.000160156
.000157812
.000142187
.000160156
.000151562
.000146094
.000158594
.000158594
.000169531
.000160937
.000121875
.000132812
.000178906
.000159375
.000171094
.000186719
.000139844
.000158594
.000142969
.000147656
.000148437
.000146094
.000135937
.000157812
.000158594
.000146875
.000142969
.000152344
.000149219
.000163281
.000153125
.000164062
.000150781
.00015
.000147656
.000145312
.000146875
.000146094
.000126562
.000171094
.000151562
.000132812
.000152344
.000148437
.000150781
.000159375
.000146875
.000182031
.000164062
.000146094
.000140625
.000166406
.000183594
.000155469
.000138281
.000135156
.00015
.000157031
.00015
.000151562
.000166406
.000173437
.000159375
.000167969
.000174219
.000171094
.000146094
.000132031
.000146875
.0001375
.0001625
.000172656
.000153906
.000169531
.000167969
.000133594
.000134375
.000186719
.000155469
.000126562
.000147656
.000154687
.000172656
.000142187
.00016875
.000153125
.000142187
.000157031
.000152344
.000144531
.00014375
.000153906
.000142969
.000135156
.000149219
.000146094
.000153906
.000147656
.000152344
.000153125
.000164844
.000132812
.000169531
.000160156
.000148437
.000142187
.000172656
.000126562
.000167187
.000157812
.000134375
.000129687
.000164062
.000142969
.000146094
.000169531
.000167187
.00015
.000157031
.000165625
.000153906
.000134375
.000164844
.000123437
.000158594
.000130469
.00015
.000147656
.000150781
.000167187
.000147656
.000135937
.000139844
.000150781
.00015625
.00015625
.000148437
.000164844
.00014375
.000170312
.0001625
.000153906
.00014375
.000160156
.000146094
.000178906
.000160937
.000145312
.000146875
.000150781
.000135937
.000172656
.000136719
.000175
.000138281
.000175
.000174219
.00015
.000146875
.000164062
.000176562
.00014375
.000167969
.000133594
.000157812
.000184375
.000170312
.000171094
.000132812
.000149219
.000153125
.0001625
.000145312
.000182031
.000157812
.0001625
.000158594
.000155469
.000150781
.000175
.000135156
.000139062
.000174219
.000159375
.000180469
.000185937
.000117969
.000152344
.000157031
.000150781
.000135937
.000157812
.000150781
.000157812
.000146094
.000135937
.000185937
.000157812
.000163281
.000160156
.00013125
.000133594
.000157812
.000164062
.000172656
.000182812
.000132812
.000161719
.00015625
.00016875
.000170312
.000154687
.000139062
.000154687
.00013125
.000142969
.000153125
.000161719
.000146094
.000184375
.000155469
.000146875
.000182812
.000138281
.00014375
.000142187
.000167969
.000160937
.000128125
.00015
.000161719
.000121094
.00015
.000144531
.000142969
.000141406
.000144531
.000148437
.000185937
.000152344
.000154687
.000172656
.000160937
.000129687
.000154687
.000171875
.000158594
.0001625
.000173437
.000153906
.000147656
.000141406
.00018125
.000178906
.000172656
.000135937
.000174219
.0001625
.000164844
.000175
.000136719
.000169531
.000167187
.000167187
.000164062
.000177344
.000146875
.000159375
.000159375
.000139062
.000142187
.000160156
.000160937
.000139062
.00015
.000160156
.000169531
.000132031
.000161719
.000149219
.000149219
.000188281
.000171875
.000164062
.000175
.000125781
.000141406
.000164844
.000150781
.0001375
.000153906
.000161719
.000171094
.00014375
.00015625
.000164844
.000160156
.000164062
.000164062
.000148437
.000172656
.000148437
.000140625
.0001375
.000185156
.000152344
.000145312
.000147656
.00016875
.000165625
.000153906
.000157031
.0001375
.000150781
.00013125
.000148437
.000166406
.000148437
.000159375
.00014375
.000153906
.000164844
.000151562
.000147656
.00013125
.000158594
.000155469
.000148437
.000148437
.000170312
.000158594
.000142187
.000135937
.000183594
.000145312
.000139844
.000141406
.000142187
.000146094
.0001375
.000154687
.0001375
.000154687
.000151562
.000141406
.000142187
.000155469
.000157812
.000139062
.000158594
.000171094
.000152344
.00015
.000141406
.000146094
.000134375
.000167969
.000130469
.000155469
.0001375
.00015625
.00015
.000138281
.000140625
.000182812
.000151562
.000139844
.000135937
.000120312
.000134375
.000142969
.000157031
.000140625
.000166406
.000155469
.000161719
.00015625
.000158594
.000174219
.000161719
.000147656
.000152344
.00014375
.000153906
.000161719
.000145312
.000127344
.000142969
.000144531
.000132031
.000133594
.000147656
.000129687
.000164844
.0001375
.000147656
.000132812
.000142187
.000142187
.000149219
.000153906
.000146094
.0001375
.000144531
.000172656
.000167969
.000151562
.000139062
.00016875
.000157031
.0001375
.000174219
.000173437
.000155469
.000127344
.000136719
.000149219
.000166406
.000146875
.000125781
.000135156
.000146094
.000158594
.0001625
.000157812
.000128906
.00014375
.000153125
.000150781
.000138281
.000145312
.000173437
.000153125
.000167969
.000139844
.000122656
.000174219
.000157031
.000160937
.000135156
.000138281
.000151562
.000145312
.000134375
.000153125
.000169531
.000166406
.000146094
.000175
.000140625
.000145312
.00014375
.000142187
.000134375
.000157031
.000160937
.000107812
.00011875
.00014375
.000164062
.00015625
.000182812
.00014375
.00011875
.000138281
.000144531
.00013125
.000150781
.000148437
.000114062
.000142187
.000160937
.000161719
.000133594
.000117969
.000160937
.0001625
.00014375
.000157812
.000133594
.000144531
.000146875
.000157031
.000142187
.00016875
.00015625
.000153125
.000163281
.000160937
.000147656
.000153125
.000148437
.000161719
.000176562
.000133594
.000171094
.000153125
.000144531
.000117969
.000128125
.000135937
.000147656
.000155469
.000109375
.000160156
.000141406
.000175
.000182812
.000151562
.000142187
.000145312
.000163281
.000157812
.000126562
.000117969
.000130469
.000142969
.000130469
.000127344
.000144531
.000145312
.000135937
.000136719
.000157031
.000176562
.000148437
.000125
.000125
.000140625
.000152344
.000138281
.000153906
.000153906
.000160156
.000123437
.000144531
.000119531
.000121875
.000163281
.000153906
.000142187
.000119531
.000165625
.000121094
.000127344
.000133594
.000154687
.000167969
.000161719
.000160937
.000153125
.000147656
.000160937
.000157812
.000148437
.000145312
.000160156
.000155469
.000157031
.000163281
.00014375
.000157031
.000154687
.000148437
.000144531
.000160156
.000146094
.0001625
.000175781
.000142969
.000144531
.00016875
.000124219
.0001375
.000135937
.000171094
.000154687
.00014375
.000136719
.000144531
.000148437
.000157031
.000138281
.000130469
.000145312
.000164844
.000167187
.000125781
.000123437
.000165625
.0001625
.00015
.000140625
.000166406
.000142187
.000152344
.000158594
.00015625
.000123437
.000141406
.000158594
.000145312
.00011875
.000154687
.000154687
.000171094
.000132812
.000130469
.000139844
.000164062
.000146094
.000139062
.000128906
.000148437
.000136719
.000110156
.000109375
.000141406
.000152344
.000163281
.000157031
.000142969
.000142969
.000171875
.000138281
.000145312
.000130469
.00013125
.000167969
.000164844
.00014375
.000167187
.000145312
.000171094
.000153125
.000157031
.000188281
.000145312
.000128125
.000147656
.000147656
.000148437
.00015
.000132031
.000142969
.000138281
.000130469
.000145312
.000157031
.000129687
.000146875
.000126562
.000120312
.000157812
.000130469
.000142187
.000117187
.000149219
.000136719
.000144531
.000121094
.000146094
.000142969
.000114844
.000173437
.000146875
.000144531
.000151562
.000157031
.000147656
.0001625
.000139062
.000159375
.000160156
.000139062
.000132031
.000152344
.000125
.000132031
.000178906
.000175781
.000135156
.000144531
.000139062
.000148437
.000139062
.000127344
.000174219
.000151562
.000160937
.000129687
.000138281
.000144531
.000153125
.000150781
.000160937
.000124219
.000157812
.000145312
.000128125
.000141406
.000129687
.000126562
.000174219
.00014375
.000124219
.000152344
.000147656
.000160937
.000153125
.00015625
.000149219
.000161719
.000159375
.000139844
.000138281
.000155469
.000158594
.000164844
.000138281
.000142969
.0001375
.00018125
.00011875
.000146875
.000120312
.00014375
.000157812
.000141406
.000142969
.000140625
.000150781
.000153125
.0001375
.000121094
.000148437
.000158594
.000140625
.000144531
.000121875
.000120312
.000142969
.000150781
.000141406
.000122656
.000142969
.00015625
.000160937
.000128125
.000132812
.000141406
.000135156
.000164844
.000167187
.000154687
.00013125
.000154687
.000153125
.000160937
.000159375
.000132812
.00015625
.000164062
.000145312
.000145312
.000132031
.000155469
.000178125
.000157812
.000133594
.000124219
.000148437
.000149219
.000135937
.000159375
.000150781
.00013125
.0001875
.000128906
.000123437
.000128125
.000121094
.000139062
.000155469
.000132812
.000135937
.00013125
.000129687
.000151562
.000128906
.000153125
.000161719
.000146875
.000142187
.000142187
.000142187
.000133594
.000140625
.000124219
.00015
.00015625
.000149219
.000139062
.000160937
.000144531
.000149219
.00015625
.000149219
.00014375
.000138281
.000159375
.00014375
.000142187
.00014375
.00015
.000138281
.000155469
.000157812
.000128125
.000133594
.000171875
.00015625
.000158594
.000145312
.000135937
.000134375
.000160937
.000153125
.000144531
.000142969
.000140625
.000146094
.000136719
.0001625
.000133594
.000147656
.000129687
.000169531
.000154687
.0001875
.000139844
.000152344
.000142969
.000170312
.000140625
.000153125
.000139844
.000170312
.000147656
.000154687
.000159375
.000108594
.000169531
.000164062
.000159375
.000130469
.000157031
.000132812
.000144531
.00015625
.000129687
.00018125
.000146875
.000138281
.000154687
.000160937
.000139062
.00015
.000147656
.000164062
.000189062
.00015625
.0001875
.000142187
.000135156
.000164844
.000183594
.000186719
.000157812
.000142187
.000148437
.000139844
.000154687
.000160937
.000128125
.000160937
.000163281
.000144531
.000178906
.000166406
.000154687
.000155469
.000159375
.000159375
.000130469
.000151562
.000135937
.000135156
.000178906
.000160937
.000175
.0001625
.000161719
.000160156
.00014375
.000170312
.000144531
.00015625
.000159375
.000142969
.000155469
.000134375
.000178125
.000153125
.000144531
.000175
.000163281
.00015
.000150781
.000157812
.000160156
.000171094
.00018125
.000169531
.000164844
.00016875
.00014375
.000149219
.000160156
.000178906
.000183594
.000124219
.000202344
.000154687
.00016875
.000159375
.000146094
.000157812
.000167187
.000142969
.000129687
.000153906
.000175
.000165625
.000155469
.000146094
.000128125
.000160937
.000152344
.000151562
.000171875
.000171875
.000120312
.000128125
.000149219
.000160937
.000144531
.000158594
.000160937
.000194531
.000157812
.000125781
.000141406
.000140625
.000171875
.000141406
.000167969
.000164062
.00014375
.000150781
.000153906
.0001375
.000147656
.000154687
.000164062
.000172656
.000178906
.000153906
.000189844
.000140625
.000153906
.000142187
.000138281
.000173437
.000120312
.000144531
.000144531
.000153125
.000161719
.000180469
.0001625
.000167187
.000136719
.000167969
.000157031
.000183594
.000148437
.000134375
.000172656
.000174219
.000157031
.000139844
.000186719
.000171094
.000149219
.000135156
.000157031
.000157031
.000163281
.00015625
.000159375
.00014375
.000140625
.000160937
.000144531
.000167187
.000147656
.00015
.000133594
.000153125
.000155469
.000164844
.000164062
.000139844
.000185156
.00014375
.00016875
.000158594
.000148437
.000172656
.000153125
.000169531
.000147656
.00014375
.000178125
.000164062
.00015625
.00013125
.000134375
.000157812
.000160156
.000136719
.000130469
.000170312
.000172656
.000141406
.000149219
.000176562
.000128906
.000144531
.000142969
.000153906
.000165625
.000120312
.000152344
.000158594
.00015
.000157812
.000142969
.000144531
.000151562
.000174219
.000153906
.000165625
.00015
.000140625
.00015625
.000182812
.00018125
.000167187
.000132031
.000159375
.000148437
.000159375
.000149219
.000111719
.000142187
.000185937
.000139844
.000167969
.000129687
.000159375
.000160156
.000153906
.000149219
.000154687
.000115625
.000178125
.000145312
.000141406
.00019375
.000146875
.000161719
.000148437
.000152344
.000163281
.000171875
.000153125
.000150781
.000151562
.000138281
.000157812
.000164062
.000148437
.000161719
.000151562
.000130469
.000152344
.000139062
.000145312
.00015625
.000107031
.00015
.000174219
.000152344
.000149219
.000175
.000157812
.000148437
.000185937
.000180469
.000164062
.000157812
.000167969
.000167969
.000148437
.000164062
.000171094
.000153906
.000147656
.000130469
.000146094
.000183594
.00014375
.000150781
.000140625
.000133594
.000146094
.000145312
.000157031
.000157031
.000154687
.000142187
.000175
.00016875
.000135156
.000142187
.000141406
.000170312
.000153125
.000157031
.00015
.000151562
.00015625
.00016875
.000157031
.000171875
.00015
.000142187
.00015
.00015625
.000145312
.000144531
.000165625
.00015625
.000161719
.000167187
.000141406
.000149219
.000144531
.00014375
.000132031
.000166406
.000149219
.000139062
.0001625
.000135937
.00015625
.0001375
.000151562
.000157812
.000139062
.000145312
.000167969
.000155469
.000175
.000164844
.000154687
.00018125
.000164062
.000164062
.000147656
.000139844
.000170312
.000164844
.000129687
.00014375
.000114844
.000148437
.000136719
.000135937
.000135937
.000144531
.000146875
.000125
.00011875
.000120312
.000171875
.000140625
.000176562
.000157812
.000145312
.000174219
.000136719
.00015625
.000139844
.00016875
.000153906
.000165625
.000155469
.000152344
.000164844
.000158594
.000150781
.000142187
.000160156
.000147656
.000160937
.00015625
.000133594
.000172656
.000174219
.000157031
.000135937
.000142969
.000142187
.000177344
.000164062
.000148437
.000135937
.00015
.000161719
.000155469
.000135156
.000136719
.000167187
.000133594
.000149219
.000125781
.00015625
.00016875
.000160937
.000141406
.000174219
.000142969
.000160156
.000155469
.000146094
.00015625
.000183594
.000174219
.000171094
.00014375
.000134375
.000182031
.000155469
.000129687
.000125781
.0001375
.000135156
.000171094
.000133594
.00015625
.000155469
.0001625
.00014375
.000174219
.000146875
.000151562
.000163281
.000139844
.000133594
.000160937
.000145312
.000132812
.000177344
.000129687
.000142187
.000147656
.00015625
.000140625
.000152344
.000163281
.000136719
.000163281
.000141406
.000149219
.00015625
.000151562
.000125781
.000146094
.000138281
.000160156
.000172656
.000150781
.000146875
.000145312
.000146875
.000170312
.000178125
.000159375
.000159375
.000167969
.000167969
.000180469
.000179687
.000151562
.000157812
.00015625
.000171875
.000145312
.000146094
.000153906
.000138281
.000160937
.000157812
.000123437
.000136719
.00015625
.000154687
.000166406
.000140625
.00018125
.000149219
.000148437
.00015625
.000161719
.000146094
.000160156
.000139844
.000148437
.000138281
.000150781
.00015625
.000155469
.000146094
.000134375
.000145312
.000154687
.000130469
.000141406
.000171875
.000144531
.000190625
.000166406
.000142969
.000153906
.000153906
.000135937
.000142969
.000152344
.0001625
.000141406
.000159375
.000166406
.00015625
.000160156
.000153906
.000136719
.000125781
.000157031
.000130469
.000180469
.000160156
.000139062
.000167187
.000148437
.000178125
.000178125
.000133594
.0001375
.000174219
.000166406
.000134375
.000164844
.00015
.000136719
.000172656
.000133594
.000146875
.000160937
.0001375
.000153125
.000153906
.000154687
.000152344
.0001625
.000141406
.000165625
.00015
.000167187
.000164062
.000132031
.000140625
.000149219
.000138281
.000163281
.000155469
.000186719
.000142969
.000166406
.0001625
.000155469
.0001375
.000139844
.000167969
.000126562
.000170312
.000159375
.000145312
.000163281
.000164062
.000153906
.000140625
.000114844
.00016875
.000163281
.000160156
.00015
.000129687
.000153125
.000147656
.000132031
.000135937
.000128125
.000142187
.000121094
.000171875
.000136719
.000132812
.000169531
.000157812
.00015
.000132812
.000153125
.000155469
.000148437
.000160156
.000148437
.000157031
.000139062
.000148437
.0001875
.000135937
.00015
.000139844
.000135937
.000160156
.000147656
.000145312
.000154687
.000150781
.000149219
.000160937
.0001625
.000163281
.000134375
.000161719
.000178906
.000144531
.000165625
.0001625
.000138281
.000158594
.000142187
.000145312
.000134375
.000122656
.000166406
.00015625
.000158594
.000136719
.000171094
.000152344
.000171875
.000153906
.000146094
.000135937
.000164844
.000128906
.000146875
.000148437
.000145312
.000140625
.000134375
.00014375
.000144531
.000142969
.000163281
.000157031
.000147656
.000146875
.000157031
.000135937
.000141406
.000110156
.000159375
.0001375
.000138281
.00014375
.000147656
.000142969
.000154687
.000140625
.000164062
.000141406
.000138281
.000171094
.000172656
.000157812
.000110937
.0001625
.000147656
.00015
.000142187
.000144531
.00016875
.000138281
.000148437
.000140625
.000163281
.000167969
.000172656
.000170312
.000182031
.000161719
.000138281
.000152344
.000121875
.000155469
.000153125
.000142187
.000154687
.000145312
.000135937
.000169531
.000157031
.000153125
.000130469
.000157812
.000178906
.000164844
.000149219
.0001625
.000147656
.000151562
.000135156
.000139844
.000139844
.00014375
.00014375
.000161719
.000133594
.000148437
.000124219
.0001625
.000142969
.000163281
.000166406
.00014375
.000163281
.000141406
.000153906
.000136719
.000160156
.000150781
.000153906
.00013125
.000157031
.000148437
.000146094
.00015625
.00014375
.000155469
.000121875
.000146875
.000160937
.000161719
.000144531
.000160156
.000178125
.000176562
.000154687
.000128906
.000175781
.000164844
.000132031
.000126562
.000144531
.000151562
.000174219
.000138281
.000174219
.000146094
.000172656
.000147656
.000148437
.000161719
.000157812
.000142969
.000167969
.000166406
.000153125
.000135937
.000144531
.000176562
.000136719
.000132812
.000141406
.000136719
.0001375
.000148437
.000174219
.000161719
.00015
.000150781
.000160937
.000142187
.000153125
.000165625
.000183594
.000176562
.000135937
.000149219
.000138281
.000165625
.000142969
.000135156
.000163281
.00014375
.000158594
.000151562
.000151562
.00014375
.000142969
.000138281
.0001375
.000160937
.000155469
.00014375
.000130469
.000121094
.000171875
.000153906
.000151562
.000158594
.000135937
.000148437
.000160156
.000136719
.000149219
.000130469
.000153125
.000154687
.000147656
.000151562
.000160156
.0001625
.000147656
.000125
.000146094
.000123437
.000159375
.0001625
.000142187
.00014375
.000152344
.000125
.000160937
.000142187
.000150781
.00015625
.000164844
.000144531
.000153125
.000136719
.000160937
.000165625
.000153125
.000166406
.000164844
.000153906
.000157812
.000123437
.0001625
.000155469
.000147656
.000149219
.000165625
.000132812
.000133594
.000172656
.000148437
.000167187
.000153125
.000151562
.000160156
.000169531
.000175
.000150781
.000157031
.000157812
.000166406
.000169531
.000133594
.000130469
.000138281
.000141406
.000163281
.00014375
.000127344
.000157812
.000164844
.000160937
.000103906
.000146094
.000153125
.000123437
.000127344
.000142187
.00015625
.00014375
.000170312
.000138281
.000158594
.000130469
.000173437
.000132812
.000142187
.00016875
.000175781
.000139844
.000128906
.000140625
.000142969
.000172656
.000142187
.000153906
.000138281
.000122656
.00014375
.000166406
.000163281
.000116406
.000135156
.00013125
.000163281
.000155469
.000141406
.000155469
.000153125
.000155469
.000160937
.000142969
.000140625
.000151562
.000158594
.000141406
.00014375
.000134375
.000114844
.00013125
.000134375
.000166406
.000122656
.000151562
.000126562
.000154687
.000185156
.000149219
.00016875
.000142969
.000121875
.000129687
.000164844
.000164062
.000135156
.000157812
.000157812
.000150781
.000152344
.000125781
.000146875
.00015
.00015
.000126562
.000144531
.000164844
.000158594
.000148437
.000140625
.000142187
.000155469
.000148437
.000172656
.000152344
.000157031
.000126562
.00014375
.000149219
.000120312
.000150781
.000147656
.000142187
.000135156
.000164844
.000148437
.000160937
.000140625
.000120312
.000164844
.000117187
.000153125
.000134375
.000161719
.00015625
.000135156
.000164844
.00015
.000167969
.000139844
.000135156
.000147656
.00015
.000153125
.000150781
.000149219
.000153906
.000155469
.000157812
.0001625
.000160937
.000161719
.000166406
.000150781
.000127344
.000163281
.000153125
.000140625
.000155469
.000132812
.000153906
.000164062
.000164844
.000160937
.000152344
.000127344
.000164062
.0001375
.000142969
.000157031
.000157812
.000152344
.000180469
.000129687
.000117969
.000142969
.000172656
.000153125
.000142187
.000132812
.000155469
.000160156
.000142969
.000171094
.000149219
.000135937
.00015
.0001375
.000158594
.00015625
.000133594
.000152344
.000153906
.000139062
.000146094
.000153906
.000158594
.00013125
.000153906
.000138281
.000142187
.000147656
.0001125
.000178906
.000152344
.000155469
.00015625
.000128906
.000158594
.000141406
.000141406
.000148437
.000142969
.000139844
.00014375
.00015
.000170312
.0001625
.000147656
.000141406
.000145312
.000139062
.000170312
.000146875
.000142187
.000150781
.000153906
.000160156
.000132031
.000160937
.000133594
.000148437
.000157812
.000150781
.000133594
.000165625
.000153125
.000157812
.000161719
.0001625
.000104687
.000155469
.000142187
.000160937
.000159375
.000163281
.000165625
.000129687
.00014375
.000138281
.000178125
.000172656
.000151562
.000133594
.0001375
.000159375
.000167969
.000135937
.000152344
.000160156
.000139844
.000142187
.000155469
.000149219
.00015
.000144531
.000144531
.000163281
.000146094
.000141406
.0001625
.000145312
.000133594
.000153125
.000142969
.000169531
.000145312
.000155469
.000160156
.000164062
.000135937
.000129687
.000150781
.0001875
.000155469
.000178125
.000141406
.000146094
.000139844
.000135156
.000153125
.000142187
.000142969
.000153906
.00015
.000140625
.000133594
.000151562
.000157812
.000153125
.00015
.000136719
.000155469
.000142187
.000142969
.000141406
.000147656
.00015625
.000146094
.000121094
.000135937
.0001625
.000152344
.00013125
.000161719
.00015
.000157812
.000161719
.000135937
.000151562
.00013125
.000171094
.000142969
.00013125
.000153906
.000153125
.000160937
.00014375
.000125
.000135156
.000152344
.000160937
.000160156
.000152344
.000146875
.000160937
.000123437
