2500
2.e-09
250
.4953
.000632814
.000507814
.000554689
.000515627
.000453127
.000507814
.000515627
.000539064
.000679689
.000484377
.000601564
.000625002
.000460939
.000656252
.000382814
.000679689
.000539064
.000593752
.000632814
.000570314
.000476564
.000476564
.000578127
.000710939
.000695314
.000476564
.000570314
.000710939
.000648439
.000507814
.000609377
.000554689
.000500002
.000523439
.000617189
.000546877
.000593752
.000460939
.000523439
.000500002
.000664064
.000640627
.000562502
.000507814
.000578127
.000648439
.000601564
.000492189
.000539064
.000523439
.000531252
.000531252
.000570314
.000445314
.000578127
.000507814
.000632814
.000671877
.000445314
.000593752
.000656252
.000625002
.000507814
.000570314
.000726564
.000562502
.000523439
.000593752
.000515627
.000562502
.000656252
.000382814
.000492189
.000570314
.000664064
.000546877
.000609377
.000593752
.000476564
.000625002
.000531252
.000414064
.000585939
.000687502
.000734377
.000484377
.000601564
.000429689
.000546877
.000578127
.000617189
.000531252
.000554689
.000593752
.000460939
.000593752
.000515627
.000437502
.000601564
.000562502
.000460939
.000437502
.000601564
.000460939
.000554689
.000507814
.000601564
.000710939
.000476564
.000414064
.000500002
.000632814
.000617189
.000500002
.000601564
.000476564
.000593752
.000546877
.000601564
.000468752
.000625002
.000718752
.000578127
.000601564
.000390627
.000710939
.000515627
.000601564
.000593752
.000484377
.000523439
.000640627
.000515627
.000585939
.000539064
.000601564
.000539064
.000492189
.000515627
.000507814
.000578127
.000640627
.000437502
.000523439
.000632814
.000570314
.000593752
.000593752
.000539064
.000539064
.000554689
.000554689
.000578127
.000554689
.000562502
.000546877
.000578127
.000562502
.000585939
.000476564
.000593752
.000445314
.000687502
.000476564
.000500002
.000617189
.000507814
.000687502
.000710939
.000585939
.000570314
.000476564
.000570314
.000703127
.000609377
.000539064
.000359377
.000445314
.000718752
.000617189
.000429689
.000429689
.000531252
.000625002
.000531252
.000546877
.000609377
.000757814
.000632814
.000382814
.000601564
.000664064
.000570314
.000656252
.000468752
.000390627
.000562502
.000515627
.000515627
.000476564
.000507814
.000492189
.000578127
.000539064
.000492189
.000539064
.000515627
.000539064
.000617189
.000523439
.000445314
.000492189
.000515627
.000492189
.000648439
.000593752
.000453127
.000453127
.000453127
.000500002
.000601564
.000453127
.000546877
.000570314
.000750002
.000585939
.000546877
.000625002
.000468752
.000601564
.000476564
.000429689
.000601564
.000335939
.000343752
.000687502
.000546877
.000726564
.000578127
.000593752
.000625002
.000625002
.000531252
.000578127
.000679689
.000468752
.000593752
.000523439
.000437502
.000585939
.000546877
.000476564
.000632814
.000750002
.000617189
.000460939
.000515627
.000640627
.000578127
.000484377
.000507814
.000515627
.000515627
.000476564
.000539064
.000554689
.000625002
.000593752
.000601564
.000679689
.000718752
.000515627
.000656252
.000656252
.000609377
.000867189
.000945314
.000820314
.00116406
.0013125
.00148438
.0016875
.00204688
.0024375
.00290625
.00336719
.00390625
.00482031
.00571875
.00671094
.00796094
.00916406
.0108125
.0126641
.0145547
.0165938
.0191094
.0214453
.0238281
.0264219
.0289609
.0315234
.033375
.0345469
.035125
.0349531
.0341484
.0327344
.0306406
.0286016
.0257344
.0232031
.0204531
.0178672
.0149531
.0116641
.00886719
.00603125
.00317969
.000484377
-.00217969
-.0046875
-.00749219
-.0096875
-.0123203
-.0145
-.016875
-.0191562
-.0211562
-.0233906
-.0252812
-.0274687
-.0290937
-.0308906
-.0328672
-.0343594
-.0355
-.0369687
-.0387187
-.0399687
-.0411719
-.0423047
-.0430547
-.04425
-.0450469
-.0459062
-.0465859
-.0470234
-.0475156
-.0479687
-.0481484
-.0482969
-.0480703
-.0479609
-.0475937
-.0469687
-.0462266
-.0451406
-.0439453
-.0424609
-.0405156
-.0378672
-.0350937
-.0318594
-.0276172
-.0224297
-.0157812
.000242189
.110391
.20843
.162547
.157187
.140469
.123398
.113187
.0997344
.0898672
.0805078
.0715
.0633672
.0562109
.0503828
.0431328
.0376953
.0322266
.0270703
.0223516
.0178984
.0135625
.00953906
.00582031
.001875
-.0015
-.00436719
-.00794531
-.0106328
-.0132344
-.0158594
-.0187969
-.0213047
-.0233359
-.0259219
-.0281094
-.0298437
-.0318828
-.0337969
-.0352812
-.0369687
-.0386094
-.0401484
-.0414687
-.0426953
-.0439531
-.0448437
-.0459453
-.0467734
-.0477422
-.0484141
-.0489609
-.0494375
-.0499453
-.0500703
-.05025
-.0500781
-.0498125
-.0495312
-.0488047
-.0480625
-.0469922
-.0458281
-.0441094
-.0426094
-.0403437
-.0374766
-.0342656
-.0305703
-.0260078
-.0203359
-.0129844
.00179688
.0910469
.195945
.155781
.148109
.134555
.117727
.107961
.0955078
.0860391
.0772344
.0685781
.061
.0538672
.0486953
.0415547
.0365547
.0314453
.0264219
.0218516
.0175313
.0134531
.00934375
.00589063
.00225781
-.00102344
-.00372656
-.00720312
-.00991406
-.0124687
-.0148984
-.0177109
-.0201797
-.0222969
-.0245234
-.0267656
-.0286406
-.0302734
-.0323281
-.0339609
-.0354375
-.0367656
-.0384375
-.04
-.0411719
-.0425234
-.0433047
-.0442734
-.0449453
-.0460859
-.0466953
-.04725
-.0475625
-.0479297
-.0481094
-.0483203
-.0480703
-.0477734
-.0475156
-.0469531
-.0461953
-.0451172
-.0438125
-.0423203
-.0404219
-.0381406
-.0355
-.0321484
-.0282969
-.0234141
-.0177266
-.0101719
.00869531
.114273
.188555
.149234
.145328
.129258
.114156
.104852
.0925547
.0837266
.0747813
.06675
.0590234
.0524531
.0467969
.0400625
.0352266
.0299844
.0252813
.0206172
.0164531
.0123672
.00842969
.00477344
.00117188
-.00186719
-.00508594
-.00816406
-.0108594
-.0133281
-.0159219
-.0187031
-.0210703
-.0231719
-.0253203
-.0275703
-.0294297
-.0311016
-.0332266
-.0346328
-.0362578
-.0377187
-.0391797
-.0406562
-.0419062
-.0430625
-.0439922
-.0448594
-.0457031
-.0466172
-.0471797
-.0476562
-.0480547
-.0483281
-.0485312
-.0484687
-.0482187
-.047875
-.0473984
-.0469297
-.0460234
-.0449141
-.0433984
-.0417734
-.0398047
-.0371875
-.0342187
-.0304219
-.0263047
-.0209375
-.0141953
-.0044375
.0470391
.180289
.165867
.146031
.139695
.120633
.109539
.0985078
.0875312
.0789297
.0700469
.0626719
.0547422
.0499688
.0428828
.0374219
.0323516
.0271016
.022375
.0182813
.0138906
.00978125
.00610156
.00267188
-.000914061
-.00372656
-.00723437
-.00988281
-.0125
-.0149766
-.0177344
-.0202109
-.0224922
-.0245781
-.0267734
-.0288672
-.0304844
-.0325703
-.0341641
-.0357734
-.0371875
-.0388359
-.0402969
-.0414141
-.0427422
-.0436484
-.0446875
-.0456328
-.0462969
-.0471641
-.0474844
-.0480859
-.0484531
-.0485469
-.0485
-.0485312
-.0482187
-.0478516
-.0471875
-.0463594
-.0454609
-.0440234
-.0424766
-.0405781
-.0381562
-.0352891
-.0322109
-.0281719
-.0231094
-.0170078
-.0093125
.0141406
.131625
.186172
.148656
.145305
.127617
.113508
.10418
.0915703
.0828281
.0737422
.0659219
.0582188
.0520469
.0460547
.0394297
.0346953
.0294219
.0246406
.0200547
.0156953
.0116953
.00782813
.00442188
.000820314
-.00232031
-.00559375
-.00864844
-.0113672
-.0139141
-.0163984
-.0193437
-.0216172
-.0236953
-.0258828
-.0280391
-.0298125
-.0316016
-.0334531
-.0349062
-.0365781
-.0381406
-.0397187
-.0409375
-.0422031
-.0432891
-.0442891
-.0452812
-.0458281
-.0467266
-.0473906
-.0479219
-.0482031
-.0484609
-.0486172
-.0486094
-.0482891
-.0478828
-.0474297
-.0468125
-.0459687
-.0447109
-.0432578
-.041625
-.0393281
-.0365781
-.0336719
-.0298359
-.0253828
-.0200312
-.0129453
-.00123437
.0653672
.188031
.159172
.145836
.136531
.118344
.108211
.0965781
.0864844
.0778203
.0692422
.0616094
.0542188
.0493516
.0421328
.0369375
.0315234
.0266484
.0219766
.0176484
.0135703
.00940625
.00599219
.00225
-.00111719
-.00398437
-.00732031
-.0101016
-.0127031
-.0151797
-.0180234
-.0205234
-.0227031
-.0246172
-.0269375
-.0291172
-.0307187
-.0328047
-.0342734
-.0357891
-.0372812
-.0390078
-.0403203
-.0415859
-.0428203
-.0437109
-.04475
-.0455469
-.0462891
-.0471719
-.0475156
-.0480547
-.0483594
-.0484062
-.0485781
-.0485
-.048125
-.0476875
-.0471797
-.0463047
-.0449922
-.0437969
-.0422734
-.0403984
-.03775
-.0349453
-.0315
-.0273437
-.0222109
-.015875
-.00760937
.0231953
.150609
.178281
.146289
.143281
.124406
.111758
.102016
.0901094
.0817422
.0725
.0649063
.0571328
.0514844
.045
.0388906
.0339531
.0286719
.0238359
.0195625
.0152188
.0112266
.00732031
.00373438
.000273439
-.00278125
-.00603125
-.00890625
-.0117187
-.0141797
-.0167109
-.0193984
-.0216953
-.0238594
-.0260469
-.0283203
-.0300781
-.0320469
-.0336484
-.0350937
-.0367578
-.0384219
-.0399375
-.0410781
-.0422812
-.0433984
-.0443594
-.0452891
-.0461094
-.0468672
-.0471875
-.0479766
-.048375
-.0485312
-.0486484
-.0488125
-.0483906
-.048125
-.04775
-.0470312
-.0460469
-.0450937
-.0437969
-.0423281
-.0405156
-.0382969
-.0356094
-.0326953
-.0291328
-.0250859
-.0204687
-.0145781
-.00763281
.000718752
.0123438
.0305156
.0628906
.0955937
.0997812
.0938125
.0876953
.0800312
.073
.0667422
.0610078
.0554922
.0504297
.0458984
.0418438
.0379766
.0345469
.0309766
.0279531
.0251172
.022375
.0200313
.01775
.0156016
.0136641
.0116484
.00982813
.00814844
.00655469
.00494531
.00390625
.00271094
.00167188
.000382814
-.000710936
-.00144531
-.00235156
-.00303125
-.00375781
-.00452344
-.00532031
-.00605469
-.00667187
-.0070625
-.00783594
-.00808594
-.00842969
-.00883594
-.00909375
-.00921094
-.00953906
-.00984375
-.0100234
-.0101797
-.0105703
-.0105312
-.0106953
-.0107109
-.0108359
-.0109453
-.0107891
-.0109453
-.010875
-.0108203
-.0107969
-.0107422
-.0105156
-.0103906
-.0102344
-.0101016
-.00985156
-.00957031
-.00922656
-.009
-.00871875
-.00834375
-.00796094
-.00755469
-.00692187
-.00642187
-.00554687
-.00474219
-.00395312
-.00315625
-.00248437
-.00157812
-.000671873
.000382814
.00136719
.0023125
.00336719
.00446094
.00545313
.00638281
.00739063
.00822656
.00898438
.00989063
.010625
.0108438
.0114609
.0116797
.0119063
.0120547
.0118594
.0117656
.0114063
.0111563
.0105859
.00997656
.00940625
.00870313
.008125
.00742969
.00684375
.00596875
.00526563
.0044375
.00370313
.00308594
.002375
.0016875
.000945314
.000437502
-.000312498
-.00110937
-.00148437
-.00200781
-.00242187
-.00282812
-.003
-.00339062
-.00378125
-.00401562
-.00421094
-.00451562
-.00478125
-.00475781
-.00484375
-.0049375
-.00498437
-.00497656
-.00484375
-.00473437
-.00442187
-.00421094
-.00392969
-.00390625
-.00339062
-.00325781
-.002875
-.0025625
-.00223437
-.00190625
-.00144531
-.00121094
-.000796873
-.000429686
-2.34356e-05
.000539064
.000945314
.00126563
.00157031
.00196094
.002125
.00241406
.00255469
.00282813
.00275781
.00301563
.003
.00323438
.00314063
.00319531
.00298438
.00310156
.0030625
.00280469
.00272656
.00269531
.00254688
.00251563
.00222656
.00216406
.00190625
.001875
.00178906
.00142188
.00148438
.00128906
.00113281
.001125
.000945314
.000656252
.000679689
.000640627
.000304689
.000437502
.000281252
.000265627
.000148439
.000187502
.000117189
.000117189
-4.68731e-05
-.000101561
-.000156248
-.000156248
-.000195311
-.000171873
-.000164061
-.000101561
-.000304686
-.000117186
-1.56231e-05
7.81441e-06
-.000210936
-.000203123
-7.03106e-05
1.90735e-09
-6.24981e-05
-1.56231e-05
-.000101561
-8.59356e-05
7.81441e-06
1.56269e-05
8.59394e-05
2.34394e-05
-7.81231e-05
2.34394e-05
-.000109373
3.12519e-05
7.03144e-05
.000187502
3.12519e-05
9.37519e-05
5.46894e-05
.000125002
6.25019e-05
-2.34356e-05
8.59394e-05
7.81441e-06
1.90735e-09
.000234377
.000320314
.000281252
9.37519e-05
.000460939
.000296877
.000343752
.000523439
.000437502
.000453127
.000703127
.000375002
.000750002
.000757814
.000875002
.000757814
.000671877
.000875002
.000968752
.000710939
.000898439
.000882814
.001
.000906252
.000960939
.00103906
.000875002
.000890627
.00102344
.000789064
.000835939
.000914064
.000695314
.000820314
.000765627
.000789064
.000593752
.000726564
.000742189
.000640627
.000632814
.000617189
.000500002
.000515627
.000445314
.000484377
.000429689
.000351564
.000312502
.000335939
.000421877
.000421877
.000335939
.000351564
.000414064
.000476564
.000523439
.000367189
.000320314
.000351564
.000554689
.000468752
.000500002
.000570314
.000437502
.000367189
.000625002
.000484377
.000429689
.000460939
.000617189
.000421877
.000476564
.000500002
.000601564
.000531252
.000640627
.000617189
.000648439
.000664064
.000531252
.000656252
.000734377
.000601564
.000585939
.000687502
.000585939
.000578127
.000398439
.000609377
.000585939
.000523439
.000429689
.000484377
.000546877
.000570314
.000437502
.000453127
.000359377
.000570314
.000531252
.000328127
.000375002
.000289064
.000250002
.000460939
.000335939
.000304689
.000148439
.000187502
.000476564
.000187502
.000171877
.000125002
7.81441e-06
.000273439
.000187502
4.68769e-05
-3.90606e-05
3.12519e-05
.000242189
.000210939
.000218752
9.37519e-05
.000218752
9.37519e-05
.000335939
.000304689
.000156252
6.25019e-05
.000328127
.000359377
.000398439
.000414064
.000257814
.000281252
.000367189
.000320314
.000375002
.000531252
.000414064
.000367189
.000367189
.000507814
.000632814
.000546877
.000492189
.000593752
.000531252
.000507814
.000656252
.000625002
.000664064
.000710939
.000921877
.000718752
.000718752
.000750002
.000843752
.000820314
.000640627
.000820314
.000625002
.000914064
.000875002
.000773439
.000796877
.000679689
.000593752
.000726564
.000632814
.000828127
.000632814
.000640627
.000578127
.000507814
.000570314
.000625002
.000648439
.000531252
.000250002
.000445314
.000265627
.000484377
.000406252
.000351564
.000289064
.000335939
.000437502
.000453127
.000242189
.000250002
.000281252
.000304689
.000273439
.000171877
.000304689
9.37519e-05
.000335939
.000312502
.000187502
.000273439
.000367189
.000406252
.000335939
.000210939
.000460939
.000546877
.000421877
.000351564
.000296877
.000539064
.000460939
.000476564
.000476564
.000601564
.000523439
.000617189
.000593752
.000664064
.000523439
.000531252
.000601564
.000726564
.000640627
.000601564
.000625002
.000734377
.000562502
.000445314
.000429689
.000609377
.000648439
.000554689
.000554689
.000429689
.000476564
.000531252
.000468752
.000671877
.000437502
.000367189
.000437502
.000453127
.000414064
.000351564
.000375002
.000414064
.000554689
.000257814
.000437502
.000429689
.000281252
.000335939
.000148439
.000351564
.000328127
.000203127
.000140627
.000265627
.000242189
.000367189
.000328127
.000367189
.000359377
.000460939
.000250002
.000460939
.000359377
.000351564
.000562502
.000367189
.000296877
.000367189
.000335939
.000460939
.000398439
.000468752
.000382814
.000656252
.000468752
.000421877
.000351564
.000382814
.000562502
.000703127
.000664064
.000671877
.000546877
.000695314
.000695314
.000750002
.000671877
.000718752
.000562502
.000617189
.000710939
.000656252
.000796877
.000507814
.000679689
.000734377
.000671877
.000757814
.000703127
.000515627
.000656252
.000781252
.000695314
.000671877
.000718752
.000375002
.000617189
.000531252
.000437502
.000531252
.000640627
.000515627
.000601564
.000476564
.000507814
.000554689
.000304689
.000453127
.000367189
.000359377
.000367189
.000453127
.000421877
.000421877
.000539064
.000390627
.000601564
.000585939
.000484377
.000335939
.000312502
.000562502
.000554689
.000445314
.000382814
.000335939
.000437502
.000453127
.000351564
.000554689
.000492189
.000507814
.000515627
.000671877
.000609377
.000445314
.000593752
.000554689
.000578127
.000601564
.000593752
.000656252
.000734377
.000507814
.000679689
.000703127
.000828127
.000757814
.000656252
.000554689
.000664064
.000625002
.000703127
.000726564
.000359377
.000625002
.000625002
.000617189
.000562502
.000484377
.000421877
.000609377
.000609377
.000585939
.000328127
.000304689
.000507814
.000328127
.000546877
.000273439
.000429689
.000515627
.000382814
.000453127
.000445314
.000375002
.000539064
.000375002
.000390627
.000468752
.000507814
.000484377
.000335939
.000351564
.000335939
.000515627
.000476564
.000507814
.000351564
.000468752
.000476564
.000601564
.000562502
.000367189
.000421877
.000570314
.000445314
.000351564
.000484377
.000617189
.000445314
.000468752
.000367189
.000625002
.000625002
.000562502
.000468752
.000468752
.000476564
.000593752
.000414064
.000554689
.000632814
.000718752
.000679689
.000648439
.000484377
.000585939
.000414064
.000546877
.000601564
.000476564
.000476564
.000523439
.000414064
.000343752
.000523439
.000335939
.000539064
.000523439
.000554689
.000429689
.000398439
.000429689
.000453127
.000429689
.000296877
.000421877
.000320314
.000570314
.000507814
.000390627
.000335939
.000507814
.000382814
.000492189
.000476564
.000398439
.000281252
.000445314
.000289064
.000382814
.000281252
.000359377
.000695314
.000492189
.000343752
.000382814
.000507814
.000609377
.000523439
.000382814
.000546877
.000648439
.000507814
.000539064
.000460939
.000570314
.000554689
.000437502
.000484377
.000625002
.000507814
.000632814
.000578127
.000601564
.000679689
.000507814
.000585939
.000585939
.000531252
.000570314
.000507814
.000531252
.000710939
.000531252
.000679689
.000570314
.000562502
.000656252
.000671877
.000593752
.000648439
.000742189
.000484377
.000445314
.000609377
.000726564
.000562502
.000429689
.000609377
.000546877
.000625002
.000437502
.000617189
.000671877
.000562502
.000609377
.000445314
.000484377
.000539064
.000507814
.000664064
.000453127
.000468752
.000515627
.000492189
.000609377
.000484377
.000476564
.000476564
.000585939
.000421877
.000500002
.000664064
.000351564
.000523439
.000468752
.000367189
.000414064
.000460939
.000601564
.000554689
.000460939
.000679689
.000570314
.000570314
.000546877
.000523439
.000531252
.000539064
.000593752
.000500002
.000601564
.000515627
.000445314
.000601564
.000695314
.000554689
.000718752
.000523439
.000593752
.000648439
.000695314
.000640627
.000562502
.000609377
.000789064
.000734377
.000601564
.000718752
.000585939
.000734377
.000648439
.000695314
.000546877
.000656252
.000687502
.000578127
.000539064
.000593752
.000562502
.000632814
.000648439
.000710939
.000484377
.000578127
.000562502
.000539064
.000406252
.000437502
.000531252
.000453127
.000578127
.000617189
.000546877
.000617189
.000632814
.000554689
.000484377
.000460939
.000671877
.000500002
.000562502
.000460939
.000390627
.000578127
.000617189
.000601564
.000664064
.000585939
.000570314
.000710939
.000695314
.000562502
.000507814
.000632814
.000632814
.000578127
.000640627
.000578127
.000429689
.000476564
.000476564
.000632814
.000492189
.000476564
.000664064
.000437502
.000570314
.000554689
.000468752
.000515627
.000484377
.000515627
.000500002
.000710939
.000609377
.000601564
.000390627
.000703127
.000562502
.000601564
.000671877
.000632814
.000585939
.000484377
.000578127
.000617189
.000554689
.000523439
.000773439
.000750002
.000515627
.000515627
.000765627
.000609377
.000601564
.000648439
.000507814
.000679689
.000765627
.000750002
.000664064
.000468752
.000742189
.000656252
.000507814
.000710939
.000703127
.000617189
.000726564
.000632814
.000742189
.000531252
.000617189
.000546877
.000500002
.000640627
.000726564
.000453127
.000507814
.000617189
.000562502
.000601564
.000601564
.000718752
.000593752
.000484377
.000765627
.000632814
.000531252
.000460939
.000507814
.000570314
.000679689
.000703127
.000578127
.000578127
.000593752
.000632814
.000710939
.000531252
.000640627
.000601564
.000695314
.000773439
.000554689
.000390627
.000570314
.000585939
.000609377
.000687502
.000421877
.000546877
.000523439
.000632814
.000601564
.000648439
.000429689
.000585939
.000648439
.000468752
.000585939
.000515627
.000507814
.000539064
.000421877
.000609377
.000539064
.000523439
.000640627
.000570314
.000500002
.000789064
.000609377
.000539064
.000531252
.000625002
.000523439
.000726564
.000539064
.000500002
.000632814
.000453127
.000625002
.000562502
.000531252
.000539064
.000742189
.000632814
.000773439
.000609377
.000617189
.000570314
.000601564
.000632814
.000554689
.000500002
.000625002
.000648439
.000460939
.000609377
.000703127
.000640627
.000515627
.000609377
.000578127
.000726564
.000351564
.000656252
.000687502
.000687502
.000679689
.000656252
.000593752
.000539064
.000601564
.000703127
.000648439
.000523439
.000531252
.000679689
.000609377
.000656252
.000648439
.000406252
.000554689
.000609377
.000578127
.000578127
.000531252
.000601564
.000539064
.000562502
.000453127
.000523439
.000359377
.000531252
.000507814
.000664064
.000554689
.000648439
.000640627
.000585939
.000570314
.000703127
.000679689
.000703127
.000664064
.000546877
.000562502
.000390627
.000445314
.000640627
.000601564
.000617189
.000609377
.000640627
.000460939
.000523439
.000632814
.000578127
.000578127
.000703127
.000679689
.000593752
.000656252
.000664064
.000648439
.000593752
.000593752
.000539064
.000765627
.000742189
.000531252
.000601564
.000546877
.000695314
.000679689
.000757814
.000734377
.000609377
.000531252
.000687502
.000648439
.000742189
.000585939
.000523439
.000742189
.000625002
.000718752
.000664064
.000632814
.000695314
.000601564
.000453127
.000601564
.000648439
.000515627
.000578127
.000546877
.000593752
.000695314
.000601564
.000539064
.000570314
.000578127
.000414064
.000585939
.000476564
.000515627
.000492189
.000601564
.000531252
.000625002
.000601564
.000593752
.000554689
.000609377
.000664064
.000570314
.000695314
.000648439
.000601564
.000671877
.000695314
.000593752
.000523439
.000687502
.000664064
.000640627
.000625002
.000671877
.000609377
.000593752
.000601564
.000804689
.000656252
.000734377
.000570314
.000718752
.000718752
.000492189
.000695314
.000632814
.000687502
.000656252
.000609377
.000617189
.000718752
.000578127
.000531252
.000687502
.000703127
.000484377
.000453127
.000664064
.000625002
.000601564
.000585939
.000601564
.000632814
.000687502
.000695314
.000523439
.000546877
.000507814
.000726564
.000664064
.000570314
.000640627
.000648439
.000718752
.000625002
.000562502
.000679689
.000679689
.000703127
.000562502
.000585939
.000687502
.000578127
.000648439
.000671877
.000632814
.000570314
.000757814
.000578127
.000554689
.000500002
.000687502
.000765627
.000695314
.000593752
.000539064
.000671877
.000828127
.000648439
.000625002
.000492189
.000617189
.000609377
.000625002
.000484377
.000539064
.000601564
.000617189
.000523439
.000531252
.000640627
.000554689
.000593752
.000679689
.000601564
.000570314
.000578127
.000554689
.000632814
.000601564
.000484377
.000710939
.000664064
.000664064
.000640627
.000671877
.000648439
.000546877
.000671877
.000718752
.000656252
.000500002
.000585939
.000625002
.000703127
.000703127
.000820314
.000554689
.000554689
.000695314
.000617189
.000718752
.000562502
.000617189
.000515627
.000593752
.000726564
.000773439
.000640627
.000578127
.000742189
.000664064
.000640627
.000546877
.000617189
.000632814
.000789064
.000742189
.000609377
.000585939
.000593752
.000671877
.000687502
.000562502
.000585939
.000648439
.000632814
.000757814
.000718752
.000710939
.000664064
.000757814
.000656252
.000554689
.000625002
.000820314
.000570314
.000695314
.000640627
.000601564
.000695314
.000609377
.000562502
.000539064
.000656252
.000781252
.000617189
.000617189
.000656252
.000820314
.000804689
.000679689
.000578127
.000601564
.000562502
.000718752
.000562502
.000515627
.000500002
.000726564
.000710939
.000648439
.000757814
.000679689
.000671877
.000664064
.000679689
.000554689
.000773439
.000671877
.000695314
.000515627
.000687502
.000609377
.000656252
.000453127
.000554689
.000742189
.000507814
.000695314
.000578127
.000664064
.000578127
.000453127
.000664064
.000718752
.000585939
.000718752
.000609377
.000703127
.000609377
.000656252
.000679689
.000585939
.000601564
.000601564
.000664064
.000703127
.000601564
.000601564
.000703127
.000507814
.000578127
.000703127
.000750002
.000601564
.000820314
.000531252
.000578127
.000648439
.000460939
.000632814
.000656252
.000578127
.000554689
.000671877
.000500002
.000460939
.000656252
.000578127
.000625002
.000570314
.000460939
.000609377
.000601564
.000578127
.000632814
.000578127
.000437502
.000742189
.000546877
.000601564
.000648439
.000500002
.000531252
.000648439
.000492189
.000585939
.000578127
.000476564
.000476564
.000609377
.000671877
.000578127
.000679689
.000585939
.000570314
.000585939
.000734377
.000601564
.000429689
.000437502
.000578127
.000617189
.000523439
.000531252
.000671877
.000625002
.000640627
.000578127
.000710939
.000460939
.000648439
.000640627
.000570314
.000578127
.000476564
.000484377
.000484377
.000742189
.000562502
.000554689
.000710939
.000656252
.000484377
.000500002
.000523439
.000585939
.000757814
.000796877
.000585939
.000484377
.000554689
.000648439
.000585939
.000671877
.000531252
.000539064
.000601564
.000742189
.000617189
.000554689
.000539064
.000546877
.000593752
.000593752
.000703127
.000679689
.000476564
.000656252
.000601564
.000593752
.000539064
.000601564
.000617189
.000679689
.000640627
.000492189
.000601564
.000671877
.000585939
.000617189
.000531252
.000640627
.000421877
.000593752
.000476564
.000773439
.000734377
.000593752
.000726564
.000679689
.000523439
.000601564
.000710939
.000578127
.000593752
.000562502
.000710939
.000562502
.000585939
.000500002
.000398439
.000492189
.000640627
.000593752
.000562502
.000617189
.000671877
.000585939
.000632814
.000703127
.000609377
.000531252
.000703127
.000796877
.000726564
.000546877
.000601564
.000632814
.000578127
.000578127
.000671877
.000398439
.000687502
.000562502
.000664064
.000632814
.000484377
.000601564
.000640627
.000546877
.000453127
.000632814
.000625002
.000515627
.000554689
.000757814
.000507814
.000546877
.000601564
.000664064
.000695314
.000546877
.000500002
.000734377
.000617189
.000617189
.000812502
.000640627
.000507814
.000460939
.000523439
.000531252
.000687502
.000507814
.000539064
.000562502
.000585939
.000679689
.000664064
.000554689
.000617189
.000601564
.000484377
.000515627
.000640627
.000601564
.000429689
.000523439
.000507814
.000593752
.000593752
.000445314
.000523439
.000484377
.000671877
.000750002
.000640627
.000585939
.000421877
.000609377
.000382814
.000585939
.000507814
.000546877
.000531252
.000578127
.000601564
.000492189
.000601564
.000664064
.000562502
.000601564
.000601564
.000664064
.000593752
.000492189
.000625002
.000601564
.000664064
.000445314
.000500002
.000554689
.000468752
.000609377
.000710939
.000648439
.000523439
.000578127
.000750002
.000546877
.000500002
.000468752
.000718752
.000601564
.000703127
.000695314
.000414064
.000679689
.000585939
.000632814
.000578127
.000640627
.000546877
.000687502
.000531252
.000617189
.000726564
.000593752
.000664064
.000406252
.000617189
.000453127
.000671877
.000609377
.000562502
.000664064
.000648439
.000601564
.000593752
.000585939
.000515627
.000734377
.000562502
.000593752
.000601564
.000640627
.000765627
.000593752
