2500
2.e-09
250
.509888
.000121876
1.87508e-05
5.00008e-05
.000153126
.000162501
.000112501
4.68758e-05
5.31258e-05
.000165626
.000206251
.000209376
3.12576e-06
-4.68742e-05
.000100001
7.18758e-05
9.68758e-05
1.25008e-05
7.81258e-05
8.75008e-05
.000125001
.000146876
.000106251
4.06258e-05
.000109376
.000162501
9.68758e-05
3.12576e-06
3.43758e-05
5.93758e-05
7.18758e-05
6.25008e-05
7.50008e-05
7.81258e-05
.000121876
.000103126
-6.24924e-06
2.18758e-05
6.87508e-05
.000196876
7.18758e-05
9.37508e-05
1.87508e-05
.000140626
.000165626
8.75008e-05
1.25008e-05
-1.24992e-05
4.68758e-05
.000168751
.000131251
4.37508e-05
1.56258e-05
1.25008e-05
9.37508e-05
.000118751
2.81258e-05
-3.43742e-05
-5.93742e-05
.000143751
.000165626
.000112501
6.25076e-06
3.75008e-05
7.81258e-05
7.50008e-05
.000137501
7.81258e-05
-3.12424e-06
7.81258e-05
5.93758e-05
-3.12424e-06
5.62508e-05
8.12508e-05
5.00008e-05
-1.24992e-05
3.75008e-05
6.56258e-05
.000106251
3.75008e-05
-1.24992e-05
9.37576e-06
.000106251
.000153126
5.31258e-05
-5.31242e-05
-3.12492e-05
3.12576e-06
.000153126
.000115626
-7.49992e-05
-8.74992e-05
9.37508e-05
.000100001
4.06258e-05
-3.12492e-05
-9.37492e-05
6.87508e-05
.000137501
.000109376
-5.31242e-05
-9.99992e-05
6.56258e-05
9.06258e-05
3.43758e-05
9.37576e-06
-6.24924e-06
-2.81242e-05
.000118751
.000190626
3.12508e-05
3.75008e-05
2.18758e-05
.000106251
3.12508e-05
8.12508e-05
4.68758e-05
.000106251
6.56258e-05
-3.43742e-05
3.75008e-05
.000100001
.000175001
6.56258e-05
-7.49992e-05
3.12576e-06
9.37508e-05
.000134376
6.87508e-05
-9.37492e-05
-2.18742e-05
.000121876
.000200001
.000106251
-7.49992e-05
-6.56242e-05
.000103126
6.56258e-05
7.62939e-10
-1.56242e-05
3.12508e-05
8.12508e-05
9.37508e-05
1.56258e-05
2.81258e-05
1.56258e-05
9.37508e-05
7.81258e-05
5.62508e-05
-8.43742e-05
4.06258e-05
.000100001
.000125001
1.56258e-05
8.75008e-05
3.12508e-05
9.68758e-05
8.75008e-05
-4.99992e-05
5.93758e-05
.000103126
9.68758e-05
-9.37424e-06
3.12576e-06
6.25076e-06
7.18758e-05
.000109376
-1.87492e-05
6.25076e-06
4.68758e-05
.000128126
.000178126
1.25008e-05
8.43758e-05
5.31258e-05
.000125001
6.25076e-06
-1.24992e-05
3.12508e-05
5.62508e-05
7.50008e-05
7.81258e-05
8.43758e-05
7.62939e-10
.000125001
.000121876
4.68758e-05
-3.43742e-05
-3.12424e-06
.000137501
.000175001
.000143751
4.37508e-05
3.12576e-06
1.56258e-05
.000140626
.000115626
8.75008e-05
7.50008e-05
9.37576e-06
9.68758e-05
.000118751
.000100001
-3.12424e-06
6.87508e-05
5.31258e-05
.000140626
.000175001
3.12508e-05
-2.49992e-05
-7.81242e-05
1.56258e-05
4.37508e-05
.000103126
9.68758e-05
3.12576e-06
-6.24924e-06
9.68758e-05
.000134376
-1.56242e-05
-8.12492e-05
-9.68742e-05
.000112501
.000181251
9.37508e-05
-6.24924e-06
-.000118749
-4.06242e-05
.000106251
.000193751
6.25008e-05
-.000153124
-9.37492e-05
.000140626
.000165626
5.00008e-05
-.000121874
-.000134374
4.06258e-05
.000215626
.000143751
-3.74992e-05
-7.81242e-05
-2.49992e-05
6.56258e-05
3.12576e-06
2.81258e-05
-5.31242e-05
-6.56242e-05
6.87508e-05
.000115626
7.81258e-05
8.12508e-05
2.50008e-05
-2.81242e-05
1.56258e-05
.000103126
.000156251
9.68758e-05
-5.93742e-05
-2.81242e-05
4.68758e-05
.000134376
.000209376
-4.37492e-05
-3.74992e-05
5.31258e-05
.000218751
.000193751
-5.62492e-05
-9.99992e-05
-7.49992e-05
.000128126
.000140626
2.18758e-05
-5.31242e-05
9.37576e-06
.000178126
.000171876
.000156251
3.75008e-05
1.87508e-05
.000184376
.000287501
.000296876
.000250001
.000306251
.000487501
.000734376
.000843751
.000946876
.00118438
.0014625
.00182188
.0024
.002825
.0033625
.00400938
.004875
.00574375
.00672813
.00798125
.00908125
.0104344
.0121344
.0137594
.0154563
.0170781
.018425
.0196219
.0207625
.0213594
.0214969
.0212031
.0204844
.0196438
.01845
.0170906
.0155438
.0138219
.0121938
.0105531
.00884063
.00709063
.00530313
.0036125
.00194375
.000356251
-.0013
-.00294062
-.00455
-.00595312
-.00749062
-.008925
-.0104875
-.0118562
-.0132594
-.0144562
-.01585
-.0169031
-.0181187
-.0192281
-.0203125
-.0214094
-.0225062
-.0233906
-.0243344
-.025175
-.026025
-.0267437
-.0273625
-.0280375
-.0287062
-.0292062
-.0296719
-.0301469
-.0305219
-.0308812
-.0309406
-.0309625
-.0309219
-.0308906
-.0307281
-.0303531
-.0297906
-.0291812
-.02835
-.0274031
-.0262062
-.024575
-.0227219
-.0205125
-.0176625
-.0139031
-.0017
.0367781
.0813031
.11045
.106362
.0891031
.07085
.0626469
.0598281
.0582844
.0540375
.0478812
.041375
.0365969
.0330469
.0299969
.0267406
.0233563
.0200813
.0172063
.0144125
.0115531
.00902188
.00659688
.00433125
.00215313
-3.43742e-05
-.00209687
-.00399062
-.00586562
-.00785625
-.0096375
-.0112125
-.0127437
-.0141781
-.0158281
-.0172094
-.0185156
-.019675
-.020825
-.0220969
-.0232937
-.0242562
-.0251469
-.0259
-.0269
-.027775
-.0284875
-.0291125
-.0297406
-.0304156
-.030825
-.0313406
-.0316531
-.0318812
-.0320375
-.0321187
-.0321656
-.0319562
-.0317969
-.0315
-.0309687
-.03025
-.0294875
-.0285219
-.0273594
-.0259687
-.0240094
-.0219937
-.0194281
-.0162437
-.012075
-.0012125
.0333
.0742406
.102906
.100453
.0850281
.0678281
.0596875
.0567187
.0553125
.0514656
.0458469
.0398312
.0350781
.031725
.0288688
.0258375
.0225156
.0193906
.0165281
.0140531
.0114
.00888438
.00653438
.00434063
.0022625
.000306251
-.00179687
-.00371875
-.00538125
-.00720625
-.0088625
-.0104687
-.011925
-.013525
-.0148875
-.0163531
-.0176
-.0188094
-.0198812
-.0210844
-.0222594
-.0232594
-.0240781
-.0249344
-.025825
-.0267156
-.0275156
-.0279844
-.0285406
-.0291469
-.0296312
-.0301125
-.0304062
-.0305219
-.0307844
-.0309844
-.0310812
-.03085
-.0304406
-.030125
-.0296906
-.02905
-.0281781
-.0271406
-.0259937
-.0245937
-.0228562
-.0203937
-.0178437
-.0146187
-.0102281
.00344375
.0398781
.0797687
.102087
.0967187
.0805875
.0649469
.0584062
.0559531
.0542375
.0500844
.04425
.0384062
.0340094
.0306719
.0280438
.0249594
.021525
.0184625
.0157656
.0132969
.0107094
.0081
.00572188
.00359688
.0016375
-.000362499
-.00250937
-.00456875
-.0062875
-.007925
-.0095375
-.0111594
-.0126344
-.0142031
-.0155625
-.016875
-.018225
-.0193812
-.0204812
-.0217469
-.0226844
-.0236656
-.0246031
-.0253594
-.0263781
-.0271906
-.0278
-.0283875
-.028875
-.0295312
-.0300625
-.0303969
-.0305687
-.0307375
-.0308406
-.0310094
-.0310031
-.0307094
-.0303062
-.0298812
-.02935
-.028675
-.0277031
-.0265219
-.025225
-.0237094
-.0218844
-.0193375
-.0162312
-.0124375
-.00556875
.02145
.06125
.0968375
.101975
.0895625
.0716656
.0608469
.0569406
.0556094
.0524719
.0470937
.0410906
.0359156
.0321906
.0293031
.0262313
.0231375
.019925
.0169813
.0142313
.0117313
.0092375
.006825
.00436563
.0021875
.000315626
-.00154687
-.00370625
-.00557187
-.00751562
-.009025
-.0104312
-.0120656
-.0136594
-.0152406
-.016525
-.0175125
-.0188062
-.02025
-.0214375
-.0223875
-.0233344
-.0242031
-.0252937
-.0261
-.0268187
-.0274656
-.0281094
-.0288406
-.0294875
-.0297344
-.0301437
-.0305531
-.0308375
-.0309812
-.0310125
-.0309062
-.0309437
-.0306875
-.0301437
-.0296969
-.0288969
-.0282562
-.0272844
-.0257656
-.0241969
-.0224906
-.0202969
-.0176469
-.0140187
-.00914687
.00704375
.0448781
.0847344
.103541
.0961312
.0789625
.0639719
.0581875
.0562187
.054375
.0496812
.0436187
.0378719
.0338906
.0307031
.0277281
.024575
.0213094
.0184125
.0155719
.0127594
.0102719
.0078375
.00562188
.00335313
.00106875
-.000999999
-.00278437
-.004675
-.00643437
-.00823125
-.0099625
-.0114125
-.012925
-.0144875
-.0158875
-.0172312
-.0183687
-.0195344
-.0208344
-.0220687
-.0229375
-.0239594
-.0248844
-.0257844
-.0266469
-.0271906
-.0278719
-.0286031
-.0292594
-.0297187
-.0300437
-.0303562
-.0307594
-.0310062
-.0310906
-.0310781
-.0308437
-.0307094
-.0305187
-.0300344
-.0293562
-.0284031
-.0275187
-.026575
-.0251187
-.0233344
-.0212437
-.0188031
-.0158125
-.0118844
-.00324687
.0274688
.0673219
.0992562
.100494
.0867062
.0694125
.0600625
.0566875
.0553281
.0518937
.0463312
.0403781
.0353781
.0319375
.0290531
.0259469
.0226281
.0195125
.0167469
.0142406
.0114781
.0088375
.00654688
.00434688
.002275
.000246876
-.00206562
-.00398125
-.00564375
-.0073625
-.00915937
-.0108531
-.0124781
-.013675
-.0149844
-.0165187
-.0180156
-.0191625
-.0201687
-.0212844
-.0224094
-.0235
-.0243625
-.0252875
-.0259719
-.0269094
-.0276344
-.0282687
-.028725
-.0292969
-.0298562
-.0303
-.0304281
-.0306437
-.0309156
-.0311125
-.0309375
-.0307031
-.0303562
-.0299937
-.0296094
-.0288156
-.0277781
-.0267875
-.0255656
-.0241844
-.0221812
-.019675
-.0168937
-.0135281
-.0083
.0115969
.0503781
.0891719
.10265
.0935062
.07615
.062875
.0577937
.0558875
.0536344
.0488094
.0430125
.0373906
.0332344
.0302312
.0273594
.0242906
.0208813
.0178875
.0151156
.0125969
.0100438
.00749063
.00524063
.00309375
.0010125
-.000896874
-.00315312
-.004975
-.00675625
-.00844062
-.0100219
-.0116437
-.013325
-.0146187
-.0160437
-.01735
-.0185531
-.0198187
-.0210156
-.0220875
-.02305
-.0240344
-.0249281
-.0258219
-.0267031
-.0273937
-.0281062
-.0286469
-.0291937
-.0297781
-.0302094
-.0304906
-.0306969
-.0308562
-.0310062
-.0312219
-.0311156
-.0308469
-.0304062
-.0299281
-.0294219
-.0288219
-.027975
-.0268437
-.02555
-.0242531
-.0225344
-.0205625
-.0180344
-.0152
-.0119875
-.00804375
-.00310937
.00357813
.01385
.0290813
.0454656
.0565187
.0582062
.0536875
.0472594
.0425156
.0397531
.0376844
.0353844
.032525
.029425
.0267969
.024525
.0225938
.0207063
.0189531
.0172656
.0154906
.0139125
.0125188
.011175
.0100563
.00872188
.00753125
.0065
.0056
.00468125
.00365313
.0027125
.00185625
.00127813
.000687501
-5.31242e-05
-.000762499
-.00137812
-.00176562
-.0022
-.00271562
-.00324062
-.00370312
-.0038875
-.00424687
-.00455937
-.00489062
-.0051
-.00534687
-.00551562
-.0057375
-.00589062
-.00600312
-.00615312
-.00634687
-.00646875
-.0064
-.00648437
-.00650625
-.00668437
-.00671562
-.00668437
-.00660625
-.00665
-.00669062
-.00675312
-.0066375
-.00648437
-.00634062
-.00632187
-.00635625
-.0062875
-.005875
-.00575312
-.0056125
-.00550312
-.00524687
-.00483437
-.00459062
-.0043625
-.0039375
-.00354375
-.00311562
-.00260625
-.00212812
-.00162187
-.00100312
-.000481249
6.87508e-05
.000637501
.00125
.00179063
.00243438
.00307813
.003675
.00435625
.00484063
.00544375
.00580625
.0061625
.00649375
.00670625
.00688438
.00698438
.007
.00697188
.0068375
.00660313
.00645313
.00621875
.00599063
.0057
.00520313
.0047625
.004475
.00403438
.00354063
.00315
.002625
.002225
.00192188
.00145
.00100313
.000550001
.000156251
-.000181249
-.000456249
-.000712499
-.00105
-.001475
-.00163125
-.00182812
-.00204687
-.00237812
-.00258125
-.00274375
-.00275312
-.00283437
-.00300625
-.00305312
-.00311875
-.00308437
-.00301875
-.0030875
-.00299687
-.0028375
-.00282187
-.00265
-.00241562
-.00234062
-.00216562
-.00199375
-.001725
-.0014375
-.00122187
-.0010125
-.000796874
-.000674999
-.000415624
-.000168749
.000190626
.000275001
.000390626
.000512501
.000806251
.000990626
.00107813
.00105938
.00120313
.00139063
.00146875
.0015
.00143125
.00136875
.00146563
.00156875
.00155313
.00139063
.00145
.00129688
.00135938
.00131563
.00123438
.00103125
.000978126
.000940626
.000978126
.000940626
.000812501
.000718751
.000481251
.000484376
.000528126
.000512501
.000378126
.000315626
.000262501
.000203126
.000312501
.000203126
.000153126
3.12576e-06
-1.87492e-05
8.75008e-05
5.93758e-05
-.000143749
-.000181249
-.000106249
-7.49992e-05
-4.68742e-05
-.000174999
-.000140624
-.000131249
-.000109374
-.000128124
-.000143749
-.000171874
-.000149999
-.000128124
-.000134374
-9.99992e-05
-5.62492e-05
-.000190624
-7.18742e-05
-.000168749
-.000143749
-.000159374
-.000140624
-.000115624
-.000128124
-.000231249
-.000128124
-.000218749
-.000274999
-.000203124
-.000243749
-.000265624
-.000178124
-.000181249
-.000284374
-.000268749
-.000209374
-.000153124
-.000193749
-.000199999
-.000128124
1.56258e-05
-8.74992e-05
-7.49992e-05
-.000131249
-.000134374
-3.12492e-05
7.18758e-05
3.75008e-05
5.00008e-05
8.43758e-05
7.81258e-05
.000212501
9.37508e-05
.000140626
.000175001
.000200001
.000331251
.000368751
.000250001
.000237501
.000228126
.000275001
.000296876
.000281251
.000265626
.000265626
.000278126
.000171876
.000212501
.000115626
.000271876
.000215626
.000131251
.000162501
.000162501
.000106251
7.81258e-05
6.25008e-05
4.68758e-05
.000171876
.000196876
8.43758e-05
9.37576e-06
9.37576e-06
.000153126
8.43758e-05
-8.43742e-05
-9.37424e-06
4.06258e-05
.000112501
.000137501
-9.37424e-06
-.000159374
2.81258e-05
.000200001
.000209376
.000125001
-1.24992e-05
.000134376
.000168751
.000150001
8.75008e-05
1.56258e-05
-6.24924e-06
.000243751
.000209376
.000137501
.000128126
.000121876
8.75008e-05
.000228126
.000153126
.000178126
.000212501
.000109376
6.25008e-05
.000103126
.000156251
.000215626
5.31258e-05
3.12576e-06
.000109376
.000165626
.000212501
.000143751
9.37576e-06
3.12576e-06
.000165626
.000203126
.000184376
-4.37492e-05
-.000121874
.000125001
.000140626
.000159376
2.81258e-05
-.000121874
-3.43742e-05
9.06258e-05
8.12508e-05
-9.68742e-05
-.000103124
-.000153124
-4.68742e-05
2.81258e-05
-4.37492e-05
-.000178124
-.000181249
-.000112499
2.81258e-05
3.12576e-06
-7.18742e-05
-.000190624
-.000218749
-.000118749
-5.62492e-05
-.000115624
-.000121874
-.000212499
-9.68742e-05
-3.74992e-05
-3.74992e-05
-.000109374
-.000124999
-.000143749
-9.06242e-05
3.12508e-05
-3.43742e-05
-.000131249
-8.12492e-05
-8.12492e-05
8.75008e-05
5.62508e-05
1.25008e-05
-2.18742e-05
-.000106249
5.62508e-05
.000162501
7.18758e-05
2.50008e-05
2.50008e-05
3.12508e-05
.000237501
.000234376
.000125001
.000112501
.000112501
.000209376
.000168751
.000221876
.000175001
.000196876
.000206251
.000278126
.000259376
.000203126
.000184376
.000250001
.000162501
.000118751
.000268751
.000256251
.000209376
.000171876
.000237501
.000281251
.000256251
.000103126
.000131251
.000125001
.000253126
.000168751
8.43758e-05
-2.49992e-05
3.43758e-05
.000115626
.000131251
1.87508e-05
-.000121874
-3.12424e-06
2.18758e-05
3.12508e-05
-1.24992e-05
-.000112499
-6.87492e-05
-2.18742e-05
1.25008e-05
-8.43742e-05
-.000156249
-9.68742e-05
-3.43742e-05
3.12508e-05
-8.12492e-05
-.000137499
-9.37492e-05
3.12508e-05
-5.31242e-05
-.000181249
-.000256249
-9.06242e-05
-3.43742e-05
-1.87492e-05
-5.62492e-05
-.000124999
5.00008e-05
3.12508e-05
-2.81242e-05
-6.24924e-06
6.87508e-05
9.68758e-05
4.68758e-05
9.06258e-05
1.87508e-05
1.25008e-05
4.68758e-05
7.81258e-05
1.56258e-05
8.43758e-05
.000140626
.000137501
.000131251
7.81258e-05
4.37508e-05
.000225001
.000181251
.000140626
2.50008e-05
.000121876
.000193751
.000228126
.000156251
-9.37424e-06
-2.18742e-05
.000162501
.000228126
.000121876
-2.18742e-05
9.37576e-06
-1.56242e-05
.000131251
.000140626
3.12508e-05
-3.12424e-06
-2.81242e-05
4.68758e-05
.000140626
1.87508e-05
-.000109374
-.000143749
-3.74992e-05
6.87508e-05
-9.37424e-06
-.000109374
-8.43742e-05
-4.06242e-05
9.37576e-06
-7.49992e-05
-6.87492e-05
-5.93742e-05
-.000106249
-5.93742e-05
-1.56242e-05
5.31258e-05
1.87508e-05
-.000106249
-9.99992e-05
-5.62492e-05
-1.56242e-05
8.75008e-05
-3.74992e-05
-.000168749
-9.37492e-05
7.50008e-05
.000118751
3.75008e-05
-.000140624
-5.93742e-05
.000106251
.000209376
.000168751
-1.56242e-05
-4.99992e-05
8.43758e-05
.000221876
.000203126
-1.56242e-05
-3.12492e-05
.000112501
.000256251
.000275001
5.00008e-05
-3.12492e-05
.000118751
.000184376
.000206251
.000137501
5.00008e-05
9.06258e-05
.000128126
.000137501
.000168751
6.56258e-05
6.56258e-05
.000137501
4.06258e-05
3.43758e-05
.000162501
.000146876
8.43758e-05
.000118751
6.25008e-05
.000103126
.000125001
8.43758e-05
-6.24992e-05
-9.37492e-05
9.68758e-05
.000121876
9.37576e-06
-.000128124
4.68758e-05
6.25008e-05
.000112501
-6.24924e-06
4.06258e-05
-2.49992e-05
3.75008e-05
2.50008e-05
6.25008e-05
-8.74992e-05
-.000115624
3.12508e-05
6.25008e-05
6.87508e-05
-2.18742e-05
-5.93742e-05
3.12508e-05
4.68758e-05
1.25008e-05
6.25076e-06
6.25008e-05
-7.81242e-05
-1.24992e-05
-4.06242e-05
6.25076e-06
3.75008e-05
2.50008e-05
.000140626
.000125001
.000103126
.000134376
.000118751
9.68758e-05
.000150001
8.75008e-05
.000184376
.000206251
.000140626
9.06258e-05
.000156251
.000153126
.000178126
4.68758e-05
9.06258e-05
.000181251
.000190626
.000106251
2.18758e-05
4.68758e-05
6.25008e-05
.000225001
8.75008e-05
3.12508e-05
.000103126
9.06258e-05
.000156251
7.81258e-05
1.25008e-05
-2.81242e-05
1.25008e-05
4.68758e-05
2.81258e-05
-5.31242e-05
-3.43742e-05
-1.56242e-05
.000181251
6.56258e-05
-6.87492e-05
-8.43742e-05
1.25008e-05
.000103126
4.68758e-05
-6.24924e-06
-9.37492e-05
-3.12424e-06
5.00008e-05
.000112501
-6.87492e-05
-8.12492e-05
6.87508e-05
8.12508e-05
3.12508e-05
-9.37424e-06
-6.24992e-05
3.43758e-05
.000112501
-2.49992e-05
-8.12492e-05
5.31258e-05
4.06258e-05
7.18758e-05
3.12576e-06
-6.56242e-05
7.50008e-05
9.37508e-05
9.06258e-05
3.43758e-05
-5.62492e-05
8.12508e-05
.000259376
.000143751
-3.12492e-05
-9.37492e-05
5.93758e-05
.000206251
.000125001
9.37576e-06
4.37508e-05
.000109376
.000218751
.000125001
4.68758e-05
1.87508e-05
5.31258e-05
7.50008e-05
8.43758e-05
1.87508e-05
1.87508e-05
.000125001
.000121876
3.75008e-05
3.12576e-06
-3.43742e-05
3.43758e-05
9.68758e-05
1.25008e-05
-3.74992e-05
8.12508e-05
.000128126
4.06258e-05
-3.12492e-05
2.81258e-05
.000140626
9.37508e-05
2.18758e-05
-.000106249
-9.06242e-05
6.87508e-05
.000118751
-6.24924e-06
-9.37492e-05
1.87508e-05
9.06258e-05
8.12508e-05
3.12576e-06
-9.37424e-06
7.62939e-10
5.31258e-05
6.25008e-05
4.37508e-05
-3.12492e-05
2.81258e-05
9.68758e-05
5.00008e-05
-9.37424e-06
4.06258e-05
-.000109374
9.37576e-06
-2.49992e-05
-8.43742e-05
-9.37424e-06
-3.12424e-06
4.68758e-05
-2.49992e-05
1.25008e-05
2.18758e-05
.000112501
-6.24992e-05
-3.12492e-05
-5.62492e-05
2.50008e-05
.000100001
6.56258e-05
-2.18742e-05
3.75008e-05
-5.62492e-05
5.31258e-05
.000150001
-9.37424e-06
-2.49992e-05
1.56258e-05
6.56258e-05
.000128126
-2.18742e-05
-3.43742e-05
6.87508e-05
5.93758e-05
7.18758e-05
6.25008e-05
7.62939e-10
-3.12492e-05
.000118751
5.93758e-05
2.50008e-05
3.12508e-05
-1.24992e-05
.000112501
.000162501
1.56258e-05
4.06258e-05
7.81258e-05
6.56258e-05
9.37576e-06
3.12576e-06
-6.24992e-05
.000103126
9.37508e-05
7.81258e-05
-2.81242e-05
1.25008e-05
5.00008e-05
7.18758e-05
6.25076e-06
1.56258e-05
1.87508e-05
-1.87492e-05
.000121876
.000128126
-5.62492e-05
6.87508e-05
8.12508e-05
.000115626
.000193751
1.87508e-05
5.00008e-05
.000100001
5.31258e-05
4.68758e-05
3.12508e-05
8.43758e-05
9.06258e-05
8.43758e-05
1.25008e-05
5.31258e-05
.000200001
.000221876
.000146876
3.75008e-05
4.68758e-05
.000146876
.000175001
.000218751
5.31258e-05
3.12508e-05
.000150001
.000190626
9.68758e-05
-2.18742e-05
5.31258e-05
.000193751
.000125001
7.18758e-05
-4.37492e-05
5.62508e-05
.000115626
.000171876
7.81258e-05
5.00008e-05
6.87508e-05
5.31258e-05
9.68758e-05
1.56258e-05
7.18758e-05
.000106251
.000140626
.000128126
5.62508e-05
5.00008e-05
.000109376
.000109376
7.62939e-10
-5.93742e-05
.000112501
.000234376
.000106251
5.00008e-05
3.12576e-06
.000106251
.000221876
.000203126
-4.37492e-05
3.43758e-05
3.12508e-05
.000115626
9.37508e-05
-1.87492e-05
-6.24992e-05
7.50008e-05
5.00008e-05
.000118751
8.12508e-05
-4.68742e-05
6.25008e-05
4.06258e-05
-6.56242e-05
2.50008e-05
-7.81242e-05
.000121876
8.12508e-05
3.43758e-05
1.56258e-05
9.68758e-05
4.06258e-05
3.12576e-06
1.25008e-05
-3.12424e-06
-4.06242e-05
6.25008e-05
4.37508e-05
-6.24924e-06
5.00008e-05
1.56258e-05
.000181251
4.37508e-05
3.12576e-06
4.06258e-05
-4.06242e-05
-1.24992e-05
1.87508e-05
6.25076e-06
8.12508e-05
6.25076e-06
9.68758e-05
6.87508e-05
7.18758e-05
-4.37492e-05
4.37508e-05
4.37508e-05
5.62508e-05
9.37576e-06
3.12508e-05
.000100001
5.31258e-05
5.31258e-05
5.31258e-05
7.18758e-05
.000115626
9.68758e-05
3.12576e-06
-3.12492e-05
-3.74992e-05
7.62939e-10
9.68758e-05
5.00008e-05
4.37508e-05
6.87508e-05
.000115626
7.62939e-10
.000109376
-9.37424e-06
7.50008e-05
6.56258e-05
9.68758e-05
2.50008e-05
.000131251
.000112501
8.12508e-05
4.37508e-05
2.50008e-05
9.06258e-05
9.06258e-05
7.18758e-05
7.50008e-05
6.87508e-05
.000140626
.000153126
9.37508e-05
7.62939e-10
6.25076e-06
.000150001
.000212501
7.50008e-05
-3.12492e-05
-5.93742e-05
7.81258e-05
.000137501
1.87508e-05
-3.12492e-05
-.000106249
3.75008e-05
.000234376
.000128126
2.18758e-05
-2.49992e-05
1.56258e-05
.000112501
5.00008e-05
-3.12492e-05
-1.56242e-05
1.56258e-05
6.56258e-05
7.50008e-05
2.50008e-05
6.25008e-05
4.68758e-05
7.81258e-05
8.43758e-05
3.75008e-05
.000106251
1.87508e-05
1.56258e-05
-2.49992e-05
8.75008e-05
.000125001
8.43758e-05
-5.93742e-05
-6.87492e-05
7.18758e-05
.000171876
5.62508e-05
-7.18742e-05
-.000137499
2.81258e-05
.000262501
.000175001
2.81258e-05
-9.06242e-05
-1.24992e-05
.000212501
.000200001
5.62508e-05
-7.49992e-05
-6.56242e-05
.000137501
.000184376
5.62508e-05
-.000106249
4.06258e-05
9.68758e-05
3.12508e-05
.000131251
9.06258e-05
.000118751
8.75008e-05
9.37508e-05
.000100001
.000146876
.000128126
5.93758e-05
-6.24924e-06
-3.12424e-06
.000153126
.000187501
.000112501
-9.37492e-05
8.12508e-05
.000140626
.000196876
7.50008e-05
-5.31242e-05
-9.37492e-05
.000156251
.000175001
.000187501
-5.62492e-05
-6.87492e-05
.000100001
.000153126
.000137501
-4.06242e-05
-8.74992e-05
-4.06242e-05
.000121876
.000196876
-1.87492e-05
-3.74992e-05
-4.37492e-05
8.43758e-05
9.06258e-05
1.25008e-05
-6.56242e-05
-5.31242e-05
.000156251
.000106251
-4.06242e-05
-.000112499
2.50008e-05
3.43758e-05
3.43758e-05
3.75008e-05
-1.56242e-05
1.25008e-05
1.87508e-05
6.25076e-06
-4.68742e-05
-5.93742e-05
.000112501
8.43758e-05
-1.56242e-05
9.37576e-06
8.12508e-05
.000121876
.000153126
-2.49992e-05
-1.56242e-05
1.87508e-05
9.06258e-05
.000115626
1.56258e-05
-5.62492e-05
9.06258e-05
.000128126
.000143751
6.25076e-06
-6.24924e-06
8.43758e-05
.000143751
9.06258e-05
-5.62492e-05
-8.43742e-05
4.37508e-05
.000118751
5.62508e-05
-3.74992e-05
3.12576e-06
3.43758e-05
.000109376
.000109376
2.18758e-05
2.18758e-05
.000109376
.000143751
-3.43742e-05
-1.24992e-05
-3.12492e-05
.000106251
.000140626
.000156251
8.43758e-05
.000112501
.000109376
4.06258e-05
2.81258e-05
8.12508e-05
4.68758e-05
8.43758e-05
4.37508e-05
1.87508e-05
5.93758e-05
.000203126
.000162501
3.12508e-05
-3.43742e-05
.000112501
.000140626
5.31258e-05
-.000140624
-.000137499
8.12508e-05
.000200001
.000156251
-1.56242e-05
-3.12424e-06
.000128126
.000218751
.000106251
1.25008e-05
-4.37492e-05
-5.93742e-05
.000237501
.000187501
9.37508e-05
-9.37424e-06
.000118751
.000131251
.000250001
.000178126
3.43758e-05
8.12508e-05
.000137501
7.50008e-05
.000106251
9.68758e-05
9.06258e-05
6.25008e-05
.000131251
4.06258e-05
4.06258e-05
.000103126
5.00008e-05
2.81258e-05
6.56258e-05
9.06258e-05
.000203126
8.12508e-05
-4.37492e-05
-8.43742e-05
.000106251
.000112501
-9.37424e-06
-9.37492e-05
-4.68742e-05
.000100001
.000168751
8.43758e-05
-8.43742e-05
-6.87492e-05
.000115626
.000168751
.000193751
7.62939e-10
-9.06242e-05
1.25008e-05
.000159376
.000184376
-7.49992e-05
-.000165624
1.87508e-05
.000118751
.000150001
6.25008e-05
1.25008e-05
8.43758e-05
.000156251
7.50008e-05
5.31258e-05
.000106251
.000118751
7.81258e-05
1.87508e-05
5.93758e-05
9.06258e-05
7.50008e-05
3.43758e-05
5.31258e-05
-6.24924e-06
9.68758e-05
.000150001
6.25076e-06
-.000128124
-2.18742e-05
7.81258e-05
.000168751
4.06258e-05
-4.68742e-05
5.31258e-05
.000159376
.000206251
7.18758e-05
-.000115624
-8.43742e-05
2.18758e-05
.000268751
6.56258e-05
-9.37492e-05
-1.56242e-05
9.37508e-05
.000218751
1.87508e-05
-2.81242e-05
-4.06242e-05
.000109376
.000206251
5.31258e-05
-3.43742e-05
-.000106249
6.56258e-05
.000184376
7.18758e-05
6.87508e-05
4.68758e-05
.000109376
.000109376
.000115626
7.81258e-05
.000150001
.000125001
.000125001
1.56258e-05
4.37508e-05
9.37508e-05
8.75008e-05
-3.12424e-06
-6.24924e-06
1.25008e-05
.000140626
.000190626
-9.37424e-06
-9.99992e-05
-6.24924e-06
.000190626
.000103126
1.56258e-05
7.62939e-10
3.75008e-05
.000103126
.000125001
3.12576e-06
9.37576e-06
.000150001
.000159376
.000118751
5.00008e-05
-1.56242e-05
7.50008e-05
.000237501
.000143751
.000150001
.000109376
6.87508e-05
.000225001
.000159376
.000106251
5.00008e-05
6.87508e-05
5.93758e-05
8.75008e-05
.000131251
5.31258e-05
4.37508e-05
.000118751
2.50008e-05
.000128126
.000103126
.000140626
5.31258e-05
-4.37492e-05
-3.12424e-06
2.81258e-05
9.06258e-05
2.81258e-05
2.50008e-05
1.87508e-05
.000109376
.000200001
4.37508e-05
1.56258e-05
3.75008e-05
.000184376
.000215626
8.12508e-05
2.81258e-05
-9.37424e-06
-3.12492e-05
.000156251
6.56258e-05
-7.49992e-05
2.50008e-05
.000143751
.000206251
.000112501
-3.43742e-05
2.18758e-05
6.25008e-05
.000181251
.000109376
-2.18742e-05
1.25008e-05
.000103126
.000121876
-6.24924e-06
1.25008e-05
5.62508e-05
.000103126
7.81258e-05
3.75008e-05
1.25008e-05
5.62508e-05
.000153126
.000156251
-5.31242e-05
-6.87492e-05
.000106251
.000187501
-4.37492e-05
-5.93742e-05
-5.93742e-05
.000203126
.000165626
5.62508e-05
-1.24992e-05
-2.49992e-05
.000137501
.000181251
5.00008e-05
-4.68742e-05
-3.12492e-05
7.18758e-05
4.68758e-05
.000118751
-.000103124
-1.24992e-05
.000112501
8.75008e-05
3.75008e-05
-3.12424e-06
-2.49992e-05
4.37508e-05
.000121876
1.87508e-05
6.25008e-05
3.75008e-05
-2.49992e-05
2.81258e-05
5.00008e-05
4.06258e-05
.000100001
1.87508e-05
1.25008e-05
-3.43742e-05
.000118751
.000153126
8.12508e-05
-7.81242e-05
3.43758e-05
9.37508e-05
.000143751
.000125001
-5.93742e-05
9.37576e-06
.000106251
5.00008e-05
-4.06242e-05
-5.93742e-05
-9.37492e-05
2.18758e-05
9.37508e-05
-3.12424e-06
-5.62492e-05
-5.62492e-05
9.06258e-05
.000115626
1.25008e-05
-6.24924e-06
3.75008e-05
-3.74992e-05
4.37508e-05
4.37508e-05
-3.74992e-05
4.06258e-05
.000125001
5.62508e-05
5.00008e-05
2.18758e-05
8.12508e-05
7.18758e-05
9.68758e-05
9.37508e-05
.000121876
4.37508e-05
.000112501
.000109376
9.06258e-05
.000115626
.000112501
.000131251
5.93758e-05
-2.18742e-05
6.56258e-05
9.68758e-05
3.12508e-05
5.93758e-05
4.68758e-05
8.75008e-05
9.37508e-05
8.75008e-05
7.50008e-05
9.06258e-05
.000106251
9.37508e-05
.000121876
4.06258e-05
9.37508e-05
5.93758e-05
.000115626
9.37508e-05
2.50008e-05
3.12576e-06
5.62508e-05
9.37508e-05
.000140626
4.06258e-05
1.87508e-05
-1.56242e-05
5.93758e-05
.000128126
6.56258e-05
-3.74992e-05
-4.68742e-05
.000112501
.000237501
.000121876
4.06258e-05
-3.12424e-06
7.18758e-05
.000103126
8.75008e-05
.000121876
3.12508e-05
-1.24992e-05
6.56258e-05
.000168751
6.25008e-05
8.75008e-05
.000106251
.000109376
.000112501
.000175001
9.68758e-05
5.62508e-05
3.43758e-05
6.87508e-05
8.43758e-05
.000175001
8.75008e-05
-3.12492e-05
-3.12424e-06
8.75008e-05
.000203126
5.93758e-05
-4.68742e-05
-7.81242e-05
4.68758e-05
.000187501
.000187501
1.25008e-05
-9.06242e-05
1.25008e-05
.000159376
.000193751
8.12508e-05
-2.18742e-05
-5.93742e-05
.000109376
.000103126
.000143751
-2.49992e-05
2.81258e-05
1.25008e-05
7.81258e-05
.000125001
.000118751
4.06258e-05
7.62939e-10
-1.24992e-05
5.93758e-05
4.68758e-05
9.68758e-05
-2.18742e-05
3.12508e-05
2.18758e-05
.000168751
.000150001
-6.24992e-05
-.000121874
4.06258e-05
.000103126
.000146876
4.06258e-05
4.37508e-05
-4.99992e-05
.000175001
.000156251
.000150001
3.75008e-05
1.87508e-05
4.06258e-05
9.37508e-05
8.12508e-05
-1.56242e-05
-8.74992e-05
2.18758e-05
8.75008e-05
.000115626
4.37508e-05
2.81258e-05
-2.49992e-05
6.87508e-05
.000109376
5.00008e-05
3.12508e-05
6.25076e-06
5.31258e-05
3.12576e-06
9.37508e-05
8.43758e-05
-5.93742e-05
-9.37424e-06
-1.87492e-05
9.06258e-05
.000150001
5.62508e-05
2.81258e-05
3.12576e-06
-3.74992e-05
6.87508e-05
6.87508e-05
5.31258e-05
.000100001
.000118751
7.18758e-05
.000112501
.000125001
5.00008e-05
2.50008e-05
2.18758e-05
6.25008e-05
5.00008e-05
8.12508e-05
7.81258e-05
.000140626
7.81258e-05
5.93758e-05
4.06258e-05
6.25008e-05
.000115626
.000128126
4.06258e-05
1.25008e-05
1.56258e-05
.000140626
8.12508e-05
2.18758e-05
2.81258e-05
2.50008e-05
6.56258e-05
3.43758e-05
-2.81242e-05
-1.24992e-05
7.62939e-10
4.37508e-05
2.18758e-05
1.87508e-05
-6.87492e-05
-2.18742e-05
2.81258e-05
.000118751
.000156251
9.68758e-05
9.37508e-05
6.87508e-05
.000146876
6.25008e-05
8.43758e-05
7.81258e-05
6.25008e-05
-9.37424e-06
5.31258e-05
9.06258e-05
4.37508e-05
6.25008e-05
6.56258e-05
5.93758e-05
.000118751
.000165626
6.56258e-05
7.62939e-10
-2.18742e-05
.000118751
.000218751
.000190626
-6.56242e-05
-2.49992e-05
.000125001
.000118751
5.93758e-05
-2.49992e-05
