2500
2.e-09
250
.481476
.000159375
.000138281
.00015
.000160937
.00015
.00015
.000183594
.000157031
.000150781
.000160937
.000161719
.000149219
.000165625
.000152344
.000163281
.0001875
.00015625
.000167969
.000134375
.000130469
.000141406
.000139844
.000186719
.000165625
.000146094
.000146875
.000160156
.000167187
.0001625
.000150781
.000164062
.000167969
.000171094
.00016875
.000163281
.00015625
.00014375
.000151562
.000172656
.000177344
.000185156
.000183594
.000149219
.000149219
.000166406
.000154687
.000177344
.000178906
.000142187
.000166406
.000149219
.000170312
.000146875
.000167969
.000153906
.000172656
.00018125
.000153906
.000163281
.000160156
.000180469
.0001625
.000173437
.000177344
.000174219
.000170312
.000149219
.000174219
.000171094
.000148437
.00016875
.000188281
.000152344
.000184375
.000185937
.000177344
.000171094
.000161719
.000145312
.000199219
.000138281
.000160156
.00016875
.000172656
.000165625
.000152344
.000164062
.000177344
.000153125
.00015625
.000154687
.000173437
.000177344
.000178125
.000171094
.000157812
.000183594
.000160937
.000174219
.000123437
.000167187
.000159375
.000130469
.000160937
.00015625
.000170312
.00016875
.000148437
.000159375
.000178906
.000171875
.000157031
.00014375
.000153906
.000151562
.000173437
.000185156
.000169531
.000164844
.000167187
.000165625
.000155469
.000165625
.000178125
.000154687
.000179687
.000171875
.000189062
.000183594
.000153125
.000148437
.000188281
.000176562
.000163281
.000160156
.000139062
.000169531
.000153906
.000185937
.000171094
.000144531
.000170312
.00019375
.000164844
.000171875
.000158594
.000141406
.000151562
.000139062
.000159375
.000140625
.000153906
.000163281
.000153906
.000182812
.000177344
.000170312
.000176562
.000144531
.000165625
.000151562
.000141406
.000180469
.000157031
.000166406
.000189844
.000175
.000134375
.000148437
.000165625
.000151562
.000170312
.00014375
.000163281
.00015
.000178125
.000166406
.0001875
.000153125
.000148437
.000163281
.000119531
.000152344
.000158594
.000175
.000166406
.000154687
.000160156
.000157812
.000149219
.000188281
.000160156
.000174219
.000182812
.000149219
.00018125
.000177344
.000175781
.000153906
.000149219
.000149219
.000183594
.000153906
.000147656
.000182812
.000191406
.000172656
.000177344
.000135156
.000182812
.000184375
.000175
.000173437
.00014375
.000132031
.000170312
.000175781
.000148437
.000150781
.000157031
.000141406
.00015
.000153906
.00016875
.000149219
.000169531
.000175
.000146875
.000190625
.0001625
.000173437
.000157812
.000153906
.000191406
.000132031
.000177344
.000164062
.000167187
.000147656
.00019375
.000171094
.000149219
.000160156
.000154687
.000182812
.000204687
.00016875
.000163281
.000157031
.000146094
.000188281
.0001625
.000148437
.000167969
.000159375
.000139062
.00019375
.000169531
.000183594
.000180469
.000153125
.000176562
.000164062
.0001875
.000165625
.00016875
.000179687
.000189844
.000164062
.000146094
.000160937
.000166406
.000185156
.000185937
.000185937
.000164844
.0002125
.000188281
.000185156
.000155469
.000167969
.000167969
.000177344
.000159375
.000186719
.000185937
.000202344
.000196094
.000200781
.000240625
.000263281
.000303125
.000342187
.000347656
.000433594
.000453125
.00050625
.00058125
.000659375
.000773437
.000896094
.00098125
.00114531
.00129687
.00144687
.00162812
.0017875
.00197422
.00213516
.00229844
.00238437
.00246641
.0024625
.00241953
.00229453
.00214297
.00193672
.00167109
.00140859
.00118359
.000854687
.000592969
.000322656
6.01561e-05
-.000185156
-.000421875
-.000635156
-.000791406
-.000995313
-.00116641
-.00131563
-.00147422
-.00160547
-.00173438
-.00183594
-.00193906
-.00201563
-.00208281
-.00213594
-.00218828
-.00221641
-.00221406
-.00224375
-.00226797
-.0023
-.00231563
-.00232578
-.00237031
-.00237188
-.00241953
-.00239219
-.00243359
-.00239141
-.00238906
-.00241953
-.00238984
-.00238281
-.00238828
-.00234844
-.00228516
-.00223281
-.00220391
-.00215938
-.00207188
-.00198984
-.00190781
-.00178047
-.00164297
-.00145859
-.00129141
-.00104688
-.000822656
-.000516406
-.000119531
.000908594
.00398984
.00846016
.0113719
.0124789
.0133227
.0136039
.0127453
.0112547
.00943125
.00728281
.00527422
.00372187
.002575
.00161797
.000884375
.000447656
.000264062
7.18748e-05
-.000159375
-.000414844
-.000764844
-.00118359
-.00164063
-.00208906
-.00253281
-.00289844
-.00313828
-.00329375
-.00329063
-.00323359
-.00310938
-.00286875
-.00257734
-.00229219
-.00202188
-.00181172
-.00169453
-.00169375
-.00173359
-.00180859
-.00200547
-.00214688
-.00225156
-.0023125
-.00230313
-.00226719
-.00218984
-.00208203
-.002025
-.00194766
-.00189609
-.00190313
-.00195234
-.00200469
-.00210625
-.00224297
-.00230234
-.002325
-.0022875
-.00222031
-.00205
-.00188047
-.00164141
-.00142266
-.00115
-.000921094
-.000707031
-.000503906
-.000353906
-.000184375
.000100781
.0008625
.00345156
.00743672
.010182
.0112305
.0119422
.0122562
.0115805
.0102742
.00864531
.00676875
.00491328
.00352266
.00247891
.00155391
.000799219
.000390625
.000111719
-.000171094
-.000478125
-.000753125
-.0010625
-.00151641
-.00196406
-.00239609
-.00275
-.00305391
-.00327188
-.00336563
-.00335234
-.00331172
-.00314609
-.00291719
-.00264297
-.00238359
-.00206563
-.00179766
-.00162891
-.00155156
-.00151797
-.00154531
-.00160859
-.00176797
-.00181172
-.00183594
-.00184375
-.00180859
-.00176641
-.00169219
-.00166484
-.00167422
-.00164766
-.00163906
-.00168203
-.00178125
-.00189297
-.00197031
-.00206094
-.00206016
-.00203516
-.00192109
-.00180234
-.00163281
-.00145391
-.00123047
-.00102969
-.00086875
-.00068125
-.000510938
-.000324219
-.00015625
.000153125
.00111016
.00398906
.00784922
.0101516
.0110164
.0117062
.011843
.0110133
.00967109
.00799141
.00611484
.00440469
.00307422
.00204766
.00120625
.0005125
.00011875
-.000158594
-.000410156
-.000726563
-.001
-.00132422
-.00175156
-.00214063
-.00252656
-.00283672
-.00315938
-.00334375
-.00339219
-.00338359
-.00329141
-.00315313
-.00288359
-.00261797
-.00235391
-.00203438
-.00180625
-.00162656
-.00153438
-.00151328
-.001575
-.00166172
-.00175469
-.00182422
-.00185547
-.00183594
-.00176563
-.00166328
-.00160547
-.00154688
-.00154297
-.00152266
-.0015125
-.00158125
-.001675
-.00177969
-.00187969
-.00193594
-.00195547
-.00188672
-.00182578
-.00167422
-.00153281
-.00134297
-.00112578
-.000966406
-.000771875
-.000607813
-.000427344
-.00026875
-1.09377e-05
.000459375
.002325
.00608125
.00934453
.0106898
.0113977
.0119102
.0115125
.0103477
.00879453
.007025
.00512656
.00358594
.00243125
.00157266
.000764844
.000203125
-5.23439e-05
-.000307813
-.00054375
-.000853125
-.00117188
-.00155469
-.00199531
-.0023875
-.00276719
-.00307969
-.00330547
-.00344297
-.00340156
-.00335234
-.00320781
-.00299609
-.00270781
-.00241953
-.00212422
-.00185
-.00165625
-.00155781
-.00151875
-.00152344
-.00158438
-.00166797
-.00176875
-.00180625
-.00181641
-.00174375
-.00167109
-.00158906
-.00155781
-.00152344
-.00149766
-.00152031
-.00155703
-.00162188
-.00173984
-.00185469
-.00195703
-.00194844
-.00195313
-.001925
-.00178047
-.0016
-.00145781
-.00124844
-.00102188
-.000827344
-.000653906
-.000454688
-.000311719
-9.60939e-05
.000209375
.00133203
.00443828
.00825312
.0103156
.0111648
.0117945
.0118187
.0109016
.00948984
.00780703
.00587656
.00417812
.00292656
.00194453
.00110469
.00041875
3.98436e-05
-.000179688
-.000447656
-.000707031
-.00101641
-.00141406
-.00180234
-.00223203
-.00263906
-.00295391
-.00325703
-.00343125
-.00346641
-.00343125
-.00330938
-.00311172
-.00286563
-.00257109
-.00226641
-.00199453
-.00179766
-.00159766
-.00151016
-.00153516
-.00156016
-.00162031
-.00174375
-.00177891
-.00180859
-.0018
-.00171875
-.00164766
-.00160703
-.00155781
-.00154297
-.00155391
-.00154531
-.00161797
-.00172813
-.00183281
-.00193984
-.00198672
-.00198672
-.00190078
-.00184688
-.00168047
-.00151094
-.00131641
-.00109375
-.000903906
-.000728906
-.000522656
-.000320313
-.000172656
5.70311e-05
.000638281
.00281953
.00663828
.00965234
.0107656
.0114508
.0118687
.011343
.0100906
.00850312
.00667266
.00485156
.00339687
.00229609
.00136797
.000665625
.000158594
-9.76564e-05
-.000353906
-.000669531
-.00094375
-.00124531
-.0016375
-.00208594
-.00244141
-.00282344
-.00312422
-.00332266
-.00344219
-.00341094
-.00331875
-.00320781
-.00295938
-.00269297
-.0023875
-.00211953
-.00181172
-.00163281
-.00151953
-.00153125
-.00151641
-.00157891
-.00166797
-.00176094
-.00179219
-.00178594
-.00175313
-.001675
-.00157969
-.00154688
-.00148359
-.00149219
-.00148672
-.00154844
-.00161875
-.00174531
-.00182734
-.00194609
-.00196484
-.00192578
-.00187813
-.00173203
-.00155313
-.00138984
-.00120078
-.000978906
-.000839063
-.000657031
-.000450781
-.000270313
-8.04689e-05
.0002875
.00162578
.00494453
.00859687
.0104047
.0111273
.0117258
.0116406
.0106039
.00917578
.00742891
.00554609
.00391797
.00275078
.00177109
.000944531
.00035625
-2.89064e-05
-.00025625
-.000500781
-.000807813
-.00110078
-.00145547
-.0018875
-.00231484
-.00267266
-.00297734
-.00325938
-.00340781
-.00345
-.0034
-.00329922
-.00307891
-.00285313
-.00256172
-.00224063
-.00195
-.00174063
-.00159531
-.00154063
-.00152266
-.00156953
-.00161797
-.00174922
-.00180547
-.00181172
-.00177891
-.00168672
-.00162422
-.0015875
-.00151094
-.00147266
-.0015125
-.00153906
-.00159844
-.0017
-.00179766
-.00192969
-.00195078
-.00197422
-.00188047
-.00179219
-.00169609
-.00152266
-.00134766
-.00115391
-.000953125
-.000829688
-.000685938
-.000565625
-.000455469
-.000317188
-.000116406
7.96873e-05
.0004125
.000972656
.00182187
.00324141
.00504922
.00645625
.00725391
.00762656
.00767187
.007275
.00650391
.00553594
.00445547
.00343828
.00251953
.00178828
.00120781
.000729687
.000367187
.000164844
-1.79689e-05
-.000178125
-.000351563
-.000507813
-.0006875
-.000851563
-.00101094
-.00119531
-.00132578
-.00133359
-.00133594
-.00130156
-.00115469
-.00100781
-.000810156
-.000552344
-.000317188
-9.29689e-05
.000108594
.000272656
.000336719
.000384375
.000382031
.000372656
.0003125
.000273437
.000274219
.000258594
.000242187
.000232031
.000273437
.00025625
.000246875
.000267969
.000233594
.000176562
.000141406
4.45311e-05
-4.53127e-05
-.000129688
-.00016875
-.000213281
-.000242969
-.000282031
-.000271094
-.000276563
-.000280469
-.000267188
-.000274219
-.000310156
-.000366406
-.000457031
-.000526563
-.000636719
-.000678906
-.000778125
-.000867188
-.000875781
-.000909375
-.000867188
-.000835938
-.000771094
-.00068125
-.000563281
-.00049375
-.000363281
-.000267188
-.000203906
-.000135156
-4.37502e-05
2.49998e-05
3.35936e-05
.000128906
.000144531
.000219531
.000278125
.000408594
.000450781
.00053125
.000610937
.000676562
.000747656
.000789844
.000844531
.000842187
.000896094
.000874219
.000863281
.000859375
.000839844
.000858594
.000808594
.000799219
.000805469
.000782031
.000746094
.000735937
.000689062
.000664062
.000597656
.000546094
.000489844
.000450781
.000417969
.000359375
.000235937
.000201562
.000167187
.000117187
7.18748e-05
4.76561e-05
1.95311e-05
6.24981e-06
-7.81269e-06
-3.43752e-05
-8.04689e-05
-8.59377e-05
-.000136719
-.00016875
-.000202344
-.000258594
-.000273438
-.000311719
-.00029375
-.000296875
-.000300781
-.000264844
-.000214844
-.000225
-.00019375
-.000189844
-.000129688
-.000150781
-.000105469
-9.29689e-05
-5.39064e-05
-1.40627e-05
-7.10939e-05
-4.68769e-06
5.46856e-06
3.04686e-05
4.76561e-05
8.90623e-05
9.53123e-05
8.59373e-05
.000157812
.000154687
.00020625
.000210156
.000240625
.000255469
.000239062
.000283594
.000255469
.000286719
.000309375
.0003
.000307812
.000326562
.000317187
.000313281
.000340625
.000321875
.000301562
.0002875
.0002875
.000275
.000263281
.000267969
.000240625
.0002625
.000228125
.000223437
.000223437
.00025625
.000217969
.000202344
.000228125
.000235156
.000228125
.000195312
.000200781
.000220312
.000188281
.000173437
.000186719
.000169531
.000165625
.000163281
.000177344
.000167187
.000150781
.000169531
.000146875
.000153125
.000149219
.000113281
.000135156
.000128125
9.99998e-05
.000102344
9.68748e-05
.000121875
.000119531
9.68748e-05
.000120312
.000116406
.000103906
8.28123e-05
8.51561e-05
.000101562
8.59373e-05
9.60936e-05
8.82811e-05
8.51561e-05
.000124219
.000103125
.000103906
.000101562
9.53123e-05
.000103125
.000100781
7.89061e-05
9.92186e-05
.000110156
.000142187
.000117969
.000154687
.0001375
.000178125
.000178125
.000177344
.000192969
.000172656
.000194531
.000180469
.000225
.000210156
.000198437
.000230469
.000227344
.000194531
.000215625
.000203906
.00020625
.000209375
.000204687
.000182812
.000198437
.000174219
.000165625
.00016875
.000171875
.000159375
.000172656
.000138281
.000132031
.000124219
.000158594
.000164844
.000150781
.000145312
.000117969
.00015
.000150781
.00013125
.000132812
.000157031
.000133594
.000157031
.000122656
.000130469
.000128906
.00015
.000117187
.000126562
.000132812
.000122656
.000150781
.000138281
.000132812
.000129687
.000128906
.000120312
.000152344
.000130469
.000132812
.000151562
.000119531
.000141406
.0001375
.000139844
.000145312
.000135156
.000145312
.000135156
.000135156
.00015
.000174219
.00014375
.000134375
.000140625
.000141406
.000147656
.000149219
.000142187
.000149219
.000147656
.000159375
.000164844
.000150781
.00015
.000164062
.000125781
.000176562
.000149219
.000157031
.000134375
.000153906
.000159375
.000151562
.0001375
.000142969
.000139062
.000128906
.000122656
.000113281
.000116406
.000108594
.000116406
.000130469
.000120312
.000111719
.000123437
.00011875
.00011875
.000116406
.000128906
.000149219
.000135937
.000121094
.00013125
.000161719
.000146875
.000150781
.000111719
.000134375
.000123437
.000122656
.000114062
.000121094
.000117187
.0001125
.000123437
9.60936e-05
.000126562
.000102344
.000100781
.000115625
.0001125
.000149219
.000157812
.00010625
.000138281
.000169531
.000146094
.000175781
.00016875
.0001625
.000173437
.000189062
.000199219
.000163281
.000172656
.000200781
.000214844
.000200781
.000190625
.000176562
.000170312
.000189844
.000196875
.000207031
.000197656
.000172656
.000196094
.000172656
.000183594
.000132031
.00018125
.000170312
.000134375
.00014375
.000148437
.000145312
.000150781
.000138281
.000171094
.000129687
.0001375
.000129687
.000103125
.000160937
.000124219
.000107812
.000148437
.000125
.000105469
.000140625
.000128906
.000135937
.000126562
.000127344
.000142969
.000152344
.000153906
.000146875
.000164844
.000171094
.000153906
.000146875
.000114062
.00014375
.000159375
.00015
.000121094
.000130469
.00011875
.000142187
.000139062
.000139062
.000146094
.000157812
.000165625
.000142187
.000129687
.000178125
.000175
.000174219
.000141406
.000160937
.00016875
.000179687
.000153906
.000153906
.000149219
.000149219
.000175
.000142187
.000139844
.000132031
.000155469
.000157812
.000136719
.00013125
.000186719
.000159375
.000130469
.000154687
.000121094
.000146094
.000121875
.000116406
.000125
.00013125
.000171875
.000128906
.000107812
.000119531
.00014375
.000133594
.000130469
.000123437
.000132031
.000123437
.000150781
.000132031
.000142187
.000128125
.000153125
.000122656
.000133594
.000151562
.000158594
.000189062
.000178125
.000160156
.000172656
.000178125
.000184375
.000185937
.00016875
.000151562
.000163281
.000182031
.000135937
.000175
.00015625
.000163281
.000171875
.000180469
.000173437
.000167187
.000166406
.000179687
.000127344
.000177344
.000160937
.000151562
.00015625
.000161719
.000179687
.000149219
.000157031
.000169531
.000210156
.00016875
.000138281
.000130469
.00015
.000133594
.000153125
.000141406
.000150781
.000154687
.000146875
.000140625
.000159375
.000107031
.000141406
.000134375
.000109375
.000115625
.000103125
.000111719
.000111719
.000100781
9.60936e-05
9.37498e-05
.000115625
.000109375
.000121875
.000122656
.000177344
.000150781
.000142187
.000150781
.000128125
.000141406
.000154687
.000132812
.000150781
.000121875
.000124219
.000153125
.000164062
.000150781
.000127344
.000163281
.0001625
.000165625
.000148437
.000146094
.000174219
.000149219
.000152344
.000158594
.000164844
.000163281
.00013125
.000163281
.000158594
.000153906
.000177344
.000145312
.000152344
.000140625
.0001875
.000155469
.000140625
.000152344
.000149219
.000177344
.000158594
.000140625
.000145312
.000167187
.000161719
.000135156
.000135937
.000135937
.000158594
.000172656
.000146875
.000145312
.000123437
.000147656
.000148437
.000155469
.000141406
.000150781
.000154687
.000125
.000146875
.000121875
.000134375
.000123437
.000139062
9.53123e-05
.000117187
.000126562
.00015625
.000127344
.000125781
.00015
.000125
.000160937
.000146094
.000153906
.000139844
.000146875
.000180469
.000128906
.000146875
.000149219
.000173437
.000171094
.000178125
.000161719
.000169531
.000184375
.000164844
.000165625
.000165625
.000192969
.000171094
.000146875
.000152344
.000142969
.000186719
.000150781
.000155469
.000163281
.000184375
.000164844
.000153906
.000166406
.00016875
.000182031
.000175781
.000171094
.000167969
.000139844
.00015625
.000192187
.000147656
.000152344
.00015
.000145312
.00015
.0001625
.000146094
.000146094
.00011875
.0001375
.000121094
.000129687
.000123437
.000132031
.000125781
.000133594
.000121094
.000119531
.000138281
.000163281
.000142969
.000124219
.0001375
.000116406
.000135937
9.37498e-05
.000139062
.000107812
.000142969
.000133594
.00011875
.000125
.000119531
.000139062
.00015
.000142969
.000133594
.000145312
.000167969
.000161719
.000127344
.000150781
.000132812
.000153125
.000159375
.000132812
.00016875
.000135156
.00018125
.000157812
.000149219
.000157812
.000157812
.000157031
.000160937
.000146094
.000173437
.000153906
.000165625
.000148437
.000164844
.0001625
.00015625
.000153125
.000204687
.00015
.000174219
.000154687
.000157031
.000146094
.000173437
.000139844
.000157812
.000176562
.000185937
.000176562
.00015625
.000153125
.000152344
.000176562
.000159375
.00016875
.000128125
.00015
.00015
.000140625
.000176562
.000136719
.000154687
.000149219
.000125
.000150781
.000142969
.000123437
.000140625
.000149219
.000111719
.000103125
.000135156
.000145312
.000120312
.000150781
.000140625
.0001625
.000142969
.000115625
.000165625
.000147656
.000117969
.000147656
.00013125
.000125
.000167969
.000153125
.000150781
.000125781
.000142969
.000166406
.000138281
.000154687
.000146875
.000120312
.000147656
.000157812
.000139062
.000146875
.000147656
.000155469
.000140625
.00014375
.000144531
.000178125
.000157031
.00015
.000163281
.000152344
.000154687
.00015
.000196094
.000150781
.000140625
.000165625
.000163281
.000114844
.000146094
.000107812
.000139062
.000155469
.000171094
.000132812
.000136719
.000142187
.000135156
.000171875
.000151562
.000139844
.000167187
.000151562
.000132031
.000142969
.000150781
.000144531
.000153125
.000151562
.000140625
.000129687
.000141406
.000136719
.000138281
.000122656
.000148437
.000151562
.000120312
.000130469
.000144531
.000160937
.0001375
.000141406
.000139062
.000150781
.000144531
.000157812
.000135156
.000142187
.000157812
.000164062
.000132812
.000167969
.000154687
.000157812
.000149219
.000138281
.000157812
.000163281
.000150781
.000145312
.000146094
.000136719
.000153125
.000151562
.000171094
.00014375
.000152344
.000135937
.000163281
.000167187
.000129687
.000126562
.000166406
.000154687
.000169531
.000158594
.000164062
.000160156
.000146094
.000152344
.000140625
.000132031
.000159375
.000158594
.000132031
.000165625
.000161719
.000167187
.000175
.0001625
.000153125
.000132812
.000155469
.000160156
.000166406
.00013125
.000139062
.000167969
.000155469
.000145312
.00014375
.000127344
.000151562
.00015
.000150781
.000164844
.000170312
.000147656
.000145312
.000170312
.000135937
.000172656
.000160156
.000164062
.000150781
.000157812
.000153125
.000141406
.000150781
.000138281
.000154687
.000150781
.000150781
.00015
.000142187
.000136719
.000190625
.000164844
.000150781
.000145312
.000151562
.000140625
.000172656
.000125
.00015625
.000128906
.000169531
.000128906
.000163281
.000135156
.000136719
.000167969
.000173437
.000153906
.000144531
.0001625
.000150781
.000175781
.000146094
.00014375
.000171094
.000174219
.000160937
.00011875
.000164062
.000169531
.000161719
.000115625
.000146875
.000151562
.000166406
.000140625
.000127344
.000153125
.000136719
.0001375
.000167187
.000148437
.000139062
.000149219
.00015625
.0001625
.000148437
.000159375
.000121875
.000170312
.000160156
.000116406
.000166406
.000164844
.000153125
.000135937
.000150781
.00015
.00014375
.000114844
.000167969
.000128906
.000163281
.000146094
.000154687
.000153906
.000135937
.00013125
.000167969
.00014375
.000178125
.00015625
.000161719
.000130469
.000171094
.000147656
.000142187
.000157031
.000161719
.000167187
.000163281
.000132031
.000163281
.000153906
.000157031
.000163281
.000153906
.000157031
.000134375
.000155469
.000182812
.000142187
.000153125
.000134375
.000150781
.000148437
.000164844
.000167969
.000149219
.000165625
.000153125
.000145312
.000146875
.000165625
.000150781
.000135156
.000132031
.000152344
.000173437
.000145312
.000172656
.000164062
.00011875
.000165625
.000159375
.000125781
.000179687
.000119531
.00014375
.000165625
.000149219
.000147656
.000182812
.000111719
.000160156
.000160156
.000139062
.000167187
.000130469
.000160156
.0001625
.000153906
.000149219
.000163281
.0001375
.000150781
.000177344
.000159375
.000153125
.000149219
.000125
.000161719
.000155469
.000127344
.000153906
.000154687
.00014375
.000146094
.000164062
.000135156
.000170312
.000180469
.000154687
.000130469
8.98436e-05
.000164062
.000145312
.000120312
.000164062
.000139844
.000171875
.000149219
.000142969
.0001375
.000189062
.000182812
.000159375
.000165625
.000184375
.000192187
.000170312
.000182031
.000191406
.000175781
.000175781
.000163281
.000150781
.000182031
.000180469
.000141406
.000163281
.000149219
.00013125
.000173437
.000158594
.000152344
.000163281
.00014375
.000146875
.000147656
.000139062
.000117969
.000185937
.000138281
.000138281
.000157031
.000136719
.000164062
.000157812
.000150781
.000158594
.000122656
.000167187
.000147656
.000171875
.000160937
.00016875
.000160156
.000124219
.000192187
.000121875
.000149219
.00015625
.000164062
.000158594
.000163281
.000133594
.000160937
.000158594
.000135156
.000166406
.000154687
.000161719
.000167187
.00016875
.000173437
.000178125
.000157812
.000144531
.000160156
.000113281
.000161719
.000164844
.00011875
.000175781
.000133594
.000172656
.000153125
.000146875
.000158594
.000157031
.0001625
.000154687
.000142187
.000139844
.00016875
.000149219
.000155469
.000152344
.000132812
.000152344
.000124219
.000152344
.000149219
.000182812
.000146094
.000139844
.000149219
.000144531
.000146875
.000145312
.000154687
.000139062
.000128125
.000151562
.00018125
.000142969
.000163281
.000159375
.000136719
.000164062
.000154687
.000128125
.00019375
.000147656
.000128906
.000151562
.000157031
.000175
.000146094
.000147656
.000132031
.000165625
.000146094
.000152344
.000139844
.000147656
.000167187
.000146094
.000132031
.000153125
.000172656
.000178906
.000159375
.000155469
.000185937
.0001875
.000165625
.000172656
.000158594
.000125
.000140625
.000160937
.000132812
.000155469
.000153125
.000153906
.0001375
.00015
.000157812
.000161719
.000132031
.000188281
.000151562
.000161719
.000148437
.000175781
.0001625
.000139844
.000142969
.000150781
.000169531
.000185156
.000170312
.000150781
.000140625
.000165625
.000154687
.000148437
.000173437
.000125781
.000124219
.000121094
.000150781
.000157812
.000164844
.000125781
.000155469
.000147656
.000133594
.000135937
.000148437
.000155469
.0001875
.000153906
.000148437
.000171875
.00015
.000153125
.0001875
.00015
.000196875
.000195312
.000178125
.000155469
.000171875
.000194531
.000141406
.000192969
.0001625
.000153906
.000135937
.000134375
.000171875
.000135937
.000152344
.000146875
.000135937
.000147656
.000117187
.000139062
.000159375
.000146094
.000164062
.000127344
.000142969
.000152344
.000136719
.000164062
.000174219
.000154687
.000147656
.000164062
.000139844
.000182031
.000152344
.000135156
.000117969
.000179687
.000182031
.000189062
.000166406
.000139844
.000153906
.000160937
.000144531
.000147656
.00014375
.000138281
.000135156
.000130469
.000132031
.000155469
.000132031
.000157031
.000139062
.000136719
.000133594
.000152344
.000146875
.000142969
.000142969
.000135156
.000174219
.000160156
.000144531
.000154687
.000167187
.000196094
.000157031
.000150781
.000164062
.000190625
.000157812
.000178906
.000132031
.000170312
.000160937
.000178906
.000173437
.000140625
.000158594
.000165625
.000175
.000157031
.000150781
.000148437
.000159375
.000157031
.000142187
.000164844
.000128125
.000167187
.000160156
.000139062
.000165625
.000180469
.000147656
.000138281
.000163281
.000146094
.000160156
.000167187
.000142969
.000145312
.000164062
.000161719
.000165625
.000210937
.000153125
.000153125
.000154687
.000154687
.000178906
.00013125
.000197656
.000166406
.000138281
.000129687
.000170312
.000157031
.000180469
.000175781
.000138281
.00015
.00016875
.000151562
.000183594
.000179687
.00016875
.000149219
.000154687
.000190625
.000171094
.000149219
.000192969
.000145312
.000154687
.000142969
.000148437
.000136719
.000175781
.000150781
.0001625
.000132031
.000144531
.000159375
.000147656
.000149219
.000152344
.000173437
.000165625
.000152344
.000164062
.000170312
.000155469
.000146094
.000139844
.000147656
.000150781
.000148437
.000146875
.000183594
.000135156
.000173437
.000138281
.000141406
.000125781
.000155469
.000173437
.000173437
.00015625
.00015625
.000140625
.00018125
.000130469
.000141406
.0001625
.000178906
.000167187
.000153906
.000139062
.000135937
.000165625
.000160156
.000153125
.000122656
.000160937
.000139062
.000178125
.000159375
.000171875
.000146875
.000161719
.00015625
.000132812
.000134375
.000163281
.000158594
.000144531
.000188281
.0001375
.000154687
.000167187
.000149219
.0001625
.000114844
.000163281
.000157812
.000177344
.000150781
.000152344
.000153125
.000157812
.0001375
.000132031
.000157812
.000151562
.000128906
.000171094
.000153125
.00015
.000167187
.000146094
.000160156
.000144531
.000163281
.000130469
.000177344
.000153906
.000130469
.000139844
.000188281
.000151562
.000149219
.000132812
.000152344
.000133594
.000136719
.00011875
.00016875
.000128906
.000154687
.000142969
.000144531
.000125
.00015625
.000149219
.00015
.000157031
.000157031
.000152344
.0001625
.00016875
.000121875
.000128906
.00014375
.000163281
.00018125
.000157812
.000159375
.00015625
.000146094
.000141406
.000134375
.000185156
.000132812
.000173437
.000134375
.000158594
.000151562
.000154687
.000140625
.000139844
.000141406
.000133594
.000139844
.000154687
.000136719
.000182031
.000150781
.000173437
.000167969
.000132031
.000153125
.000163281
.000175781
.000148437
.000167969
.000155469
.000157031
.000158594
.000171094
.000135937
.000196094
.000141406
.000171094
.000159375
.000132812
.000157812
.000149219
.000134375
.000163281
.000141406
.000167969
.000164844
.000173437
.000129687
.000170312
.000180469
.000178906
.000164844
.000176562
.000146094
.000167969
.000149219
.000144531
.000182812
.0001625
.00015625
.000172656
.000146094
.000136719
.000149219
.000198437
.000155469
.000135937
.00018125
.000166406
.000161719
.000166406
.0001375
.000152344
.000150781
.000160937
.000144531
