2500
2.e-09
250
.492889
-4.99992e-05
-3.12492e-05
3.12508e-05
4.37508e-05
-1.56242e-05
-3.12492e-05
-4.68742e-05
3.43758e-05
8.75008e-05
-4.68742e-05
-5.62492e-05
2.18758e-05
-1.24992e-05
4.68758e-05
-8.12492e-05
-9.99992e-05
-1.56242e-05
-9.68742e-05
7.50008e-05
8.12508e-05
-6.56242e-05
-.000103124
7.62939e-10
2.50008e-05
5.00008e-05
-1.24992e-05
-9.37492e-05
-6.24924e-06
2.81258e-05
-4.37492e-05
3.75008e-05
-9.06242e-05
-2.49992e-05
-1.24992e-05
-9.37424e-06
-6.56242e-05
-9.37424e-06
-6.24992e-05
7.62939e-10
-1.87492e-05
-4.06242e-05
-3.74992e-05
7.62939e-10
-1.56242e-05
-4.06242e-05
7.62939e-10
5.31258e-05
1.25008e-05
-5.62492e-05
-9.37492e-05
6.56258e-05
6.87508e-05
.000131251
1.87508e-05
-.000231249
-6.24992e-05
3.12576e-06
3.43758e-05
7.62939e-10
-.000121874
-1.87492e-05
9.37508e-05
.000150001
-6.87492e-05
-.000121874
-2.18742e-05
.000212501
.000178126
4.68758e-05
-.000137499
-9.06242e-05
1.87508e-05
3.43758e-05
-8.43742e-05
-3.74992e-05
-6.24924e-06
.000109376
9.68758e-05
-1.56242e-05
-8.74992e-05
4.06258e-05
6.87508e-05
-2.81242e-05
-3.12492e-05
-4.06242e-05
.000100001
.000134376
1.25008e-05
-9.99992e-05
-3.12492e-05
1.25008e-05
2.50008e-05
-8.43742e-05
-.000137499
-2.18742e-05
.000175001
9.37508e-05
-6.24924e-06
-9.68742e-05
-1.24992e-05
.000125001
9.68758e-05
-.000134374
-.000134374
-6.56242e-05
4.68758e-05
6.87508e-05
-3.43742e-05
-.000137499
1.25008e-05
9.68758e-05
7.81258e-05
-7.81242e-05
6.25076e-06
5.00008e-05
9.06258e-05
-3.43742e-05
-2.81242e-05
-8.43742e-05
6.25008e-05
4.06258e-05
-6.56242e-05
5.31258e-05
3.12576e-06
-3.12492e-05
4.68758e-05
-8.12492e-05
-4.99992e-05
2.18758e-05
.000125001
5.00008e-05
-1.87492e-05
-7.81242e-05
2.18758e-05
2.50008e-05
5.31258e-05
-2.81242e-05
-3.12424e-06
9.37508e-05
8.12508e-05
7.62939e-10
-4.68742e-05
9.37576e-06
-6.56242e-05
.000153126
4.37508e-05
-9.68742e-05
-3.43742e-05
5.31258e-05
4.06258e-05
4.68758e-05
3.12508e-05
-7.81242e-05
.000106251
7.81258e-05
1.56258e-05
3.12508e-05
7.50008e-05
5.00008e-05
7.18758e-05
9.37508e-05
5.93758e-05
6.25008e-05
7.62939e-10
5.93758e-05
7.62939e-10
-1.56242e-05
8.43758e-05
8.75008e-05
-5.31242e-05
-4.06242e-05
1.87508e-05
.000150001
.000106251
-9.37424e-06
-2.81242e-05
1.25008e-05
9.68758e-05
.000125001
3.12576e-06
-.000153124
-1.56242e-05
.000125001
3.75008e-05
4.06258e-05
-4.68742e-05
2.81258e-05
8.75008e-05
.000100001
2.50008e-05
-8.43742e-05
-3.43742e-05
3.12508e-05
9.37576e-06
-9.37424e-06
-1.87492e-05
-9.99992e-05
1.25008e-05
5.00008e-05
-6.56242e-05
2.18758e-05
9.06258e-05
-3.12424e-06
-3.12424e-06
-3.12492e-05
-6.24992e-05
.000112501
5.31258e-05
-1.56242e-05
-4.06242e-05
-6.56242e-05
6.87508e-05
.000109376
-6.24992e-05
-5.62492e-05
-6.24992e-05
6.56258e-05
-5.93742e-05
-.000159374
-.000140624
3.43758e-05
8.75008e-05
9.06258e-05
-2.81242e-05
-6.24992e-05
-7.49992e-05
.000128126
.000171876
4.06258e-05
-5.31242e-05
-6.87492e-05
8.75008e-05
.000143751
5.62508e-05
6.25076e-06
-2.49992e-05
1.56258e-05
-1.87492e-05
-2.49992e-05
-3.43742e-05
1.87508e-05
-3.74992e-05
2.18758e-05
5.93758e-05
-1.87492e-05
.000125001
-2.18742e-05
-.000131249
-2.49992e-05
9.37576e-06
6.25008e-05
2.18758e-05
-.000128124
-.000109374
7.50008e-05
2.81258e-05
-4.37492e-05
-7.49992e-05
-.000115624
6.25076e-06
8.43758e-05
2.18758e-05
6.25076e-06
-6.24924e-06
1.25008e-05
.000109376
.000109376
5.00008e-05
9.37576e-06
-4.99992e-05
-2.81242e-05
-2.18742e-05
-3.74992e-05
-9.68742e-05
-8.12492e-05
-6.56242e-05
-9.37424e-06
-1.87492e-05
-9.06242e-05
-4.68742e-05
-9.37424e-06
-3.43742e-05
4.37508e-05
-5.31242e-05
-2.49992e-05
6.25076e-06
3.12508e-05
4.06258e-05
-5.62492e-05
1.87508e-05
-3.43742e-05
2.50008e-05
6.56258e-05
6.25008e-05
-1.56242e-05
-3.43742e-05
5.31258e-05
-4.37492e-05
2.50008e-05
9.68758e-05
5.00008e-05
2.81258e-05
-3.43742e-05
-1.24992e-05
9.06258e-05
.000106251
5.00008e-05
4.37508e-05
-8.12492e-05
6.87508e-05
.000106251
3.43758e-05
-2.81242e-05
3.12508e-05
.000171876
.000100001
-1.24992e-05
-8.12492e-05
-2.18742e-05
6.56258e-05
7.50008e-05
5.00008e-05
-4.99992e-05
9.06258e-05
.000196876
5.93758e-05
.000121876
-1.87492e-05
2.18758e-05
.000128126
5.62508e-05
-3.74992e-05
-8.12492e-05
-9.37424e-06
8.75008e-05
4.06258e-05
-3.12492e-05
2.18758e-05
.000143751
.000100001
1.25008e-05
-9.68742e-05
2.18758e-05
6.25008e-05
7.50008e-05
2.81258e-05
3.75008e-05
6.56258e-05
-6.24924e-06
5.00008e-05
-1.87492e-05
-5.62492e-05
2.18758e-05
5.62508e-05
3.12576e-06
-.000137499
3.12576e-06
.000134376
1.56258e-05
9.37576e-06
-4.06242e-05
-3.43742e-05
7.18758e-05
2.50008e-05
-6.24992e-05
3.75008e-05
8.75008e-05
8.43758e-05
.000121876
4.68758e-05
6.25076e-06
1.25008e-05
9.68758e-05
3.12508e-05
-2.18742e-05
-9.37424e-06
5.31258e-05
9.37576e-06
-9.37424e-06
-2.49992e-05
-2.81242e-05
-7.49992e-05
9.68758e-05
-2.18742e-05
-3.43742e-05
7.62939e-10
-6.56242e-05
2.18758e-05
9.37576e-06
-2.49992e-05
-3.74992e-05
3.12508e-05
4.68758e-05
-3.12424e-06
-6.87492e-05
-9.68742e-05
5.31258e-05
2.81258e-05
-1.24992e-05
5.62508e-05
-9.68742e-05
8.75008e-05
8.43758e-05
-3.43742e-05
1.87508e-05
-3.74992e-05
4.37508e-05
.000140626
7.62939e-10
2.50008e-05
9.68758e-05
1.56258e-05
5.31258e-05
2.50008e-05
-.000109374
-1.56242e-05
4.68758e-05
8.75008e-05
1.87508e-05
-2.18742e-05
-4.99992e-05
3.12508e-05
-2.18742e-05
-3.12424e-06
-1.87492e-05
-3.12492e-05
4.37508e-05
5.00008e-05
9.37576e-06
3.75008e-05
.000137501
2.81258e-05
-2.49992e-05
-3.12424e-06
-9.99992e-05
9.37508e-05
8.43758e-05
-3.74992e-05
-6.56242e-05
-1.56242e-05
7.50008e-05
7.18758e-05
-5.31242e-05
-.000174999
-1.24992e-05
8.75008e-05
.000109376
4.37508e-05
-.000103124
5.31258e-05
8.12508e-05
.000137501
5.93758e-05
-4.68742e-05
-3.43742e-05
.000121876
3.75008e-05
4.06258e-05
-1.24992e-05
2.18758e-05
5.31258e-05
4.06258e-05
-2.18742e-05
2.81258e-05
5.31258e-05
9.37576e-06
-9.37424e-06
4.37508e-05
.000106251
.000134376
-9.37424e-06
-5.62492e-05
-2.81242e-05
5.00008e-05
.000156251
7.18758e-05
-8.74992e-05
-1.87492e-05
7.81258e-05
.000165626
6.25008e-05
-.000124999
-2.18742e-05
6.56258e-05
.000153126
2.18758e-05
-6.24924e-06
-.000109374
5.31258e-05
.000125001
.000112501
9.37576e-06
-2.18742e-05
3.12576e-06
9.68758e-05
9.06258e-05
-1.56242e-05
7.81258e-05
1.25008e-05
5.93758e-05
1.87508e-05
1.87508e-05
8.43758e-05
7.81258e-05
4.06258e-05
-2.49992e-05
-3.12424e-06
.000100001
.000100001
-9.37492e-05
-5.31242e-05
8.12508e-05
7.62939e-10
.000100001
4.68758e-05
-7.81242e-05
-3.12424e-06
2.18758e-05
8.12508e-05
7.81258e-05
-.000103124
-3.12424e-06
.000143751
.000103126
3.12508e-05
-3.74992e-05
-6.87492e-05
5.31258e-05
.000159376
3.12508e-05
-7.18742e-05
-3.12492e-05
.000100001
.000196876
5.00008e-05
.000118751
6.56258e-05
1.87508e-05
1.25008e-05
2.50008e-05
5.31258e-05
-2.81242e-05
2.81258e-05
9.37576e-06
9.06258e-05
6.25008e-05
-8.74992e-05
-7.49992e-05
-1.56242e-05
3.12576e-06
9.37576e-06
2.50008e-05
-6.87492e-05
-9.06242e-05
-3.74992e-05
9.37508e-05
-3.12424e-06
-2.49992e-05
-3.43742e-05
-1.56242e-05
4.06258e-05
.000150001
2.50008e-05
-4.68742e-05
-.000121874
1.87508e-05
.000103126
6.56258e-05
-4.37492e-05
-2.18742e-05
-3.12492e-05
5.00008e-05
7.18758e-05
2.81258e-05
-4.68742e-05
-7.18742e-05
7.18758e-05
9.06258e-05
.000112501
4.68758e-05
2.50008e-05
9.37508e-05
.000128126
-2.18742e-05
3.12576e-06
5.93758e-05
4.68758e-05
5.31258e-05
-1.24992e-05
1.25008e-05
4.68758e-05
3.12508e-05
-4.99992e-05
7.62939e-10
-1.24992e-05
.000150001
3.12576e-06
-1.56242e-05
6.56258e-05
.000103126
.000150001
2.81258e-05
-1.24992e-05
-6.24992e-05
8.12508e-05
.000103126
4.06258e-05
-9.37424e-06
-1.56242e-05
.000153126
.000178126
9.37508e-05
-7.81242e-05
-4.68742e-05
2.18758e-05
3.75008e-05
-9.37424e-06
-9.37492e-05
-3.43742e-05
8.43758e-05
6.87508e-05
7.62939e-10
-8.12492e-05
-8.43742e-05
4.37508e-05
4.68758e-05
4.37508e-05
-.000121874
8.12508e-05
.000103126
3.43758e-05
-5.62492e-05
-3.12492e-05
5.62508e-05
.000103126
2.81258e-05
-2.18742e-05
3.75008e-05
7.62939e-10
4.37508e-05
-6.24924e-06
-2.81242e-05
9.06258e-05
5.93758e-05
5.31258e-05
-5.62492e-05
-4.99992e-05
5.00008e-05
8.12508e-05
9.06258e-05
-1.87492e-05
-9.68742e-05
8.12508e-05
.000146876
3.12508e-05
-2.18742e-05
-5.62492e-05
7.18758e-05
.000196876
5.93758e-05
3.12508e-05
-6.24924e-06
3.75008e-05
.000131251
.000121876
7.81258e-05
-5.31242e-05
.000153126
.000106251
9.06258e-05
8.75008e-05
-3.43742e-05
7.62939e-10
5.62508e-05
8.12508e-05
8.12508e-05
-4.68742e-05
-2.18742e-05
.000121876
4.37508e-05
7.62939e-10
5.93758e-05
4.37508e-05
6.25008e-05
2.50008e-05
9.68758e-05
-6.87492e-05
-2.18742e-05
.000100001
9.68758e-05
9.37576e-06
-3.12424e-06
7.62939e-10
1.87508e-05
4.06258e-05
3.75008e-05
6.25076e-06
.000100001
1.25008e-05
-4.68742e-05
2.81258e-05
4.68758e-05
.000153126
8.75008e-05
6.25008e-05
3.43758e-05
1.56258e-05
6.25076e-06
.000128126
-4.68742e-05
-6.87492e-05
8.12508e-05
8.75008e-05
2.81258e-05
1.56258e-05
6.25008e-05
8.43758e-05
9.37508e-05
.000118751
3.43758e-05
-7.81242e-05
-.000106249
-4.99992e-05
-2.18742e-05
1.56258e-05
-3.74992e-05
7.18758e-05
8.12508e-05
-1.56242e-05
-3.12424e-06
-9.37424e-06
-6.24924e-06
2.50008e-05
-4.99992e-05
8.12508e-05
6.87508e-05
8.75008e-05
2.50008e-05
3.43758e-05
5.93758e-05
5.62508e-05
7.18758e-05
-2.81242e-05
-7.18742e-05
-1.87492e-05
3.43758e-05
5.00008e-05
-4.06242e-05
-3.12492e-05
9.68758e-05
.000143751
8.12508e-05
-.000128124
7.62939e-10
4.37508e-05
9.37576e-06
5.00008e-05
-.000109374
1.87508e-05
3.75008e-05
9.68758e-05
7.62939e-10
6.25008e-05
2.50008e-05
8.75008e-05
.000106251
-3.74992e-05
-1.56242e-05
4.68758e-05
.000115626
6.56258e-05
-4.68742e-05
-2.49992e-05
9.68758e-05
.000134376
1.87508e-05
-3.74992e-05
-4.99992e-05
6.56258e-05
.000106251
1.56258e-05
-5.62492e-05
-7.18742e-05
8.43758e-05
.000225001
6.87508e-05
-1.24992e-05
-3.74992e-05
5.00008e-05
8.43758e-05
7.81258e-05
-1.87492e-05
-4.06242e-05
3.43758e-05
.000118751
.000115626
-1.24992e-05
-3.43742e-05
6.25008e-05
6.25076e-06
2.81258e-05
3.12576e-06
-3.74992e-05
7.62939e-10
4.68758e-05
1.25008e-05
1.87508e-05
9.06258e-05
2.50008e-05
-4.68742e-05
9.06258e-05
2.50008e-05
6.25008e-05
8.43758e-05
-4.68742e-05
-4.06242e-05
1.56258e-05
-3.12424e-06
.000146876
1.87508e-05
6.25076e-06
5.00008e-05
2.50008e-05
8.43758e-05
5.62508e-05
-8.74992e-05
-2.81242e-05
4.68758e-05
.000153126
4.37508e-05
-4.68742e-05
-4.68742e-05
8.75008e-05
.000121876
7.50008e-05
3.43758e-05
-4.06242e-05
3.43758e-05
.000103126
8.75008e-05
-2.49992e-05
-3.12492e-05
1.56258e-05
.000171876
5.93758e-05
5.93758e-05
5.31258e-05
5.93758e-05
5.62508e-05
2.50008e-05
6.25076e-06
3.43758e-05
7.50008e-05
9.06258e-05
-8.43742e-05
7.62939e-10
6.56258e-05
.000121876
-4.99992e-05
1.25008e-05
4.37508e-05
5.00008e-05
4.37508e-05
7.18758e-05
-1.24992e-05
3.12508e-05
.000146876
.000134376
1.87508e-05
-2.81242e-05
2.18758e-05
.000225001
.000125001
-6.24924e-06
7.81258e-05
3.75008e-05
9.68758e-05
.000140626
-2.81242e-05
-.000109374
9.37576e-06
6.56258e-05
.000103126
-3.12492e-05
-7.81242e-05
7.18758e-05
.000115626
2.81258e-05
9.37508e-05
-9.37424e-06
.000100001
.000131251
3.12576e-06
.000112501
9.37576e-06
5.00008e-05
8.12508e-05
7.62939e-10
-1.87492e-05
-9.37424e-06
.000140626
.000134376
-3.12492e-05
-5.93742e-05
8.12508e-05
.000156251
7.81258e-05
-8.12492e-05
-5.31242e-05
2.18758e-05
6.87508e-05
8.12508e-05
-.000109374
-4.99992e-05
3.12576e-06
7.81258e-05
.000150001
2.81258e-05
-6.24924e-06
2.18758e-05
1.25008e-05
-1.87492e-05
3.12508e-05
1.56258e-05
-2.81242e-05
4.68758e-05
-3.12424e-06
6.56258e-05
-2.18742e-05
3.43758e-05
.000137501
5.62508e-05
-4.06242e-05
2.18758e-05
8.75008e-05
.000106251
3.12576e-06
-.000118749
1.25008e-05
9.68758e-05
2.50008e-05
4.68758e-05
-4.37492e-05
-2.49992e-05
8.75008e-05
-2.81242e-05
4.68758e-05
5.62508e-05
6.87508e-05
7.50008e-05
3.12576e-06
-.000149999
3.43758e-05
6.25076e-06
.000140626
4.68758e-05
-9.37492e-05
-6.87492e-05
.000103126
6.56258e-05
2.18758e-05
-9.37424e-06
-5.93742e-05
.000196876
.000253126
2.81258e-05
-6.87492e-05
-7.18742e-05
3.43758e-05
.000184376
2.50008e-05
-7.18742e-05
1.25008e-05
5.62508e-05
.000140626
7.18758e-05
-8.12492e-05
-2.18742e-05
.000106251
.000146876
4.06258e-05
-5.93742e-05
3.43758e-05
.000115626
.000125001
-9.37424e-06
-3.43742e-05
3.12576e-06
4.37508e-05
8.12508e-05
-1.24992e-05
7.50008e-05
.000143751
.000143751
.000100001
3.12576e-06
-3.74992e-05
.000131251
.000175001
-6.24924e-06
7.62939e-10
-4.06242e-05
.000134376
.000106251
1.56258e-05
-.000118749
6.25008e-05
.000128126
.000165626
3.12576e-06
-8.43742e-05
4.06258e-05
6.56258e-05
.000100001
-5.62492e-05
-8.12492e-05
4.37508e-05
.000103126
.000121876
6.25008e-05
-6.87492e-05
-5.62492e-05
.000146876
2.81258e-05
-1.56242e-05
-5.31242e-05
-6.24924e-06
.000162501
.000100001
3.43758e-05
.000118751
8.12508e-05
9.37508e-05
7.62939e-10
-1.56242e-05
8.43758e-05
.000125001
.000100001
-5.31242e-05
1.25008e-05
7.50008e-05
.000121876
6.87508e-05
-.000115624
-2.81242e-05
8.43758e-05
.000131251
3.12576e-06
-1.56242e-05
4.68758e-05
.000162501
.000171876
4.68758e-05
-2.49992e-05
3.12508e-05
.000140626
.000103126
-1.87492e-05
4.68758e-05
6.25076e-06
2.50008e-05
.000200001
3.12508e-05
.000118751
8.12508e-05
8.12508e-05
7.81258e-05
7.18758e-05
-2.49992e-05
9.06258e-05
9.68758e-05
4.06258e-05
-5.62492e-05
4.68758e-05
7.81258e-05
.000140626
4.37508e-05
-3.74992e-05
1.56258e-05
4.06258e-05
6.87508e-05
6.25008e-05
-3.12492e-05
3.12508e-05
.000131251
.000150001
6.25076e-06
6.25076e-06
-4.68742e-05
8.12508e-05
.000159376
5.31258e-05
5.00008e-05
1.56258e-05
.000131251
.000212501
.000103126
-2.81242e-05
-5.62492e-05
5.31258e-05
.000106251
8.12508e-05
-3.12492e-05
4.37508e-05
1.56258e-05
7.81258e-05
5.62508e-05
6.56258e-05
4.06258e-05
6.87508e-05
1.56258e-05
-6.87492e-05
4.68758e-05
9.06258e-05
.000162501
3.12508e-05
4.68758e-05
9.06258e-05
.000103126
8.75008e-05
2.50008e-05
-9.06242e-05
1.25008e-05
.000156251
8.43758e-05
-2.18742e-05
7.62939e-10
-4.37492e-05
.000134376
.000128126
3.43758e-05
3.12576e-06
1.25008e-05
.000134376
.000128126
-6.24924e-06
6.25076e-06
5.62508e-05
8.75008e-05
3.12508e-05
-1.24992e-05
-2.81242e-05
2.50008e-05
8.43758e-05
9.37576e-06
-3.12492e-05
6.56258e-05
3.12508e-05
-1.56242e-05
-8.74992e-05
-5.62492e-05
9.37508e-05
5.31258e-05
8.12508e-05
3.12576e-06
9.37576e-06
6.56258e-05
.000246876
.000196876
-4.68742e-05
-6.24924e-06
8.43758e-05
.000175001
.000121876
-4.37492e-05
-6.24924e-06
5.00008e-05
.000109376
.000118751
-3.12424e-06
9.37576e-06
.000128126
9.68758e-05
9.06258e-05
2.50008e-05
-3.12492e-05
.000134376
5.62508e-05
.000112501
8.75008e-05
6.56258e-05
.000112501
4.37508e-05
7.18758e-05
3.12508e-05
.000103126
4.37508e-05
-1.24992e-05
5.00008e-05
6.56258e-05
.000156251
.000103126
-1.24992e-05
6.56258e-05
2.50008e-05
7.50008e-05
.000184376
3.12576e-06
6.25076e-06
5.31258e-05
.000112501
.000162501
9.37508e-05
8.75008e-05
5.00008e-05
2.18758e-05
9.06258e-05
.000143751
8.75008e-05
.000100001
6.87508e-05
7.81258e-05
7.50008e-05
3.12576e-06
-2.18742e-05
4.06258e-05
3.75008e-05
7.62939e-10
1.56258e-05
-9.37424e-06
4.37508e-05
7.81258e-05
.000118751
4.06258e-05
-6.24924e-06
1.25008e-05
5.62508e-05
5.62508e-05
3.43758e-05
-2.18742e-05
-4.06242e-05
6.25008e-05
6.87508e-05
.000109376
5.62508e-05
-4.99992e-05
-2.49992e-05
8.12508e-05
.000153126
6.25008e-05
.000131251
.000109376
4.06258e-05
6.56258e-05
8.12508e-05
.000103126
3.12508e-05
-3.74992e-05
2.50008e-05
4.06258e-05
1.25008e-05
8.12508e-05
3.12576e-06
2.81258e-05
1.87508e-05
6.87508e-05
5.62508e-05
3.75008e-05
2.50008e-05
.000134376
.000156251
.000165626
7.81258e-05
7.18758e-05
6.87508e-05
.000128126
3.12576e-06
.000100001
3.12508e-05
3.43758e-05
8.43758e-05
3.43758e-05
.000100001
9.37576e-06
-1.87492e-05
3.43758e-05
-4.06242e-05
6.87508e-05
9.37576e-06
-4.37492e-05
7.62939e-10
2.50008e-05
5.31258e-05
.000184376
2.18758e-05
6.25076e-06
.000121876
3.12508e-05
.000106251
2.50008e-05
-1.87492e-05
3.12576e-06
7.81258e-05
5.62508e-05
7.62939e-10
-.000103124
5.62508e-05
.000112501
.000121876
6.87508e-05
-4.68742e-05
3.12576e-06
.000103126
2.81258e-05
4.68758e-05
5.31258e-05
5.00008e-05
.000103126
.000131251
-6.24924e-06
4.68758e-05
4.68758e-05
3.43758e-05
2.50008e-05
.000112501
6.25076e-06
.000143751
-9.37424e-06
3.12508e-05
.000109376
5.93758e-05
.000106251
-3.43742e-05
-6.87492e-05
6.25076e-06
1.25008e-05
3.12508e-05
5.00008e-05
2.50008e-05
9.37508e-05
9.68758e-05
.000106251
5.00008e-05
8.12508e-05
4.06258e-05
8.75008e-05
.000112501
4.68758e-05
-9.37424e-06
1.87508e-05
4.06258e-05
6.56258e-05
5.93758e-05
2.18758e-05
6.25076e-06
2.81258e-05
2.18758e-05
.000109376
6.25008e-05
5.00008e-05
4.37508e-05
3.12576e-06
8.75008e-05
4.37508e-05
3.43758e-05
5.31258e-05
8.12508e-05
9.68758e-05
9.68758e-05
8.75008e-05
-3.74992e-05
4.37508e-05
6.56258e-05
7.50008e-05
-1.24992e-05
-6.87492e-05
.000103126
2.18758e-05
3.75008e-05
4.06258e-05
-4.68742e-05
-2.81242e-05
5.31258e-05
-3.12492e-05
-7.81242e-05
-3.43742e-05
-7.49992e-05
3.75008e-05
1.87508e-05
2.81258e-05
.000115626
.000165626
5.31258e-05
5.00008e-05
6.25076e-06
5.93758e-05
8.43758e-05
-3.12492e-05
9.37576e-06
-9.37492e-05
-3.12492e-05
1.25008e-05
6.56258e-05
-4.68742e-05
-9.37424e-06
7.50008e-05
8.43758e-05
4.06258e-05
5.31258e-05
-4.37492e-05
9.37576e-06
.000131251
.000100001
5.93758e-05
-.000171874
-4.68742e-05
-9.37424e-06
-1.56242e-05
1.87508e-05
6.87508e-05
-2.81242e-05
-3.43742e-05
4.06258e-05
-5.93742e-05
.000112501
-3.12492e-05
-2.18742e-05
2.18758e-05
6.56258e-05
.000118751
3.12508e-05
1.25008e-05
7.62939e-10
8.43758e-05
.000103126
.000118751
-9.06242e-05
-4.06242e-05
7.50008e-05
.000215626
7.18758e-05
-3.43742e-05
1.56258e-05
2.18758e-05
.000112501
.000100001
6.25008e-05
6.87508e-05
2.50008e-05
7.81258e-05
-2.49992e-05
-2.18742e-05
-4.68742e-05
-3.43742e-05
8.12508e-05
9.37576e-06
1.87508e-05
2.50008e-05
.000115626
7.62939e-10
-6.56242e-05
4.37508e-05
6.25008e-05
7.81258e-05
7.62939e-10
-2.81242e-05
.000128126
.000153126
.000140626
-3.12424e-06
-8.43742e-05
2.18758e-05
.000109376
.000128126
2.18758e-05
-4.68742e-05
1.25008e-05
.000140626
.000150001
4.37508e-05
-5.93742e-05
-1.87492e-05
4.06258e-05
.000121876
.000106251
-.000106249
-3.12492e-05
4.06258e-05
9.06258e-05
.000128126
-3.12492e-05
7.62939e-10
9.68758e-05
.000100001
9.06258e-05
-3.43742e-05
-5.62492e-05
4.37508e-05
5.00008e-05
-6.24924e-06
-2.81242e-05
5.00008e-05
3.43758e-05
5.31258e-05
7.81258e-05
5.62508e-05
.000100001
6.25008e-05
8.43758e-05
5.31258e-05
2.18758e-05
7.81258e-05
7.50008e-05
6.25076e-06
-4.68742e-05
-6.24924e-06
.000112501
.000171876
.000103126
-8.74992e-05
-1.87492e-05
3.75008e-05
.000181251
7.50008e-05
-1.87492e-05
-1.56242e-05
4.37508e-05
.000118751
6.56258e-05
-3.74992e-05
-2.49992e-05
6.87508e-05
5.31258e-05
-2.81242e-05
9.37576e-06
3.12576e-06
6.25076e-06
7.62939e-10
-3.12492e-05
1.56258e-05
3.12508e-05
-1.56242e-05
6.87508e-05
-1.56242e-05
9.37576e-06
8.75008e-05
8.12508e-05
2.18758e-05
-1.56242e-05
1.87508e-05
.000125001
4.68758e-05
-8.12492e-05
5.31258e-05
5.00008e-05
.000137501
.000140626
-6.24992e-05
-5.62492e-05
6.56258e-05
.000115626
6.87508e-05
-6.24992e-05
-1.87492e-05
1.56258e-05
.000115626
6.87508e-05
4.68758e-05
2.18758e-05
7.81258e-05
.000184376
7.81258e-05
9.68758e-05
3.75008e-05
5.62508e-05
.000109376
.000112501
5.31258e-05
6.25076e-06
7.18758e-05
.000168751
.000106251
2.50008e-05
-2.18742e-05
2.81258e-05
7.50008e-05
8.12508e-05
3.75008e-05
-3.74992e-05
.000159376
8.43758e-05
6.25076e-06
6.25008e-05
7.18758e-05
6.56258e-05
6.56258e-05
8.43758e-05
.000112501
.000131251
.000153126
6.25008e-05
6.56258e-05
1.56258e-05
.000106251
3.43758e-05
6.87508e-05
-6.24924e-06
.000131251
9.37508e-05
.000134376
-6.24924e-06
-.000103124
8.75008e-05
6.56258e-05
5.93758e-05
1.87508e-05
7.62939e-10
3.12508e-05
.000146876
.000156251
7.18758e-05
-5.93742e-05
-6.24924e-06
.000109376
.000131251
9.37576e-06
3.12576e-06
3.12508e-05
1.56258e-05
9.68758e-05
6.56258e-05
1.56258e-05
8.12508e-05
7.50008e-05
.000137501
8.75008e-05
-4.06242e-05
2.50008e-05
2.81258e-05
7.81258e-05
2.50008e-05
3.12508e-05
6.87508e-05
8.12508e-05
7.62939e-10
4.37508e-05
.000115626
.000156251
.000134376
-8.12492e-05
-4.06242e-05
4.37508e-05
.000125001
-1.56242e-05
-2.49992e-05
-6.24992e-05
5.00008e-05
.000231251
6.25076e-06
-8.74992e-05
-3.12492e-05
7.62939e-10
.000159376
8.75008e-05
-7.49992e-05
-9.99992e-05
-2.81242e-05
.000128126
.000137501
-1.24992e-05
-7.18742e-05
-1.24992e-05
1.56258e-05
7.18758e-05
-2.81242e-05
-.000128124
2.50008e-05
.000121876
1.56258e-05
1.25008e-05
-5.31242e-05
-.000134374
9.06258e-05
2.81258e-05
6.25076e-06
5.31258e-05
3.43758e-05
1.25008e-05
1.87508e-05
-1.87492e-05
8.43758e-05
6.25008e-05
-1.24992e-05
-1.87492e-05
-1.24992e-05
3.43758e-05
.000184376
-4.37492e-05
-9.99992e-05
-4.68742e-05
-1.56242e-05
9.06258e-05
1.87508e-05
-4.68742e-05
1.87508e-05
6.25076e-06
.000121876
9.68758e-05
-2.18742e-05
-3.43742e-05
7.81258e-05
2.18758e-05
5.31258e-05
6.25076e-06
-3.12492e-05
2.18758e-05
3.75008e-05
3.43758e-05
2.18758e-05
-3.74992e-05
3.75008e-05
9.06258e-05
-3.12424e-06
-1.24992e-05
2.50008e-05
1.25008e-05
-2.49992e-05
4.68758e-05
.000131251
.000128126
.000150001
4.06258e-05
3.12508e-05
8.75008e-05
4.37508e-05
.000162501
4.06258e-05
9.37576e-06
8.12508e-05
9.06258e-05
9.37508e-05
8.12508e-05
-1.87492e-05
3.12508e-05
.000150001
.000140626
.000121876
1.87508e-05
3.12508e-05
.000128126
.000115626
.000146876
-5.31242e-05
7.62939e-10
.000106251
8.12508e-05
3.12576e-06
9.06258e-05
-4.68742e-05
4.06258e-05
.000118751
6.25008e-05
-1.24992e-05
-6.24924e-06
8.43758e-05
.000134376
6.25008e-05
8.43758e-05
.000128126
.000125001
4.37508e-05
5.31258e-05
-2.49992e-05
2.18758e-05
9.06258e-05
2.50008e-05
2.50008e-05
3.75008e-05
.000106251
.000162501
8.43758e-05
-3.43742e-05
3.12508e-05
.000112501
.000156251
.000100001
-4.68742e-05
-4.06242e-05
.000178126
.000218751
3.75008e-05
-2.81242e-05
-3.12424e-06
5.62508e-05
.000178126
-9.06242e-05
-3.43742e-05
5.93758e-05
8.12508e-05
.000106251
9.06258e-05
7.62939e-10
7.81258e-05
6.87508e-05
.000118751
-3.12424e-06
-2.81242e-05
9.06258e-05
.000171876
.000134376
-2.18742e-05
-2.81242e-05
-3.12424e-06
4.37508e-05
2.81258e-05
-1.56242e-05
7.18758e-05
.000121876
.000106251
2.50008e-05
-.000131249
-6.24924e-06
1.25008e-05
-8.43742e-05
4.06258e-05
-3.12492e-05
-3.43742e-05
3.75008e-05
4.06258e-05
-7.49992e-05
2.50008e-05
7.50008e-05
5.31258e-05
8.12508e-05
9.37576e-06
5.62508e-05
1.56258e-05
6.25008e-05
3.12508e-05
-1.56242e-05
1.56258e-05
5.31258e-05
-6.24924e-06
9.37576e-06
-6.24924e-06
-4.06242e-05
-2.18742e-05
8.43758e-05
4.68758e-05
5.00008e-05
5.00008e-05
-9.37424e-06
1.25008e-05
7.62939e-10
-4.06242e-05
8.43758e-05
-3.43742e-05
7.81258e-05
-1.24992e-05
1.87508e-05
.000121876
.000100001
9.37508e-05
-3.12492e-05
-5.62492e-05
3.75008e-05
6.25008e-05
8.75008e-05
-2.81242e-05
3.43758e-05
4.68758e-05
4.68758e-05
.000125001
4.37508e-05
-5.93742e-05
2.18758e-05
4.68758e-05
6.56258e-05
3.12508e-05
1.25008e-05
-1.87492e-05
9.06258e-05
6.25008e-05
2.18758e-05
4.68758e-05
8.12508e-05
.000140626
3.12508e-05
1.25008e-05
1.25008e-05
3.12576e-06
9.06258e-05
.000168751
9.37576e-06
-3.12492e-05
5.62508e-05
2.18758e-05
9.06258e-05
-7.18742e-05
-6.56242e-05
.000140626
.000109376
7.62939e-10
-5.62492e-05
2.50008e-05
.000109376
.000112501
-2.18742e-05
-3.12424e-06
.000109376
8.75008e-05
7.18758e-05
6.25008e-05
-2.81242e-05
.000125001
.000134376
7.18758e-05
-1.56242e-05
-4.99992e-05
1.56258e-05
.000140626
4.37508e-05
6.25076e-06
-1.24992e-05
4.37508e-05
.000212501
6.56258e-05
-4.99992e-05
4.68758e-05
.000156251
.000218751
4.68758e-05
-4.99992e-05
2.18758e-05
7.50008e-05
.000162501
8.43758e-05
6.56258e-05
-1.56242e-05
.000131251
9.68758e-05
.000106251
7.18758e-05
7.50008e-05
.000115626
5.31258e-05
-4.99992e-05
7.18758e-05
5.31258e-05
3.12508e-05
3.43758e-05
2.50008e-05
5.00008e-05
.000103126
.000121876
3.12508e-05
7.62939e-10
3.43758e-05
.000228126
8.12508e-05
3.12576e-06
-6.24924e-06
.000121876
.000165626
.000134376
2.18758e-05
-6.87492e-05
5.62508e-05
7.50008e-05
-1.87492e-05
4.06258e-05
6.25076e-06
1.25008e-05
.000187501
.000100001
.000115626
5.00008e-05
7.62939e-10
.000190626
.000178126
5.31258e-05
5.31258e-05
3.12576e-06
3.12508e-05
.000109376
7.62939e-10
1.87508e-05
6.25008e-05
4.06258e-05
8.43758e-05
2.50008e-05
3.12576e-06
3.43758e-05
-4.68742e-05
-2.81242e-05
1.25008e-05
4.37508e-05
5.93758e-05
4.68758e-05
5.62508e-05
6.87508e-05
.000175001
.000100001
8.43758e-05
2.18758e-05
3.75008e-05
.000165626
5.00008e-05
7.18758e-05
6.25076e-06
-9.37424e-06
.000109376
2.18758e-05
3.12508e-05
1.56258e-05
1.56258e-05
.000121876
.000196876
7.18758e-05
3.43758e-05
4.06258e-05
.000125001
.000134376
8.43758e-05
6.56258e-05
4.37508e-05
.000118751
2.50008e-05
3.12508e-05
8.75008e-05
4.37508e-05
8.43758e-05
5.31258e-05
-2.49992e-05
2.18758e-05
.000115626
.000112501
.000106251
-7.49992e-05
7.18758e-05
.000212501
.000184376
5.93758e-05
-2.81242e-05
4.06258e-05
.000196876
.000265626
-2.18742e-05
-7.49992e-05
6.87508e-05
.000190626
.000159376
9.68758e-05
4.06258e-05
6.25008e-05
9.37508e-05
.000137501
5.62508e-05
-9.68742e-05
9.37576e-06
5.93758e-05
5.00008e-05
2.18758e-05
-5.62492e-05
.000128126
.000212501
6.25076e-06
3.75008e-05
8.43758e-05
.000118751
.000140626
9.37576e-06
-1.56242e-05
1.56258e-05
.000106251
3.43758e-05
-1.56242e-05
-7.81242e-05
5.31258e-05
.000137501
.000109376
-.000106249
3.12576e-06
.000103126
.000203126
9.68758e-05
-1.24992e-05
-3.12492e-05
.000200001
.000253126
.000159376
8.75008e-05
4.68758e-05
6.25008e-05
.000134376
.000128126
.000153126
3.43758e-05
.000118751
9.37508e-05
9.06258e-05
7.50008e-05
.000131251
6.25008e-05
5.93758e-05
5.62508e-05
6.56258e-05
.000215626
.000100001
2.18758e-05
6.25008e-05
5.62508e-05
.000162501
9.06258e-05
-2.81242e-05
-2.49992e-05
.000103126
8.12508e-05
.000140626
7.81258e-05
-2.18742e-05
8.75008e-05
8.43758e-05
.000143751
2.50008e-05
1.25008e-05
4.68758e-05
2.50008e-05
.000128126
.000112501
2.50008e-05
-4.68742e-05
5.93758e-05
7.18758e-05
.000128126
7.18758e-05
3.75008e-05
7.18758e-05
6.25008e-05
2.18758e-05
1.25008e-05
1.87508e-05
4.68758e-05
7.50008e-05
7.81258e-05
4.37508e-05
.000181251
7.50008e-05
2.18758e-05
1.87508e-05
8.75008e-05
.000165626
.000168751
-3.43742e-05
-4.99992e-05
9.37508e-05
.000168751
.000131251
3.12576e-06
-9.37492e-05
1.87508e-05
2.81258e-05
8.12508e-05
5.00008e-05
-5.31242e-05
4.68758e-05
.000118751
7.81258e-05
7.50008e-05
2.81258e-05
-1.24992e-05
.000200001
.000187501
3.12576e-06
4.37508e-05
.000112501
9.68758e-05
.000171876
6.56258e-05
5.62508e-05
3.43758e-05
5.00008e-05
8.75008e-05
4.37508e-05
6.25008e-05
.000103126
8.12508e-05
6.87508e-05
4.06258e-05
7.50008e-05
.000159376
.000146876
9.06258e-05
-2.81242e-05
.000153126
.000218751
9.68758e-05
1.56258e-05
-4.37492e-05
1.87508e-05
.000184376
.000143751
7.62939e-10
7.62939e-10
7.50008e-05
.000134376
.000140626
2.81258e-05
2.81258e-05
9.68758e-05
.000200001
.000131251
-2.49992e-05
-3.12424e-06
.000103126
.000125001
5.00008e-05
-1.87492e-05
-2.49992e-05
2.50008e-05
5.00008e-05
2.50008e-05
-9.99992e-05
6.25076e-06
.000153126
3.75008e-05
1.87508e-05
3.12576e-06
6.87508e-05
.000106251
9.68758e-05
-3.12424e-06
7.18758e-05
.000100001
.000103126
9.06258e-05
5.93758e-05
.000112501
.000143751
5.93758e-05
1.87508e-05
4.06258e-05
5.00008e-05
.000131251
.000156251
-3.12492e-05
-9.37424e-06
7.50008e-05
.000106251
.000193751
1.87508e-05
-4.68742e-05
7.18758e-05
.000203126
.000140626
-6.24924e-06
9.37576e-06
-1.24992e-05
.000137501
7.50008e-05
5.00008e-05
1.25008e-05
8.12508e-05
8.75008e-05
.000121876
-1.56242e-05
-1.56242e-05
-1.24992e-05
9.37576e-06
.000112501
6.87508e-05
-6.24992e-05
4.06258e-05
3.43758e-05
.000118751
.000165626
-6.24924e-06
7.18758e-05
2.50008e-05
.000106251
5.93758e-05
3.12508e-05
.000103126
.000168751
8.43758e-05
4.06258e-05
.000150001
7.81258e-05
5.31258e-05
-9.37424e-06
1.25008e-05
.000131251
.000109376
3.75008e-05
6.25076e-06
3.12576e-06
.000128126
9.06258e-05
1.87508e-05
4.06258e-05
5.31258e-05
9.06258e-05
.000143751
.000109376
7.62939e-10
-6.24924e-06
5.93758e-05
.000196876
.000128126
3.12508e-05
-8.12492e-05
7.81258e-05
9.06258e-05
6.87508e-05
6.56258e-05
-9.99992e-05
4.06258e-05
.000100001
5.00008e-05
5.62508e-05
-1.56242e-05
7.18758e-05
.000115626
9.37508e-05
-1.56242e-05
9.37508e-05
9.06258e-05
8.43758e-05
5.31258e-05
-3.12424e-06
4.68758e-05
.000150001
5.62508e-05
-9.06242e-05
-9.06242e-05
5.31258e-05
.000112501
.000109376
5.93758e-05
4.37508e-05
.000143751
.000228126
7.18758e-05
-5.31242e-05
-7.18742e-05
.000118751
.000131251
8.43758e-05
-5.31242e-05
3.12576e-06
.000109376
.000134376
4.37508e-05
3.12508e-05
7.81258e-05
.000121876
.000187501
9.06258e-05
6.25076e-06
3.43758e-05
.000112501
.000175001
.000121876
1.25008e-05
5.31258e-05
.000150001
5.62508e-05
6.25008e-05
8.43758e-05
7.18758e-05
.000134376
8.43758e-05
5.00008e-05
7.81258e-05
.000112501
.000203126
.000137501
2.50008e-05
.000109376
6.25008e-05
.000103126
3.43758e-05
-7.18742e-05
2.81258e-05
6.56258e-05
8.12508e-05
6.87508e-05
3.43758e-05
-4.06242e-05
.000112501
.000156251
3.12508e-05
1.25008e-05
9.06258e-05
8.12508e-05
.000100001
4.06258e-05
5.31258e-05
3.12576e-06
4.37508e-05
.000165626
.000118751
-1.87492e-05
8.43758e-05
.000153126
.000184376
5.00008e-05
3.12508e-05
1.25008e-05
.000118751
8.75008e-05
-2.81242e-05
-3.43742e-05
-2.49992e-05
1.56258e-05
.000118751
-2.49992e-05
2.50008e-05
9.06258e-05
.000125001
3.43758e-05
5.00008e-05
6.87508e-05
.000165626
.000200001
5.00008e-05
-4.37492e-05
-1.56242e-05
.000175001
.000134376
2.81258e-05
-3.43742e-05
7.50008e-05
.000128126
.000134376
-3.12424e-06
-9.37492e-05
-1.87492e-05
.000150001
.000187501
.000146876
-2.49992e-05
5.31258e-05
9.06258e-05
.000103126
-1.24992e-05
-8.43742e-05
-2.81242e-05
.000115626
.000156251
2.50008e-05
6.56258e-05
9.06258e-05
.000146876
1.56258e-05
-5.31242e-05
9.37576e-06
.000115626
.000168751
-9.37424e-06
-5.62492e-05
6.25076e-06
7.50008e-05
.000196876
3.12576e-06
-.000109374
.000128126
.000212501
.000171876
6.25008e-05
4.68758e-05
9.06258e-05
.000137501
.000100001
-9.06242e-05
-2.18742e-05
4.06258e-05
.000175001
.000100001
2.81258e-05
7.62939e-10
6.56258e-05
.000187501
.000100001
1.25008e-05
1.87508e-05
.000196876
.000125001
4.68758e-05
9.37576e-06
3.43758e-05
.000106251
.000184376
6.56258e-05
9.68758e-05
-4.06242e-05
6.25076e-06
7.81258e-05
4.37508e-05
-3.12492e-05
.000131251
7.50008e-05
7.50008e-05
6.25076e-06
8.12508e-05
.000106251
.000134376
.000100001
5.62508e-05
.000134376
