2500
2.e-09
250
.050415
9.37508e-05
-.000109374
-.000109374
-.000148437
-3.90617e-05
-5.46867e-05
3.12508e-05
-7.81242e-05
-2.34367e-05
4.68758e-05
.000234376
-3.90617e-05
-7.03117e-05
-9.37492e-05
8.59383e-05
7.03133e-05
-2.34367e-05
-7.81242e-05
-6.24992e-05
8.34465e-10
3.90633e-05
-.000226562
-.000187499
2.34383e-05
2.34383e-05
-9.37492e-05
8.34465e-10
-.000218749
-4.68742e-05
8.34465e-10
.000140626
-2.34367e-05
-2.34367e-05
-7.81242e-05
.000101563
-.000109374
7.81333e-06
-6.24992e-05
7.81258e-05
-7.81167e-06
-9.37492e-05
-4.68742e-05
-2.34367e-05
-5.46867e-05
7.81333e-06
-.000148437
-5.46867e-05
-7.03117e-05
-2.34367e-05
-3.90617e-05
7.81333e-06
-.000101562
5.46883e-05
-7.81167e-06
1.56258e-05
-.000109374
-6.24992e-05
-.000148437
1.56258e-05
-.000117187
-6.24992e-05
-6.24992e-05
-.000242187
.000109376
2.34383e-05
.000101563
-8.59367e-05
-5.46867e-05
-6.24992e-05
4.68758e-05
-7.81167e-06
-7.03117e-05
-.000132812
-.000140624
4.68758e-05
3.90633e-05
-2.34367e-05
-.000171874
-6.24992e-05
-3.12492e-05
8.34465e-10
-.000234374
8.34465e-10
8.34465e-10
8.34465e-10
6.25008e-05
6.25008e-05
2.34383e-05
-5.46867e-05
-.000109374
-4.68742e-05
5.46883e-05
1.56258e-05
.000109376
-2.34367e-05
-9.37492e-05
-.000195312
-7.03117e-05
.000125001
6.25008e-05
2.34383e-05
-4.68742e-05
8.34465e-10
.000195313
-9.37492e-05
-.000132812
-.000281249
8.34465e-10
7.81333e-06
3.12508e-05
-6.24992e-05
-7.81167e-06
.000109376
7.81333e-06
8.34465e-10
-1.56242e-05
-1.56242e-05
-7.81167e-06
6.25008e-05
1.56258e-05
-7.03117e-05
.000125001
4.68758e-05
4.68758e-05
-7.03117e-05
6.25008e-05
8.34465e-10
9.37508e-05
1.56258e-05
-.000179687
1.56258e-05
4.68758e-05
-.000187499
-4.68742e-05
-.000164062
6.25008e-05
7.03133e-05
-6.24992e-05
-4.68742e-05
-.000265624
8.34465e-10
-.000101562
-3.12492e-05
-.000117187
-.000132812
-7.03117e-05
-2.34367e-05
-4.68742e-05
-3.90617e-05
-4.68742e-05
7.81333e-06
1.56258e-05
-.000210937
-.000226562
-7.03117e-05
-3.12492e-05
-4.68742e-05
-.000156249
-8.59367e-05
.000164063
8.59383e-05
2.34383e-05
8.34465e-10
-3.12492e-05
-2.34367e-05
-1.56242e-05
7.03133e-05
2.34383e-05
3.90633e-05
.000109376
-4.68742e-05
-.000179687
6.25008e-05
8.34465e-10
.000125001
-3.90617e-05
7.81333e-06
-.000156249
9.37508e-05
9.37508e-05
4.68758e-05
6.25008e-05
-.000101562
.000109376
-7.81167e-06
1.56258e-05
-9.37492e-05
8.34465e-10
4.68758e-05
-2.34367e-05
-.000140624
-7.81242e-05
.000109376
-2.34367e-05
-.000117187
-.000218749
-6.24992e-05
-3.12492e-05
3.90633e-05
-.000132812
-.000210937
-.000203124
7.81258e-05
8.34465e-10
-.000148437
-9.37492e-05
5.46883e-05
7.03133e-05
-3.12492e-05
4.68758e-05
9.37508e-05
-3.12492e-05
-8.59367e-05
-.000171874
-3.12492e-05
7.03133e-05
8.34465e-10
-.000101562
-.000101562
-9.37492e-05
4.68758e-05
-7.81242e-05
3.90633e-05
-7.03117e-05
-.000148437
-6.24992e-05
-3.90617e-05
7.81258e-05
-3.90617e-05
7.81258e-05
-.000132812
-2.34367e-05
-5.46867e-05
8.59383e-05
8.34465e-10
-.000124999
-3.12492e-05
-.000109374
-1.56242e-05
7.81333e-06
-2.34367e-05
-4.68742e-05
.000117188
.000109376
-5.46867e-05
-3.90617e-05
-5.46867e-05
7.81258e-05
-3.90617e-05
-.000117187
-5.46867e-05
.000164063
-7.03117e-05
.000125001
.000125001
-9.37492e-05
-2.34367e-05
-5.46867e-05
1.56258e-05
-7.03117e-05
-3.90617e-05
-3.12492e-05
8.34465e-10
-3.90617e-05
-.000109374
2.34383e-05
6.25008e-05
6.25008e-05
-.000124999
-.000132812
-4.68742e-05
7.81258e-05
2.34383e-05
-.000132812
-8.59367e-05
-.000117187
-1.56242e-05
.000109376
8.34465e-10
-3.12492e-05
-2.34367e-05
-1.56242e-05
-7.81167e-06
-.000132812
-2.34367e-05
-3.12492e-05
5.46883e-05
-4.68742e-05
-.000109374
-.000140624
2.34383e-05
-3.90617e-05
3.90633e-05
-1.56242e-05
5.46883e-05
-7.81167e-06
.000117188
-.000187499
-3.12492e-05
2.34383e-05
7.81333e-06
-6.24992e-05
-.000124999
-3.12492e-05
8.34465e-10
2.34383e-05
-.000132812
-.000218749
-7.81242e-05
-2.34367e-05
-1.56242e-05
-.000132812
-5.46867e-05
-.000156249
.000179688
-1.56242e-05
-8.59367e-05
-9.37492e-05
6.25008e-05
8.59383e-05
.000132813
-9.37492e-05
-.000164062
5.46883e-05
3.90633e-05
-.000124999
-4.68742e-05
6.25008e-05
-7.03117e-05
-3.90617e-05
-3.12492e-05
.000109376
.000117188
-7.81167e-06
2.34383e-05
-3.12492e-05
8.34465e-10
7.81258e-05
.000140626
-.000164062
-4.68742e-05
.000148438
.000140626
1.56258e-05
8.34465e-10
-.000164062
.000125001
4.68758e-05
7.81258e-05
-5.46867e-05
-.000203124
.000132813
.000140626
-6.24992e-05
-6.24992e-05
-4.68742e-05
-2.34367e-05
9.37508e-05
7.81258e-05
4.68758e-05
4.68758e-05
4.68758e-05
5.46883e-05
-8.59367e-05
-1.56242e-05
6.25008e-05
9.37508e-05
-.000171874
-3.12492e-05
-3.12492e-05
5.46883e-05
-1.56242e-05
-3.90617e-05
-6.24992e-05
-3.12492e-05
6.25008e-05
3.90633e-05
-7.81167e-06
-6.24992e-05
-3.12492e-05
4.68758e-05
-2.34367e-05
-.000109374
6.25008e-05
-2.34367e-05
8.59383e-05
8.34465e-10
2.34383e-05
-4.68742e-05
7.81333e-06
7.81258e-05
-5.46867e-05
-7.81167e-06
-7.81242e-05
-7.81167e-06
-.000218749
-8.59367e-05
7.03133e-05
5.46883e-05
-8.59367e-05
2.34383e-05
3.90633e-05
.000187501
-1.56242e-05
-4.68742e-05
-1.56242e-05
7.81333e-06
7.03133e-05
1.56258e-05
5.46883e-05
-4.68742e-05
-4.68742e-05
-7.81167e-06
-4.68742e-05
3.12508e-05
-.000195312
-7.81167e-06
.000101563
-1.56242e-05
-2.34367e-05
-7.81167e-06
1.56258e-05
5.46883e-05
-.000148437
-.000171874
-1.56242e-05
4.68758e-05
4.68758e-05
-1.56242e-05
-5.46867e-05
8.59383e-05
8.34465e-10
-1.56242e-05
-3.90617e-05
8.59383e-05
8.59383e-05
-5.46867e-05
-.000109374
-.000148437
-.000101562
-1.56242e-05
-.000109374
-2.34367e-05
-7.03117e-05
1.56258e-05
7.03133e-05
2.34383e-05
8.59383e-05
-2.34367e-05
-1.56242e-05
.000156251
2.34383e-05
-.000124999
-8.59367e-05
-.000109374
1.56258e-05
-4.68742e-05
-.000289062
4.68758e-05
1.56258e-05
7.81333e-06
1.56258e-05
-1.56242e-05
8.34465e-10
3.90633e-05
-.000234374
-.000109374
2.34383e-05
6.25008e-05
2.34383e-05
-3.90617e-05
5.46883e-05
7.03133e-05
-5.46867e-05
8.34465e-10
-.000101562
1.56258e-05
-3.90617e-05
7.03133e-05
-.000132812
-.000156249
-5.46867e-05
.000296876
-3.12492e-05
-8.59367e-05
-6.24992e-05
-.000109374
-6.24992e-05
4.68758e-05
-8.59367e-05
7.81333e-06
8.34465e-10
-4.68742e-05
7.03133e-05
-4.68742e-05
-3.90617e-05
3.90633e-05
-.000132812
7.81333e-06
-.000109374
-3.12492e-05
8.34465e-10
-.000296874
-3.90617e-05
-3.90617e-05
6.25008e-05
3.90633e-05
3.90633e-05
-5.46867e-05
-.000117187
.000273438
9.37508e-05
-.000265624
-.000187499
7.81333e-06
.000109376
4.68758e-05
-9.37492e-05
-9.37492e-05
-5.46867e-05
5.46883e-05
3.90633e-05
-6.24992e-05
9.37508e-05
7.81333e-06
7.81333e-06
-.000101562
-9.37492e-05
-5.46867e-05
-.000195312
1.56258e-05
9.37508e-05
6.25008e-05
7.81258e-05
4.68758e-05
-.000234374
-3.90617e-05
4.68758e-05
.000148438
.000101563
-6.24992e-05
-4.68742e-05
.000109376
6.25008e-05
3.90633e-05
-.000164062
-3.12492e-05
-3.12492e-05
.000156251
.000203126
-8.59367e-05
-8.59367e-05
1.56258e-05
6.25008e-05
3.90633e-05
-.000101562
-6.24992e-05
1.56258e-05
.000125001
-.000117187
-4.68742e-05
-3.12492e-05
9.37508e-05
.000171876
-3.12492e-05
-1.56242e-05
5.46883e-05
-6.24992e-05
1.56258e-05
3.12508e-05
7.03133e-05
7.81258e-05
3.12508e-05
2.34383e-05
-2.34367e-05
4.68758e-05
.000210938
8.59383e-05
3.90633e-05
-.000203124
4.68758e-05
6.25008e-05
7.81333e-06
-7.03117e-05
-.000156249
-2.34367e-05
.000109376
-.000132812
-9.37492e-05
-4.68742e-05
8.34465e-10
.000109376
-6.24992e-05
-1.56242e-05
3.12508e-05
-2.34367e-05
-4.68742e-05
8.34465e-10
3.12508e-05
8.59383e-05
9.37508e-05
-4.68742e-05
7.81258e-05
-2.34367e-05
.000179688
-7.81167e-06
3.90633e-05
-5.46867e-05
-3.90617e-05
.000101563
7.03133e-05
2.34383e-05
-.000203124
-2.34367e-05
3.90633e-05
7.81333e-06
4.68758e-05
-5.46867e-05
1.56258e-05
7.81258e-05
7.81333e-06
7.03133e-05
-6.24992e-05
-.000203124
-.000109374
6.25008e-05
.000109376
-6.24992e-05
-9.37492e-05
-.000210937
8.59383e-05
7.81333e-06
-8.59367e-05
-9.37492e-05
-9.37492e-05
7.81333e-06
.000117188
.000148438
3.90633e-05
-.000117187
-3.12492e-05
.000140626
.000367188
4.68758e-05
-3.12492e-05
7.81333e-06
.000148438
-4.68742e-05
5.46883e-05
-7.81242e-05
-6.24992e-05
-4.68742e-05
-.000140624
.000125001
2.34383e-05
7.81258e-05
-4.68742e-05
-2.34367e-05
-3.90617e-05
.000187501
-3.90617e-05
-7.81242e-05
-9.37492e-05
2.34383e-05
-6.24992e-05
-.000109374
-.000132812
-.000203124
-1.56242e-05
.000140626
3.90633e-05
-7.03117e-05
-7.03117e-05
3.12508e-05
.000203126
9.37508e-05
8.34465e-10
-6.24992e-05
-.000109374
7.81333e-06
-8.59367e-05
-.000187499
4.68758e-05
-7.81167e-06
8.34465e-10
-3.12492e-05
7.81333e-06
-6.24992e-05
4.68758e-05
-2.34367e-05
-5.46867e-05
-1.56242e-05
-9.37492e-05
.000117188
-4.68742e-05
-6.24992e-05
-4.68742e-05
6.25008e-05
.000101563
-9.37492e-05
1.56258e-05
7.03133e-05
.000125001
1.56258e-05
7.81333e-06
-7.81242e-05
.000101563
.000164063
3.12508e-05
-7.81167e-06
3.12508e-05
2.34383e-05
7.81333e-06
-.000132812
-.000124999
-1.56242e-05
3.12508e-05
6.25008e-05
-3.12492e-05
-.000140624
3.90633e-05
.000164063
8.34465e-10
-3.90617e-05
-.000124999
-4.68742e-05
6.25008e-05
-9.37492e-05
1.56258e-05
-6.24992e-05
3.12508e-05
9.37508e-05
2.34383e-05
-7.81167e-06
-3.90617e-05
8.34465e-10
-6.24992e-05
3.90633e-05
-6.24992e-05
.000101563
.000148438
-8.59367e-05
3.12508e-05
-7.81242e-05
3.90633e-05
1.56258e-05
-5.46867e-05
-7.81167e-06
-1.56242e-05
7.81333e-06
1.56258e-05
-.000148437
-6.24992e-05
-3.12492e-05
-6.24992e-05
.000148438
7.81258e-05
5.46883e-05
7.03133e-05
.000148438
1.56258e-05
3.12508e-05
2.34383e-05
-6.24992e-05
-2.34367e-05
5.46883e-05
-6.24992e-05
-9.37492e-05
5.46883e-05
7.03133e-05
.000117188
.000250001
3.90633e-05
3.12508e-05
-8.59367e-05
-5.46867e-05
5.46883e-05
7.03133e-05
.000304688
-8.59367e-05
8.59383e-05
3.12508e-05
9.37508e-05
9.37508e-05
-7.81167e-06
1.56258e-05
5.46883e-05
-7.03117e-05
7.03133e-05
2.34383e-05
.000109376
3.90633e-05
-.000117187
8.34465e-10
.000140626
8.34465e-10
7.03133e-05
-3.90617e-05
-7.03117e-05
3.90633e-05
3.12508e-05
-3.90617e-05
-.000171874
-7.03117e-05
.000156251
7.03133e-05
-6.24992e-05
-.000109374
-.000124999
4.68758e-05
.000109376
-1.56242e-05
-.000109374
-.000164062
1.56258e-05
-3.12492e-05
7.81333e-06
-.000109374
7.81333e-06
4.68758e-05
-4.68742e-05
-8.59367e-05
-3.90617e-05
-.000164062
-3.90617e-05
7.03133e-05
-7.81167e-06
.000187501
5.46883e-05
-8.59367e-05
-1.56242e-05
-7.03117e-05
-6.24992e-05
8.59383e-05
3.90633e-05
8.34465e-10
7.81333e-06
-6.24992e-05
.000203126
-2.34367e-05
-7.81167e-06
-.000101562
-5.46867e-05
8.59383e-05
1.56258e-05
6.25008e-05
.000203126
9.37508e-05
-2.34367e-05
5.46883e-05
4.68758e-05
-.000101562
-.000124999
-.000140624
4.68758e-05
-2.34367e-05
-3.12492e-05
1.56258e-05
-3.90617e-05
6.25008e-05
9.37508e-05
.000148438
3.12508e-05
-3.12492e-05
-3.90617e-05
7.81333e-06
.000203126
-7.03117e-05
8.34465e-10
1.56258e-05
7.81333e-06
-7.81242e-05
-3.90617e-05
-.000132812
-7.81242e-05
3.90633e-05
3.12508e-05
3.12508e-05
-2.34367e-05
3.90633e-05
7.81333e-06
7.81333e-06
-1.56242e-05
4.68758e-05
3.12508e-05
.000101563
9.37508e-05
-5.46867e-05
-6.24992e-05
7.03133e-05
.000140626
7.81333e-06
9.37508e-05
3.90633e-05
-3.12492e-05
-7.81167e-06
-.000117187
-.000171874
1.56258e-05
.000148438
9.37508e-05
-.000203124
1.56258e-05
8.59383e-05
1.56258e-05
-6.24992e-05
7.81258e-05
7.03133e-05
.000195313
3.90633e-05
2.34383e-05
-1.56242e-05
2.34383e-05
-7.81167e-06
-.000148437
3.12508e-05
9.37508e-05
.000140626
-7.03117e-05
6.25008e-05
-7.81167e-06
7.81333e-06
7.03133e-05
2.34383e-05
-8.59367e-05
-7.81167e-06
8.59383e-05
9.37508e-05
-3.12492e-05
-4.68742e-05
9.37508e-05
6.25008e-05
-7.81242e-05
7.81258e-05
-.000109374
-7.03117e-05
5.46883e-05
.000140626
3.12508e-05
-2.34367e-05
-2.34367e-05
9.37508e-05
3.90633e-05
-7.81167e-06
-1.56242e-05
4.68758e-05
4.68758e-05
-7.03117e-05
-4.68742e-05
.000140626
7.81333e-06
8.34465e-10
-4.68742e-05
-2.34367e-05
.000117188
-5.46867e-05
.000125001
-.000109374
.000117188
.000109376
.000132813
6.25008e-05
3.12508e-05
7.81258e-05
-4.68742e-05
-7.81242e-05
-4.68742e-05
3.12508e-05
2.34383e-05
8.59383e-05
3.90633e-05
-3.12492e-05
-3.90617e-05
-2.34367e-05
-3.90617e-05
-1.56242e-05
.000109376
7.03133e-05
8.59383e-05
7.81333e-06
-1.56242e-05
-.000124999
.000101563
7.81333e-06
-8.59367e-05
8.34465e-10
-.000132812
.000125001
.000140626
-.000203124
4.68758e-05
7.81333e-06
7.03133e-05
3.12508e-05
9.37508e-05
-6.24992e-05
7.81258e-05
-7.03117e-05
-6.24992e-05
1.56258e-05
-3.12492e-05
-2.34367e-05
8.34465e-10
-4.68742e-05
3.12508e-05
4.68758e-05
6.25008e-05
8.34465e-10
9.37508e-05
1.56258e-05
-2.34367e-05
6.25008e-05
-4.68742e-05
-7.81242e-05
7.81333e-06
.000273438
7.81258e-05
.000140626
-1.56242e-05
6.25008e-05
.000148438
3.90633e-05
-3.12492e-05
-2.34367e-05
-7.81167e-06
.000273438
.000148438
-.000124999
-.000101562
.000210938
5.46883e-05
2.34383e-05
7.81333e-06
-3.90617e-05
6.25008e-05
-2.34367e-05
-.000109374
-1.56242e-05
-3.90617e-05
-3.12492e-05
-3.12492e-05
-3.90617e-05
-2.34367e-05
.000265626
.000148438
-3.12492e-05
1.56258e-05
.000226563
.000117188
.000117188
-7.81167e-06
-6.24992e-05
3.90633e-05
.000234376
.000109376
-2.34367e-05
-3.12492e-05
5.46883e-05
3.90633e-05
1.56258e-05
-7.03117e-05
6.25008e-05
.000140626
-1.56242e-05
2.34383e-05
-6.24992e-05
7.81258e-05
7.03133e-05
3.90633e-05
-7.03117e-05
-2.34367e-05
9.37508e-05
7.81333e-06
-3.12492e-05
5.46883e-05
6.25008e-05
.000109376
3.90633e-05
-7.03117e-05
-3.90617e-05
-7.03117e-05
7.81333e-06
6.25008e-05
-.000148437
-3.12492e-05
.000148438
9.37508e-05
9.37508e-05
-6.24992e-05
-7.81242e-05
.000109376
-7.81167e-06
-.000187499
8.34465e-10
1.56258e-05
-.000156249
.000242188
.000156251
-.000148437
-7.81167e-06
.000156251
5.46883e-05
1.56258e-05
2.34383e-05
9.37508e-05
.000125001
-4.68742e-05
5.46883e-05
-3.90617e-05
.000164063
6.25008e-05
2.34383e-05
-2.34367e-05
8.59383e-05
2.34383e-05
-6.24992e-05
-5.46867e-05
-2.34367e-05
7.81333e-06
5.46883e-05
3.90633e-05
7.81258e-05
.000140626
-3.12492e-05
-1.56242e-05
3.90633e-05
.000171876
7.03133e-05
.000148438
-1.56242e-05
-7.03117e-05
-3.12492e-05
2.34383e-05
6.25008e-05
3.12508e-05
8.34465e-10
6.25008e-05
6.25008e-05
.000109376
4.68758e-05
-3.12492e-05
-.000203124
3.90633e-05
.000101563
7.03133e-05
4.68758e-05
.000125001
-8.59367e-05
2.34383e-05
.000171876
2.34383e-05
-1.56242e-05
-8.59367e-05
-8.59367e-05
-3.12492e-05
.000125001
4.68758e-05
3.12508e-05
7.81333e-06
-1.56242e-05
.000187501
2.34383e-05
-4.68742e-05
3.90633e-05
6.25008e-05
9.37508e-05
2.34383e-05
-5.46867e-05
-3.12492e-05
3.12508e-05
8.34465e-10
.000117188
-1.56242e-05
7.03133e-05
.000179688
1.56258e-05
-.000101562
-8.59367e-05
8.59383e-05
-8.59367e-05
-.000109374
6.25008e-05
6.25008e-05
.000140626
7.03133e-05
1.56258e-05
-2.34367e-05
7.03133e-05
.000117188
1.56258e-05
-5.46867e-05
-.000171874
-1.56242e-05
1.56258e-05
.000125001
7.81333e-06
-7.81242e-05
-3.12492e-05
.000101563
-7.81242e-05
.000117188
-7.81242e-05
.000109376
.000132813
-.000156249
-6.24992e-05
.000257813
3.12508e-05
7.03133e-05
4.68758e-05
5.46883e-05
8.59383e-05
4.68758e-05
4.68758e-05
-9.37492e-05
-7.81167e-06
.000140626
7.81258e-05
-6.24992e-05
-5.46867e-05
-3.12492e-05
.000109376
.000109376
-.000101562
-5.46867e-05
7.81333e-06
1.56258e-05
-2.34367e-05
-6.24992e-05
-.000156249
8.59383e-05
2.34383e-05
.000125001
-4.68742e-05
.000203126
-4.68742e-05
3.12508e-05
6.25008e-05
7.81258e-05
3.90633e-05
7.81333e-06
-1.56242e-05
-7.81167e-06
6.25008e-05
4.68758e-05
.000187501
7.03133e-05
-.000109374
7.03133e-05
.000218751
.000250001
-.000109374
-.000109374
1.56258e-05
.000109376
-3.12492e-05
-4.68742e-05
-.000124999
5.46883e-05
8.59383e-05
.000250001
-5.46867e-05
-6.24992e-05
3.12508e-05
3.12508e-05
9.37508e-05
.000117188
-5.46867e-05
5.46883e-05
-.000132812
-7.81167e-06
1.56258e-05
4.68758e-05
-3.90617e-05
5.46883e-05
9.37508e-05
1.56258e-05
6.25008e-05
7.03133e-05
5.46883e-05
-3.12492e-05
-3.12492e-05
1.56258e-05
.000101563
-1.56242e-05
4.68758e-05
.000132813
-7.81167e-06
3.90633e-05
5.46883e-05
-1.56242e-05
-7.03117e-05
.000140626
.000226563
2.34383e-05
-8.59367e-05
8.34465e-10
-.000124999
-.000101562
7.81333e-06
.000109376
.000101563
3.90633e-05
6.25008e-05
-4.68742e-05
7.03133e-05
.000171876
-9.37492e-05
8.34465e-10
.000226563
7.81258e-05
-4.68742e-05
-7.03117e-05
4.68758e-05
.000242188
.000187501
8.34465e-10
-4.68742e-05
.000140626
.000109376
3.90633e-05
-3.90617e-05
-2.34367e-05
4.68758e-05
3.90633e-05
-2.34367e-05
3.12508e-05
-6.24992e-05
.000109376
1.56258e-05
3.90633e-05
-.000101562
.000101563
.000140626
.000125001
-.000109374
7.81333e-06
7.81333e-06
.000226563
8.59383e-05
.000109376
.000125001
.000156251
2.34383e-05
4.68758e-05
-3.90617e-05
3.90633e-05
7.81258e-05
.000140626
-.000132812
3.12508e-05
7.81333e-06
.000132813
5.46883e-05
-1.56242e-05
-7.81167e-06
-5.46867e-05
.000117188
5.46883e-05
-.000140624
-.000117187
.000109376
.000203126
.000132813
-9.37492e-05
-7.81167e-06
.000179688
2.34383e-05
-2.34367e-05
3.90633e-05
.000234376
8.34465e-10
-7.81242e-05
5.46883e-05
-3.12492e-05
1.56258e-05
.000171876
3.90633e-05
-.000117187
7.81258e-05
-6.24992e-05
.000140626
3.90633e-05
5.46883e-05
.000125001
7.81258e-05
4.68758e-05
.000117188
-.000156249
.000101563
.000242188
.000140626
-9.37492e-05
7.81333e-06
1.56258e-05
.000117188
3.90633e-05
-6.24992e-05
-6.24992e-05
2.34383e-05
.000164063
6.25008e-05
7.81333e-06
7.81333e-06
.000117188
1.56258e-05
.000250001
-7.03117e-05
8.59383e-05
7.81333e-06
-3.90617e-05
-1.56242e-05
.000140626
1.56258e-05
-2.34367e-05
-.000164062
5.46883e-05
.000148438
.000304688
.000117188
-8.59367e-05
8.59383e-05
.000218751
1.56258e-05
4.68758e-05
-2.34367e-05
8.59383e-05
.000132813
.000148438
-1.56242e-05
-7.81242e-05
-3.90617e-05
4.68758e-05
6.25008e-05
9.37508e-05
7.81333e-06
7.81333e-06
-8.59367e-05
-1.56242e-05
-8.59367e-05
8.34465e-10
8.34465e-10
4.68758e-05
-.000117187
4.68758e-05
.000140626
9.37508e-05
-6.24992e-05
-.000109374
-3.90617e-05
7.81258e-05
7.81333e-06
-9.37492e-05
-.000101562
-3.90617e-05
.000156251
.000203126
-6.24992e-05
-1.56242e-05
3.12508e-05
.000304688
.000148438
2.34383e-05
-.000132812
-1.56242e-05
.000101563
9.37508e-05
-.000109374
-7.81167e-06
.000171876
.000117188
3.12508e-05
4.68758e-05
4.68758e-05
5.46883e-05
-5.46867e-05
-7.03117e-05
7.03133e-05
3.12508e-05
.000289063
6.25008e-05
-8.59367e-05
7.81258e-05
.000171876
7.03133e-05
-.000109374
-6.24992e-05
-3.90617e-05
.000171876
.000140626
-6.24992e-05
-6.24992e-05
-1.56242e-05
.000140626
3.90633e-05
-1.56242e-05
8.34465e-10
-5.46867e-05
.000210938
9.37508e-05
5.46883e-05
-1.56242e-05
4.68758e-05
8.34465e-10
4.68758e-05
-3.90617e-05
-7.81242e-05
-6.24992e-05
-3.90617e-05
-.000156249
-1.56242e-05
8.34465e-10
-8.59367e-05
-3.12492e-05
-4.68742e-05
-4.68742e-05
8.59383e-05
3.90633e-05
-.000156249
-5.46867e-05
.000210938
6.25008e-05
.000101563
-3.90617e-05
-.000171874
-9.37492e-05
3.12508e-05
-7.81167e-06
-6.24992e-05
-5.46867e-05
3.12508e-05
-8.59367e-05
-6.24992e-05
6.25008e-05
9.37508e-05
-7.03117e-05
2.34383e-05
-2.34367e-05
3.90633e-05
7.03133e-05
-7.81167e-06
-6.24992e-05
-3.12492e-05
2.34383e-05
3.12508e-05
4.68758e-05
7.81333e-06
5.46883e-05
.000171876
4.68758e-05
-.000101562
7.81333e-06
3.90633e-05
-5.46867e-05
9.37508e-05
-6.24992e-05
7.03133e-05
.000148438
7.03133e-05
.000109376
-4.68742e-05
.000148438
-3.12492e-05
9.37508e-05
7.81258e-05
-.000101562
5.46883e-05
.000117188
4.68758e-05
-8.59367e-05
-7.81167e-06
8.59383e-05
.000171876
-4.68742e-05
.000109376
-6.24992e-05
6.25008e-05
.000117188
7.03133e-05
-.000101562
-7.81242e-05
7.81258e-05
7.03133e-05
-.000109374
-8.59367e-05
3.12508e-05
8.59383e-05
-3.12492e-05
-7.03117e-05
-7.81242e-05
-7.81167e-06
.000132813
7.81258e-05
-.000132812
3.12508e-05
.000101563
.000117188
-.000101562
-8.59367e-05
8.34465e-10
.000203126
-7.03117e-05
-7.03117e-05
-1.56242e-05
1.56258e-05
6.25008e-05
3.12508e-05
-4.68742e-05
-2.34367e-05
7.03133e-05
.000125001
2.34383e-05
-.000117187
3.12508e-05
3.12508e-05
.000125001
.000109376
-3.12492e-05
.000101563
.000210938
.000109376
-3.90617e-05
-2.34367e-05
6.25008e-05
9.37508e-05
-3.12492e-05
3.12508e-05
7.81258e-05
.000125001
4.68758e-05
7.03133e-05
-2.34367e-05
.000125001
.000179688
.000203126
8.59383e-05
5.46883e-05
-3.90617e-05
.000148438
-5.46867e-05
-6.24992e-05
7.81258e-05
-2.34367e-05
7.03133e-05
.000140626
-7.81242e-05
8.34465e-10
.000117188
.000140626
5.46883e-05
3.12508e-05
7.81333e-06
.000187501
3.90633e-05
3.90633e-05
-2.34367e-05
.000140626
3.12508e-05
7.03133e-05
-3.90617e-05
7.03133e-05
6.25008e-05
.000125001
-7.81167e-06
3.90633e-05
-7.81167e-06
.000140626
3.90633e-05
.000109376
6.25008e-05
.000304688
.000132813
.000203126
8.34465e-10
.000179688
8.59383e-05
-1.56242e-05
3.90633e-05
.000132813
2.34383e-05
.000148438
-7.81167e-06
7.81258e-05
.000289063
.000132813
7.81333e-06
6.25008e-05
-1.56242e-05
.000117188
-7.81242e-05
.000132813
-.000156249
3.90633e-05
.000132813
.000203126
3.12508e-05
-8.59367e-05
-7.81167e-06
3.12508e-05
5.46883e-05
.000164063
-3.12492e-05
-7.81167e-06
5.46883e-05
5.46883e-05
-3.90617e-05
.000148438
-1.56242e-05
7.81333e-06
.000117188
-7.81167e-06
.000171876
6.25008e-05
-2.34367e-05
-4.68742e-05
-7.03117e-05
6.25008e-05
.000125001
4.68758e-05
-.000312499
-.000156249
8.34465e-10
4.68758e-05
-3.90617e-05
-.000140624
1.56258e-05
.000140626
-6.24992e-05
-.000109374
8.34465e-10
-1.56242e-05
6.25008e-05
-.000124999
-2.34367e-05
4.68758e-05
-7.03117e-05
-9.37492e-05
1.56258e-05
-2.34367e-05
-.000187499
-1.56242e-05
5.46883e-05
3.12508e-05
-6.24992e-05
2.34383e-05
.000156251
-7.81167e-06
-8.59367e-05
-3.12492e-05
-7.81167e-06
.000148438
-3.12492e-05
-4.68742e-05
-7.81242e-05
.000156251
-2.34367e-05
-2.34367e-05
8.34465e-10
-6.24992e-05
.000117188
4.68758e-05
-2.34367e-05
2.34383e-05
3.12508e-05
.000140626
6.25008e-05
2.34383e-05
7.81333e-06
7.81333e-06
.000109376
-.000101562
-.000148437
6.25008e-05
.000101563
.000156251
-.000117187
-.000117187
-8.59367e-05
.000125001
-7.81167e-06
-7.81167e-06
7.81333e-06
.000125001
.000164063
9.37508e-05
-3.12492e-05
2.34383e-05
-4.68742e-05
7.81333e-06
.000109376
.000164063
-2.34367e-05
-4.68742e-05
.000125001
1.56258e-05
7.81258e-05
.000125001
3.12508e-05
3.90633e-05
-7.81167e-06
.000171876
.000164063
8.59383e-05
2.34383e-05
-7.03117e-05
.000101563
7.03133e-05
-2.34367e-05
3.12508e-05
.000117188
8.34465e-10
.000289063
3.12508e-05
.000156251
-1.56242e-05
8.34465e-10
3.12508e-05
.000125001
7.81333e-06
3.90633e-05
.000101563
3.90633e-05
6.25008e-05
8.59383e-05
5.46883e-05
2.34383e-05
1.56258e-05
.000117188
5.46883e-05
.000156251
.000140626
8.34465e-10
5.46883e-05
.000148438
.000132813
-7.81242e-05
-7.81242e-05
8.34465e-10
.000218751
.000109376
.000109376
8.34465e-10
.000125001
.000117188
7.81333e-06
-7.81167e-06
-1.56242e-05
-1.56242e-05
8.34465e-10
-2.34367e-05
1.56258e-05
.000226563
.000117188
-9.37492e-05
-4.68742e-05
7.81258e-05
3.12508e-05
3.12508e-05
-7.03117e-05
-7.03117e-05
-2.34367e-05
6.25008e-05
.000109376
-1.56242e-05
-6.24992e-05
8.59383e-05
.000187501
7.81333e-06
7.03133e-05
-3.12492e-05
3.12508e-05
9.37508e-05
.000109376
-.000132812
-4.68742e-05
.000109376
2.34383e-05
-5.46867e-05
.000195313
-.000140624
7.81333e-06
-.000179687
1.56258e-05
1.56258e-05
3.90633e-05
3.12508e-05
-6.24992e-05
-8.59367e-05
-3.90617e-05
2.34383e-05
.000203126
.000125001
-.000109374
-1.56242e-05
8.34465e-10
3.90633e-05
-.000101562
-3.12492e-05
-9.37492e-05
.000109376
.000132813
5.46883e-05
2.34383e-05
-7.81167e-06
.000148438
1.56258e-05
.000101563
5.46883e-05
6.25008e-05
.000164063
7.03133e-05
7.81258e-05
7.03133e-05
-2.34367e-05
-2.34367e-05
7.81333e-06
-5.46867e-05
9.37508e-05
.000171876
1.56258e-05
4.68758e-05
-1.56242e-05
.000187501
-1.56242e-05
-2.34367e-05
-.000101562
.000195313
2.34383e-05
.000109376
7.81333e-06
7.81333e-06
1.56258e-05
7.81333e-06
.000101563
8.59383e-05
.000101563
.000109376
-5.46867e-05
8.59383e-05
.000117188
-3.12492e-05
7.03133e-05
.000218751
1.56258e-05
-.000109374
7.81333e-06
.000109376
5.46883e-05
1.56258e-05
-7.81167e-06
.000125001
-5.46867e-05
-3.12492e-05
6.25008e-05
.000140626
4.68758e-05
3.90633e-05
-2.34367e-05
6.25008e-05
.000117188
5.46883e-05
8.34465e-10
-3.12492e-05
4.68758e-05
.000140626
7.03133e-05
7.03133e-05
2.34383e-05
-7.81167e-06
.000109376
6.25008e-05
-5.46867e-05
7.81333e-06
-7.81167e-06
8.34465e-10
6.25008e-05
9.37508e-05
-3.12492e-05
.000125001
.000101563
1.56258e-05
-5.46867e-05
.000109376
7.03133e-05
-3.90617e-05
-7.03117e-05
-7.81242e-05
7.81258e-05
-7.81167e-06
9.37508e-05
-3.12492e-05
-1.56242e-05
4.68758e-05
5.46883e-05
-7.81167e-06
8.59383e-05
-.000171874
.000117188
.000203126
-4.68742e-05
-1.56242e-05
5.46883e-05
4.68758e-05
4.68758e-05
2.34383e-05
-5.46867e-05
7.03133e-05
3.12508e-05
2.34383e-05
-.000101562
4.68758e-05
4.68758e-05
.000171876
-6.24992e-05
-7.03117e-05
-4.68742e-05
.000101563
.000117188
8.34465e-10
-8.59367e-05
3.90633e-05
-.000109374
1.56258e-05
7.81333e-06
-3.90617e-05
-1.56242e-05
-2.34367e-05
-6.24992e-05
-7.81242e-05
3.90633e-05
-7.81167e-06
.000125001
-6.24992e-05
7.03133e-05
5.46883e-05
-5.46867e-05
8.59383e-05
-5.46867e-05
-.000148437
7.03133e-05
7.03133e-05
.000125001
7.81333e-06
-6.24992e-05
-2.34367e-05
3.12508e-05
-5.46867e-05
-9.37492e-05
-3.12492e-05
3.12508e-05
.000117188
8.34465e-10
1.56258e-05
2.34383e-05
7.03133e-05
-6.24992e-05
-8.59367e-05
.000187501
.000117188
-7.81167e-06
3.12508e-05
-2.34367e-05
.000125001
4.68758e-05
-.000179687
-.000132812
-7.03117e-05
1.56258e-05
.000218751
-3.12492e-05
-.000195312
9.37508e-05
-.000132812
-7.81242e-05
1.56258e-05
-3.90617e-05
1.56258e-05
8.34465e-10
2.34383e-05
-7.03117e-05
-1.56242e-05
-2.34367e-05
-5.46867e-05
-7.81167e-06
-7.81167e-06
4.68758e-05
7.03133e-05
-8.59367e-05
-7.81242e-05
-7.03117e-05
2.34383e-05
.000125001
-6.24992e-05
-6.24992e-05
3.90633e-05
.000140626
.000187501
-5.46867e-05
-.000281249
-7.81167e-06
.000242188
5.46883e-05
.000125001
-.000124999
-7.03117e-05
.000257813
7.03133e-05
6.25008e-05
-5.46867e-05
-.000164062
.000265626
8.59383e-05
-.000234374
-3.90617e-05
-7.81167e-06
2.34383e-05
-7.81167e-06
-1.56242e-05
.000148438
1.56258e-05
-6.24992e-05
-7.81167e-06
-4.68742e-05
6.25008e-05
.000140626
4.68758e-05
-7.81242e-05
-3.90617e-05
.000140626
5.46883e-05
8.59383e-05
-4.68742e-05
6.25008e-05
.000312501
.000125001
-7.81242e-05
-.000203124
-2.34367e-05
.000125001
-7.81167e-06
-1.56242e-05
-8.59367e-05
-2.34367e-05
.000179688
1.56258e-05
1.56258e-05
-1.56242e-05
9.37508e-05
.000195313
3.90633e-05
3.12508e-05
-2.34367e-05
-3.90617e-05
.000109376
-3.90617e-05
.000195313
.000289063
3.12508e-05
-7.81167e-06
3.12508e-05
3.90633e-05
9.37508e-05
.000101563
4.68758e-05
-.000140624
-7.81242e-05
.000148438
.000117188
-.000109374
-7.03117e-05
-3.90617e-05
6.25008e-05
1.56258e-05
-6.24992e-05
-3.90617e-05
5.46883e-05
.000101563
.000140626
-6.24992e-05
2.34383e-05
-5.46867e-05
-9.37492e-05
-3.90617e-05
1.56258e-05
-3.12492e-05
5.46883e-05
-7.81242e-05
-.000242187
3.90633e-05
5.46883e-05
-3.12492e-05
-7.03117e-05
-5.46867e-05
.000109376
.000125001
1.56258e-05
8.34465e-10
6.25008e-05
7.03133e-05
-3.12492e-05
7.03133e-05
3.12508e-05
.000164063
9.37508e-05
2.34383e-05
-3.90617e-05
8.59383e-05
-1.56242e-05
.000187501
-7.81167e-06
3.90633e-05
.000164063
3.12508e-05
.000109376
7.81333e-06
1.56258e-05
6.25008e-05
-5.46867e-05
7.81258e-05
-6.24992e-05
-3.90617e-05
8.34465e-10
.000250001
.000171876
-7.81242e-05
4.68758e-05
.000156251
2.34383e-05
5.46883e-05
-7.81167e-06
-.000101562
.000164063
-3.12492e-05
6.25008e-05
-7.81167e-06
6.25008e-05
8.59383e-05
-3.90617e-05
-7.81242e-05
-.000140624
2.34383e-05
.000125001
.000148438
-.000179687
3.12508e-05
6.25008e-05
.000179688
1.56258e-05
6.25008e-05
1.56258e-05
.000132813
4.68758e-05
-8.59367e-05
7.81333e-06
4.68758e-05
.000132813
-.000101562
-4.68742e-05
4.68758e-05
7.03133e-05
7.81258e-05
-4.68742e-05
-9.37492e-05
-7.81167e-06
.000164063
5.46883e-05
-.000140624
-.000132812
.000101563
4.68758e-05
.000187501
-9.37492e-05
-.000179687
8.59383e-05
-3.12492e-05
7.81258e-05
8.34465e-10
8.34465e-10
.000210938
7.81258e-05
-.000101562
3.12508e-05
-7.81167e-06
5.46883e-05
3.12508e-05
-.000179687
-8.59367e-05
3.90633e-05
-.000132812
-3.90617e-05
-7.03117e-05
-8.59367e-05
.000140626
.000117188
.000140626
-7.03117e-05
-3.12492e-05
5.46883e-05
7.81333e-06
-.000140624
-3.12492e-05
7.03133e-05
9.37508e-05
8.59383e-05
-1.56242e-05
-6.24992e-05
8.34465e-10
4.68758e-05
-1.56242e-05
-7.03117e-05
2.34383e-05
.000109376
7.03133e-05
-6.24992e-05
-1.56242e-05
-.000109374
6.25008e-05
6.25008e-05
6.25008e-05
5.46883e-05
3.12508e-05
.000164063
.000171876
8.59383e-05
.000125001
8.34465e-10
7.81258e-05
8.34465e-10
2.34383e-05
7.81258e-05
.000164063
8.34465e-10
-3.12492e-05
-7.81242e-05
.000218751
.000148438
4.68758e-05
-5.46867e-05
-2.34367e-05
5.46883e-05
.000125001
-9.37492e-05
-2.34367e-05
-3.12492e-05
1.56258e-05
.000148438
-3.12492e-05
-2.34367e-05
-.000117187
.000101563
3.12508e-05
-2.34367e-05
-7.03117e-05
-7.03117e-05
3.90633e-05
8.34465e-10
.000132813
.000250001
.000156251
1.56258e-05
-.000124999
7.81333e-06
8.59383e-05
-3.90617e-05
-1.56242e-05
-.000117187
3.90633e-05
3.90633e-05
.000164063
2.34383e-05
-7.03117e-05
5.46883e-05
.000187501
.000132813
-.000101562
-3.90617e-05
.000140626
.000171876
.000117188
2.34383e-05
7.03133e-05
.000171876
6.25008e-05
3.90633e-05
-6.24992e-05
8.59383e-05
9.37508e-05
1.56258e-05
-7.81167e-06
.000242188
.000140626
3.90633e-05
-4.68742e-05
-7.81242e-05
-3.12492e-05
.000210938
.000187501
-.000218749
-.000234374
.000101563
.000101563
.000125001
2.34383e-05
-7.81167e-06
5.46883e-05
-7.81167e-06
9.37508e-05
1.56258e-05
.000132813
7.81333e-06
9.37508e-05
8.34465e-10
7.81258e-05
-5.46867e-05
5.46883e-05
-7.81242e-05
-.000132812
3.12508e-05
.000156251
.000117188
-3.12492e-05
-.000281249
.000148438
.000164063
-7.03117e-05
-7.03117e-05
-7.81242e-05
9.37508e-05
.000156251
7.81333e-06
5.46883e-05
-6.24992e-05
-7.81242e-05
-2.34367e-05
.000171876
-7.81242e-05
-3.90617e-05
-7.81167e-06
.000156251
3.90633e-05
-3.12492e-05
4.68758e-05
.000140626
-1.56242e-05
7.81333e-06
-7.81167e-06
.000156251
4.68758e-05
-4.68742e-05
-.000124999
.000125001
1.56258e-05
-1.56242e-05
-2.34367e-05
-8.59367e-05
5.46883e-05
.000125001
-7.81242e-05
-9.37492e-05
-8.59367e-05
-.000109374
-1.56242e-05
8.34465e-10
-.000101562
-5.46867e-05
.000218751
8.34465e-10
7.03133e-05
-7.81242e-05
-6.24992e-05
8.34465e-10
2.34383e-05
5.46883e-05
2.34383e-05
.000140626
.000101563
.000140626
-3.90617e-05
.000140626
2.34383e-05
-7.81167e-06
-9.37492e-05
-1.56242e-05
.000109376
.000250001
.000132813
-4.68742e-05
7.81333e-06
.000234376
8.34465e-10
1.56258e-05
-.000140624
-.000124999
-5.46867e-05
-7.81167e-06
-2.34367e-05
-.000101562
9.37508e-05
-5.46867e-05
7.81333e-06
