2500
2.e-09
250
.508057
.00014375
.0001125
.000121875
.000153125
.000134375
.0001375
.0001125
.000140625
.000145312
.000148437
.000184375
.0001375
.0001125
.00013125
.000117187
.000126562
.0001375
.000129687
8.90621e-05
9.53121e-05
9.37496e-05
.000109375
.000126562
.000117187
.000123437
9.37496e-05
.000114062
.000134375
.000103125
.00010625
.000164062
.000114062
9.53121e-05
.00013125
.000110937
9.84371e-05
.000110937
9.68746e-05
.000107812
7.49996e-05
8.59371e-05
4.21871e-05
.000132812
.000104687
.000157812
.0001375
.000123437
.0001125
.0001125
.000117187
.000114062
.000135937
8.90621e-05
.000107812
7.49996e-05
.000107812
.000104687
.000170312
.00011875
.000139062
.000157812
.000164062
.00015
.000128125
.000104687
.000101562
.000103125
.000128125
.0001625
.000171875
.000132812
.000139062
.00015
.000121875
9.84371e-05
.000117187
9.06246e-05
8.12496e-05
.0001125
.000125
.000115625
.000107812
7.18746e-05
9.84371e-05
5.78121e-05
.000121875
.00014375
.000126562
.000132812
.000182812
.000153125
.000107812
.000176562
.000160937
.000125
.000129687
.00016875
.000157812
.000151562
.000125
.000109375
.000134375
.000145312
.000151562
.000121875
.000110937
8.74996e-05
.00011875
.000171875
.000139062
.000128125
.000109375
.000114062
9.84371e-05
.000128125
.000114062
.000117187
9.84371e-05
.00010625
.000104687
.000117187
.00014375
.000101562
.000114062
.000140625
.0001125
.000126562
9.84371e-05
.000101562
9.06246e-05
.000129687
7.96871e-05
.000107812
.000132812
.000120312
8.43746e-05
.000120312
.000139062
.000115625
9.68746e-05
.000123437
9.53121e-05
9.68746e-05
.000109375
9.68746e-05
.000134375
.000140625
.00010625
.000123437
.000104687
7.03121e-05
.000132812
9.68746e-05
.000109375
.000123437
.00011875
7.96871e-05
.00015
.000160937
.000170312
.000146875
9.84371e-05
.000107812
9.84371e-05
.000104687
.000139062
.000121875
.000146875
.000121875
7.81246e-05
.000140625
9.53121e-05
9.84371e-05
.00011875
.000117187
7.81246e-05
.000103125
7.18746e-05
7.96871e-05
9.84371e-05
8.28121e-05
.000135937
.00011875
.000123437
9.84371e-05
.000123437
.000159375
.000139062
.000145312
.00015
.000146875
.00011875
.000121875
.000145312
.000117187
.000109375
.000125
.000101562
8.90621e-05
7.34371e-05
.000125
.000153125
.000115625
.000103125
.000103125
.000117187
.000110937
.00010625
.000104687
9.06246e-05
.000101562
.000101562
9.21871e-05
.000142187
.000185937
.000107812
9.84371e-05
.000128125
9.37496e-05
8.43746e-05
.000117187
9.68746e-05
.000154687
.000123437
.000121875
.00013125
6.71871e-05
9.06246e-05
.000103125
.000109375
.000123437
9.84371e-05
.000132812
.000107812
9.68746e-05
.000126562
.000120312
.000140625
.0001125
6.56246e-05
.0001125
8.43746e-05
9.37496e-05
9.84371e-05
.000107812
.000107812
9.84371e-05
.00011875
.000121875
.00010625
.000139062
.000132812
.000123437
.000140625
.00014375
.000123437
.000109375
.000132812
.000126562
7.49996e-05
9.21871e-05
.000115625
.000121875
.000109375
.000159375
.000125
.000148437
.000109375
.000117187
.00010625
.000129687
.000110937
.000145312
.00011875
.00010625
.000117187
.000160937
.0001375
.000120312
9.99996e-05
.000101562
.000125
.00013125
.000139062
.000129687
.000121875
.000123437
.000140625
.000134375
.000128125
.000148437
.000171875
.000203125
.000160937
.000207812
.000184375
.00019375
.000203125
.000273437
.000304687
.000315625
.00036875
.000523437
.000632812
.000701562
.000857812
.00101094
.00121719
.00146562
.00185312
.00229844
.00277187
.00337812
.00399844
.00479844
.00573906
.00681094
.00796094
.00920625
.0103844
.0115281
.0124562
.0131844
.0136172
.0138719
.0138734
.0137641
.0135141
.0131344
.0126641
.0121281
.0114734
.0107641
.00998125
.00918594
.00831406
.00749844
.00656719
.00562031
.00471094
.00380937
.00289844
.0020125
.00109062
.000210937
-.000615625
-.00150156
-.00230781
-.00322031
-.00414844
-.00494688
-.005725
-.0065125
-.00738438
-.00815938
-.00897969
-.00971563
-.010525
-.0112359
-.0119188
-.0126234
-.0133313
-.0139797
-.0145828
-.0152
-.0158391
-.0164
-.0169328
-.0175047
-.0180016
-.0184906
-.0190391
-.0194859
-.0199281
-.0203609
-.0207219
-.0210906
-.0213703
-.0216344
-.0218844
-.0220891
-.0222375
-.02235
-.0223375
-.0223406
-.0222125
-.0219391
-.0216344
-.0212266
-.0207219
-.0199156
-.0187719
-.0170719
-.0137594
-.00629844
.00699219
.0230141
.0355891
.0408547
.0392781
.0341625
.0290344
.0259187
.0246578
.0244391
.0244875
.0241641
.0230875
.0214484
.0197344
.0182234
.0168328
.0154516
.0139797
.0123891
.0107937
.00926094
.00801094
.00719844
.00668125
.00639531
.006175
.00581719
.00535
.004675
.00392187
.00315156
.00239687
.00176562
.00120312
.000623437
8.74996e-05
-.000582813
-.00122656
-.00188438
-.00227813
-.0025125
-.00255313
-.0024625
-.0023375
-.00225781
-.00225781
-.00228125
-.00237344
-.00259688
-.0028375
-.003
-.00316719
-.00334531
-.00350156
-.00355313
-.00358906
-.00358125
-.00347656
-.00327969
-.00313594
-.00303438
-.00302969
-.00303594
-.00316406
-.00324219
-.00336563
-.00339844
-.00353594
-.00364844
-.00383281
-.00395
-.00404688
-.00408125
-.00422188
-.00423125
-.00426406
-.00428438
-.00427188
-.00408125
-.00399531
-.00383594
-.00360469
-.00337188
-.00311719
-.00287813
-.00259063
-.00231094
-.00208438
-.00185781
-.00159219
-.00125781
-.000823438
-.000417188
2.81246e-05
.000426562
.00083125
.00124531
.00169375
.00215937
.00260469
.00296406
.00332344
.00356094
.00369687
.00377344
.0038375
.0038375
.00381406
.00380937
.00379375
.00372031
.00365156
.00355625
.00340312
.0032625
.003125
.00291094
.002775
.00265156
.00245937
.00220781
.00196875
.00166094
.00138281
.00111094
.0008625
.00066875
.000446875
.000160937
1.56246e-05
-.000232813
-.00039375
-.000595313
-.000764063
-.0008875
-.00094375
-.00104219
-.00113281
-.00120313
-.00124531
-.00128438
-.00131719
-.00132344
-.00133438
-.00134219
-.001375
-.00135156
-.00126406
-.00122656
-.00114844
-.00106875
-.000940625
-.00074375
-.00065
-.00055
-.00045
-.000390625
-.00036875
-.000303125
-.000267188
-.000154688
-7.34379e-05
-7.50004e-05
-2.50004e-05
-6.56254e-05
-2.81254e-05
1.56212e-06
3.12462e-06
7.03121e-05
.000104687
.00014375
.000171875
.000173437
.000201562
.000176562
.000164062
.000198437
.000154687
.000204687
.000220312
.000229687
.000195312
.000175
.00015
6.87496e-05
7.49996e-05
5.62496e-05
7.18746e-05
.0001125
.000159375
.000265625
.000429687
.000564062
.00070625
.000770312
.000832812
.000904687
.000942187
.000982812
.00104375
.00108594
.00115
.00115625
.00114375
.00115156
.00115156
.00115469
.00111562
.00105469
.00108906
.00107656
.00100781
.00101719
.00100625
.00101406
.00100469
.00100156
.000978125
.000851562
.000814062
.000742187
.00066875
.000628125
.000582812
.0005375
.000465625
.000354687
.00025
.0001875
9.37496e-05
2.49996e-05
-5.31254e-05
-.000117188
-.000182813
-.00023125
-.000235938
-.00026875
-.000270313
-.0002875
-.000326563
-.000301563
-.000334375
-.000315625
-.000329688
-.0002875
-.000264063
-.000229688
-.000214063
-.000201563
-.000148438
-.0001125
-.000107813
-9.68754e-05
-2.96879e-05
4.68712e-06
3.59371e-05
.000104687
.000132812
.000135937
.000167187
.000229687
.000217187
.0003
.000360937
.00035625
.000410937
.00043125
.000420312
.000446875
.000517187
.000526562
.000496875
.000454687
.000421875
.000432812
.0004
.000396875
.00034375
.000359375
.000328125
.000298437
.0002375
.000195312
.000171875
.0001375
.000125
7.65621e-05
4.21871e-05
5.31246e-05
9.06246e-05
6.71871e-05
5.78121e-05
3.28121e-05
8.90621e-05
8.12496e-05
8.28121e-05
.000109375
.00010625
.000117187
.000114062
.00014375
.000148437
.000146875
.000139062
.00018125
.000189062
.00019375
.000167187
.000151562
.00015
.000148437
.00013125
.000104687
.000101562
8.90621e-05
5.46871e-05
7.03121e-05
7.49996e-05
7.34371e-05
6.24996e-05
5.78121e-05
6.24996e-05
7.81246e-05
8.74996e-05
7.18746e-05
.00015625
.000153125
.000164062
.000159375
.000135937
.000182812
.00019375
.000201562
.000225
.000225
.000239062
.000214062
.0002
.000164062
.000128125
.0001125
9.99996e-05
7.96871e-05
.000101562
6.24996e-05
2.65621e-05
4.37496e-05
6.24996e-05
7.81246e-05
9.84371e-05
9.53121e-05
5.78121e-05
6.24996e-05
3.90621e-05
9.53121e-05
.000103125
8.74996e-05
7.96871e-05
7.18746e-05
8.43746e-05
9.68746e-05
.000115625
7.96871e-05
.000110937
.000115625
.000176562
.000207812
.000229687
.000284375
.000301562
.000325
.000346875
.000379687
.000342187
.0004125
.000426562
.000395312
.000398437
.000439062
.0004125
.000453125
.000389062
.000390625
.0004375
.000396875
.000409375
.00046875
.000420312
.000425
.000417187
.00038125
.000384375
.00035625
.000323437
.000365625
.000360937
.00033125
.000296875
.00025625
.000267187
.000246875
.000239062
.000234375
.000215625
.000185937
.000221875
.000215625
.00019375
.000229687
.000157812
.00016875
.000178125
.000139062
.000134375
.000173437
.000115625
.000103125
5.62496e-05
6.24996e-05
3.12496e-05
3.74996e-05
-1.56288e-06
-4.68788e-06
-1.40629e-05
-1.71879e-05
-.000104688
-6.40629e-05
-9.68754e-05
-.000129688
-.000145313
-.000128125
-.000159375
-.000204688
-.000167188
-.000221875
-.000214063
-.000195313
-.000201563
-.00020625
-.00021875
-.000207813
-.00019375
-.000217188
-.000201563
-.000210938
-.000220313
-.000171875
-.00018125
-.00018125
-.000178125
-.000192188
-.0001875
-.00018125
-.000178125
-.000145313
-.000145313
-.000121875
-.000139063
-.000128125
-.000103125
-7.81254e-05
-7.03129e-05
-2.96879e-05
-7.34379e-05
-3.59379e-05
-3.28129e-05
4.68712e-06
4.06246e-05
4.21871e-05
3.43746e-05
6.56246e-05
8.28121e-05
7.65621e-05
9.99996e-05
.000134375
.000109375
.000123437
.000170312
.000178125
.000229687
.000259375
.00025625
.000309375
.000260937
.000282812
.000285937
.000315625
.000310937
.000309375
.000329687
.000310937
.000328125
.0003375
.0003625
.00031875
.00034375
.000310937
.000320312
.00028125
.000259375
.000290625
.000251562
.000264062
.0002375
.000217187
.000210937
.000176562
.000151562
.000146875
.000121875
8.28121e-05
6.56246e-05
5.62496e-05
3.43746e-05
4.68746e-05
3.12496e-05
1.56246e-05
-3.12504e-05
-1.25004e-05
-3.43754e-05
-4.06254e-05
-3.90629e-05
-.0001125
-.00011875
-.000107813
-.000134375
-.000132813
-.000142188
-.000115625
-.000117188
-.000142188
-.000159375
-.000117188
-.00015
-.000146875
-.000148438
-.000160938
-.000157813
-.000170313
-.00015625
-.000142188
-.000157813
-9.84379e-05
-.000145313
-9.21879e-05
-.0001
-1.25004e-05
-3.28129e-05
-3.8147e-10
-9.37538e-06
-2.65629e-05
-2.34379e-05
1.09371e-05
4.21871e-05
4.21871e-05
6.71871e-05
.00011875
.000153125
.000189062
.000159375
.000154687
.000123437
.000171875
.000253125
.000228125
.0002375
.000253125
.000210937
.000226562
.000242187
.000273437
.00026875
.000273437
.000251562
.000275
.00028125
.000289062
.000307812
.000296875
.000309375
.000310937
.000275
.000317187
.000284375
.000310937
.00028125
.000296875
.00031875
.000289062
.000273437
.000251562
.00026875
.000296875
.000245312
.00026875
.000214062
.000195312
.000175
.00011875
.000121875
9.84371e-05
.000104687
8.12496e-05
5.62496e-05
3.28121e-05
-1.56288e-06
-7.81288e-06
-3.90629e-05
-1.25004e-05
-6.40629e-05
-4.37504e-05
-.0001125
-.000126563
-.0001625
-.00018125
-.00015
-.00015
-.00016875
-.00016875
-.000189063
-.000159375
-.000123438
-.000145313
-.000135938
-.00010625
-.000142188
-.000121875
-.000140625
-8.90629e-05
-.000117188
-8.90629e-05
-4.53129e-05
-4.84379e-05
-6.71879e-05
-5.15629e-05
3.12462e-06
-3.8147e-10
3.74996e-05
7.18746e-05
2.03121e-05
4.06246e-05
9.68746e-05
.000145312
.000135937
.00014375
.00016875
.00016875
.000204687
.000209375
.000207812
.000175
.000171875
.000204687
.000210937
.000235937
.00026875
.000253125
.000253125
.000245312
.0001875
.000204687
.000223437
.0002125
.000226562
.000259375
.00025
.000201562
.000201562
.000220312
.000210937
.000207812
.000209375
.000225
.000253125
.000203125
.00021875
.0001625
.000157812
.000167187
.000225
.000195312
.000157812
.000167187
.00011875
.000125
.000121875
.000146875
9.06246e-05
6.40621e-05
.000109375
.00011875
8.28121e-05
8.90621e-05
7.03121e-05
9.21871e-05
.000103125
8.43746e-05
3.90621e-05
5.15621e-05
2.65621e-05
7.81212e-06
-2.65629e-05
-3.12538e-06
-5.15629e-05
-2.03129e-05
-5.93754e-05
-5.62504e-05
-6.87504e-05
-4.68754e-05
-.000114063
-.000110938
-.00010625
-8.28129e-05
-8.75004e-05
-8.59379e-05
-8.43754e-05
-8.12504e-05
-2.50004e-05
-8.90629e-05
-7.34379e-05
-7.81254e-05
-9.06254e-05
-6.56254e-05
-6.25004e-05
-6.56254e-05
-6.71879e-05
-2.18754e-05
-3.90629e-05
-3.12538e-06
3.43746e-05
4.68712e-06
5.62496e-05
4.21871e-05
5.78121e-05
9.84371e-05
6.87496e-05
.00010625
.000104687
.0001375
.000110937
.000117187
.000129687
.000125
.000179687
.000189062
.000176562
.000159375
.000228125
.000185937
.000223437
.000201562
.00020625
.000240625
.000228125
.000215625
.0001875
.000220312
.000225
.000225
.000207812
.000234375
.000209375
.000182812
.00023125
.000204687
.000192187
.0001875
.000228125
.00021875
.000196875
.000209375
.000203125
.000184375
.000154687
.000132812
.00016875
.000170312
.000153125
.000175
.000146875
.00010625
.00011875
.0001375
.0001125
7.96871e-05
.000114062
.000145312
.000123437
6.24996e-05
5.46871e-05
7.96871e-05
7.18746e-05
7.18746e-05
2.65621e-05
4.68712e-06
5.78121e-05
3.59371e-05
3.43746e-05
1.09371e-05
2.81246e-05
5.31246e-05
7.34371e-05
5.46871e-05
4.99996e-05
1.71871e-05
4.68712e-06
7.81212e-06
1.71871e-05
2.03121e-05
-3.90629e-05
4.68712e-06
4.99996e-05
4.84371e-05
3.12496e-05
1.71871e-05
5.46871e-05
3.43746e-05
5.31246e-05
5.15621e-05
4.84371e-05
3.74996e-05
5.62496e-05
7.18746e-05
8.74996e-05
8.90621e-05
7.18746e-05
4.68746e-05
9.84371e-05
7.65621e-05
.00011875
.000128125
.00015625
.000170312
.000175
.000159375
.000153125
.00015
.000170312
.000201562
.0001625
.000178125
.000229687
.000203125
.000203125
.000176562
.0002125
.00021875
.000235937
.000221875
.000229687
.000253125
.000259375
.000232812
.000267187
.000210937
.000232812
.000228125
.000225
.000226562
.000239062
.0002375
.000154687
.0001875
.000159375
.00019375
.000217187
.000153125
.000135937
.000151562
.000167187
.000115625
.000104687
8.28121e-05
9.84371e-05
9.84371e-05
.000103125
.000129687
.000114062
9.84371e-05
.000145312
9.06246e-05
9.68746e-05
4.21871e-05
7.03121e-05
6.09371e-05
3.28121e-05
1.71871e-05
-4.68788e-06
2.65621e-05
-1.09379e-05
2.49996e-05
1.24996e-05
3.28121e-05
3.90621e-05
2.03121e-05
-1.56254e-05
3.43746e-05
3.59371e-05
4.53121e-05
1.87496e-05
3.28121e-05
3.28121e-05
3.12496e-05
7.81212e-06
-9.37538e-06
2.96871e-05
2.81246e-05
-4.68788e-06
-7.81288e-06
9.37462e-06
1.56212e-06
3.28121e-05
-3.59379e-05
1.40621e-05
7.34371e-05
4.84371e-05
5.78121e-05
4.53121e-05
7.81246e-05
9.53121e-05
6.87496e-05
5.93746e-05
3.74996e-05
5.93746e-05
6.56246e-05
6.40621e-05
9.06246e-05
6.40621e-05
5.62496e-05
6.56246e-05
.000110937
.000101562
.00010625
6.87496e-05
9.68746e-05
.000110937
9.06246e-05
.000114062
.000107812
.000139062
.0001375
.000129687
.000145312
.000110937
.000101562
8.74996e-05
7.96871e-05
7.18746e-05
9.06246e-05
9.06246e-05
9.68746e-05
9.37496e-05
9.84371e-05
9.06246e-05
.000114062
.000129687
9.99996e-05
.000178125
.000160937
.000139062
.000123437
.00014375
9.53121e-05
.000101562
9.99996e-05
9.21871e-05
.000107812
.000121875
6.24996e-05
.00011875
.000101562
9.53121e-05
6.09371e-05
8.28121e-05
7.49996e-05
5.78121e-05
3.59371e-05
5.31246e-05
6.87496e-05
.000110937
.000132812
.00011875
9.21871e-05
9.99996e-05
9.53121e-05
.000129687
.000120312
.000135937
.000110937
.000115625
.00015
.000146875
.00016875
.000125
.000190625
.00016875
.000223437
.000225
.000234375
.0002
.000225
.000242187
.000235937
.000254687
.0002375
.000225
.0002375
.000215625
.000214062
.000215625
.000246875
.0001875
.00023125
.000210937
.0002375
.000223437
.000225
.000217187
.000221875
.00020625
.000196875
.000259375
.000192187
.000248437
.000203125
.0001875
.000204687
.000232812
.000225
.000225
.000195312
.000196875
.000176562
.0002125
.000164062
.000171875
.0001625
.000151562
.000154687
.000179687
.0001375
.000129687
.000129687
.000171875
.000101562
9.06246e-05
.0001125
9.37496e-05
.000109375
7.81246e-05
.00010625
.000129687
.000104687
9.68746e-05
.000125
8.12496e-05
6.87496e-05
7.34371e-05
5.15621e-05
5.93746e-05
3.74996e-05
2.81246e-05
4.99996e-05
4.06246e-05
3.28121e-05
3.12496e-05
6.40621e-05
3.28121e-05
2.03121e-05
7.18746e-05
6.24996e-05
-1.87504e-05
1.71871e-05
3.12462e-06
3.59371e-05
5.62496e-05
3.43746e-05
8.90621e-05
7.65621e-05
6.24996e-05
8.28121e-05
6.09371e-05
5.15621e-05
7.65621e-05
5.93746e-05
7.03121e-05
5.31246e-05
5.15621e-05
5.78121e-05
6.40621e-05
.0001375
7.34371e-05
.000120312
9.99996e-05
.000164062
.000135937
9.84371e-05
.000120312
7.49996e-05
.000109375
.000151562
.000120312
.000159375
.000117187
.000135937
.0001375
.000148437
.000175
.000123437
.000157812
9.99996e-05
.00013125
.0001375
.000184375
.00015
.000142187
.00016875
.000192187
.000179687
.000173437
.000179687
.000171875
.0001375
.000170312
.000154687
.000135937
.000167187
.00015
.000123437
.000148437
.000154687
.000117187
.000120312
.00010625
9.84371e-05
9.37496e-05
7.81246e-05
9.53121e-05
7.18746e-05
6.40621e-05
7.81246e-05
9.21871e-05
9.99996e-05
.000123437
.000109375
8.59371e-05
7.18746e-05
8.28121e-05
4.99996e-05
8.12496e-05
5.62496e-05
4.37496e-05
9.37496e-05
5.15621e-05
5.31246e-05
9.06246e-05
5.93746e-05
8.90621e-05
9.06246e-05
8.28121e-05
6.40621e-05
5.62496e-05
7.18746e-05
6.71871e-05
.000109375
9.99996e-05
.000132812
.000117187
.00011875
.000115625
7.96871e-05
.000104687
6.40621e-05
7.96871e-05
9.21871e-05
9.21871e-05
.000142187
.000134375
8.28121e-05
.000110937
7.49996e-05
.000101562
9.68746e-05
.00010625
4.53121e-05
5.46871e-05
7.81246e-05
6.71871e-05
.000101562
.000126562
.000103125
6.87496e-05
5.31246e-05
4.68746e-05
5.62496e-05
9.68746e-05
9.68746e-05
7.03121e-05
8.28121e-05
5.62496e-05
.000117187
9.21871e-05
.000115625
.000129687
.000101562
9.99996e-05
.000125
9.21871e-05
7.03121e-05
7.03121e-05
8.59371e-05
9.21871e-05
9.99996e-05
9.06246e-05
.00010625
.000114062
.000109375
7.96871e-05
9.68746e-05
.000117187
.0001375
.0001375
.000110937
.000117187
9.84371e-05
7.81246e-05
9.21871e-05
.000134375
.000140625
.000110937
.000135937
.000120312
.000110937
.00014375
.000117187
.000140625
.000132812
.000114062
.000190625
.000110937
.000142187
.000117187
.000142187
.000120312
.000164062
.00020625
.00016875
.000157812
.000107812
.00010625
.000115625
.000128125
.00013125
.00013125
.0001375
.00010625
.000121875
8.74996e-05
8.90621e-05
8.74996e-05
5.62496e-05
8.74996e-05
.000109375
.000103125
.0001125
.000123437
9.21871e-05
5.31246e-05
.00011875
7.03121e-05
9.21871e-05
3.12496e-05
3.90621e-05
3.59371e-05
3.43746e-05
4.37496e-05
9.53121e-05
6.87496e-05
9.99996e-05
.000104687
3.59371e-05
5.15621e-05
6.87496e-05
8.90621e-05
.000117187
5.46871e-05
6.40621e-05
4.53121e-05
1.09371e-05
4.21871e-05
5.78121e-05
4.06246e-05
4.37496e-05
6.24962e-06
3.12462e-06
3.90621e-05
1.09371e-05
-2.65629e-05
2.49996e-05
-3.12538e-06
1.87496e-05
7.65621e-05
5.46871e-05
4.84371e-05
9.37496e-05
8.59371e-05
.000101562
9.84371e-05
.000101562
.000104687
.00010625
.000110937
.000134375
.000134375
.000128125
.000173437
.000153125
.000159375
.000135937
.000185937
.000132812
.000134375
.000154687
.000128125
.000157812
.000148437
.00015625
.00016875
.0001625
.000164062
.000192187
.000171875
.000145312
.000175
.000153125
.000154687
.000132812
.000140625
.00015
.000134375
.000153125
.000176562
.000129687
.000121875
.000104687
.000104687
.000142187
9.53121e-05
9.37496e-05
.000117187
7.96871e-05
8.74996e-05
9.37496e-05
9.37496e-05
9.99996e-05
3.90621e-05
.000121875
7.03121e-05
.000101562
8.90621e-05
.00010625
7.65621e-05
.000107812
.000114062
.000140625
9.68746e-05
.000103125
.000120312
.0001125
9.21871e-05
.000107812
.000104687
8.28121e-05
7.65621e-05
.000110937
6.56246e-05
5.78121e-05
6.71871e-05
8.90621e-05
4.53121e-05
7.81246e-05
.000107812
.000132812
9.37496e-05
.000101562
.000148437
.000110937
8.12496e-05
9.37496e-05
7.03121e-05
8.59371e-05
9.84371e-05
8.74996e-05
.000109375
.000117187
.00011875
.000101562
6.71871e-05
.00010625
.000110937
.000115625
7.65621e-05
.000120312
9.84371e-05
.000120312
.000146875
.00015
.0001375
.00015625
.000159375
.00016875
.000129687
.000146875
.000125
.000164062
.000126562
.00016875
.000167187
.00016875
.000154687
.00015625
.000160937
.000146875
.000178125
.000117187
.0001125
.0001625
.000151562
.000140625
.00011875
.000125
.00013125
.000120312
.000101562
.0001125
.000109375
.000151562
.000128125
.0001625
.000121875
.00011875
.000157812
9.84371e-05
.000151562
.000140625
.000151562
.00016875
.000171875
.000134375
.000125
.000107812
.000151562
.000148437
.000109375
9.68746e-05
.000134375
.00015
.000110937
.000154687
.000160937
9.21871e-05
.000173437
.000159375
.000179687
.000153125
.000164062
.000160937
.0001625
.0001375
.000123437
8.90621e-05
.000140625
.000165625
.000145312
.000171875
.00015
.000142187
.000129687
.000125
.000109375
9.53121e-05
.0001125
9.37496e-05
.000120312
7.18746e-05
.000101562
.000120312
9.21871e-05
.000109375
8.12496e-05
.000121875
7.65621e-05
9.84371e-05
8.43746e-05
8.12496e-05
9.84371e-05
.000123437
.000103125
.000121875
.0001125
9.99996e-05
9.53121e-05
.00010625
.000167187
.000117187
.0001625
.000121875
.000135937
.000129687
.000125
.0001375
.00015625
.000189062
.000146875
.0001125
.000117187
.000132812
.000104687
.00013125
.000129687
.000128125
.0001375
.000134375
.000128125
.000104687
.000110937
.000145312
.000123437
.000164062
.000110937
.000126562
9.53121e-05
.000117187
.0001125
.000115625
.00013125
.000110937
.000117187
9.21871e-05
.000115625
.00014375
.000110937
.000146875
.000134375
.000151562
.000109375
.000110937
.000120312
.000134375
.000123437
.000142187
.000125
.000109375
9.68746e-05
.000117187
7.49996e-05
8.90621e-05
9.53121e-05
9.99996e-05
.000126562
.000135937
9.21871e-05
8.59371e-05
6.56246e-05
.000132812
.000110937
8.43746e-05
8.28121e-05
.000104687
.000126562
.000128125
7.65621e-05
5.62496e-05
6.56246e-05
7.03121e-05
6.56246e-05
7.81246e-05
.000126562
9.68746e-05
.000125
9.06246e-05
9.84371e-05
9.06246e-05
9.84371e-05
.000132812
.000120312
.00011875
.000125
.00013125
.000114062
.000126562
8.90621e-05
.0001125
.00011875
.0001375
.000129687
.00013125
.00013125
9.84371e-05
7.65621e-05
.00015
9.53121e-05
.000132812
.000110937
.000123437
7.96871e-05
.000110937
.000128125
9.53121e-05
.000109375
9.68746e-05
9.99996e-05
.000114062
.000101562
9.37496e-05
9.99996e-05
8.59371e-05
.000104687
.000103125
9.37496e-05
6.24996e-05
4.68746e-05
.000129687
7.18746e-05
7.65621e-05
7.03121e-05
6.40621e-05
7.65621e-05
7.03121e-05
.000104687
9.53121e-05
7.96871e-05
6.24996e-05
9.06246e-05
.000104687
.000120312
.000132812
9.21871e-05
.000114062
8.59371e-05
.000110937
7.81246e-05
9.99996e-05
8.12496e-05
.000134375
9.68746e-05
8.59371e-05
.000114062
.000110937
.0001125
9.53121e-05
9.68746e-05
.000114062
.000114062
.000107812
.000140625
.000120312
.000142187
.000123437
.000129687
9.68746e-05
.000109375
.00010625
6.40621e-05
.000109375
5.46871e-05
7.96871e-05
9.53121e-05
9.99996e-05
.000104687
.00013125
.000115625
.00013125
.000129687
.000145312
.000148437
.000146875
.000154687
.000101562
.000146875
.0001625
.00014375
.000135937
.00011875
.000142187
4.84371e-05
.000125
.000101562
9.06246e-05
.000117187
.0001125
.0001125
.000125
.000114062
.000110937
.000104687
.000145312
.00015
.000145312
.000140625
.000135937
.000154687
.000151562
.00015
.000134375
.00010625
.000126562
.000125
.000117187
.000135937
.000139062
8.43746e-05
.000140625
8.12496e-05
.000129687
.000151562
.000125
.000134375
9.37496e-05
8.90621e-05
.000117187
.000121875
.000135937
.00014375
.000110937
.00013125
.00014375
.000104687
.00011875
.000151562
.000160937
.00011875
.000176562
.000157812
.00015625
.000120312
.000104687
8.59371e-05
.000120312
.000142187
9.21871e-05
.000140625
.000128125
.000125
9.53121e-05
.000115625
8.90621e-05
.000160937
.000103125
9.53121e-05
9.21871e-05
8.59371e-05
.00011875
.000132812
.00013125
7.96871e-05
9.99996e-05
8.28121e-05
9.99996e-05
.000109375
9.68746e-05
7.18746e-05
8.28121e-05
5.93746e-05
.000101562
8.43746e-05
.000128125
.000103125
.000117187
9.68746e-05
.000104687
.00013125
.000160937
.000134375
9.21871e-05
.000117187
6.87496e-05
7.03121e-05
5.15621e-05
9.84371e-05
9.21871e-05
8.28121e-05
7.03121e-05
5.93746e-05
8.12496e-05
5.93746e-05
6.09371e-05
8.12496e-05
5.78121e-05
8.28121e-05
7.03121e-05
3.74996e-05
5.15621e-05
8.59371e-05
4.53121e-05
3.74996e-05
3.59371e-05
6.09371e-05
4.21871e-05
6.40621e-05
6.87496e-05
.000114062
9.84371e-05
.000104687
.0001125
.000103125
5.46871e-05
7.49996e-05
7.81246e-05
7.03121e-05
8.74996e-05
5.46871e-05
9.68746e-05
9.53121e-05
.000117187
9.68746e-05
9.53121e-05
.000103125
7.34371e-05
7.81246e-05
.000114062
.000121875
.000101562
.000110937
.0001625
.00016875
.000148437
.000184375
.000153125
.00015
.00013125
.0001125
.0001125
.000134375
.000120312
.000153125
.000134375
.00011875
9.99996e-05
.000103125
7.34371e-05
9.21871e-05
8.43746e-05
9.06246e-05
.000121875
.0001125
.00015
.000189062
.000151562
.00014375
.000103125
.000140625
.000148437
9.99996e-05
.000115625
.000148437
9.68746e-05
.0001375
.000142187
.00013125
.000148437
.000132812
.000145312
.000125
.000140625
.000128125
.000157812
.000165625
.000164062
.000151562
.000129687
.000120312
.000151562
.000170312
.00013125
.000109375
9.68746e-05
7.18746e-05
8.90621e-05
.000123437
.000109375
.000129687
9.37496e-05
.000101562
9.68746e-05
9.06246e-05
9.21871e-05
.000121875
.00011875
.000125
.000139062
.000126562
.00010625
8.90621e-05
.00011875
.000101562
.000135937
.000117187
.000115625
.00010625
8.90621e-05
.000121875
7.81246e-05
.000115625
9.68746e-05
.00015
.00016875
.000125
.00010625
9.06246e-05
9.53121e-05
8.90621e-05
.00013125
.000114062
.00010625
7.96871e-05
7.96871e-05
8.90621e-05
7.18746e-05
6.40621e-05
7.65621e-05
9.37496e-05
.000101562
.0001125
8.90621e-05
6.40621e-05
7.34371e-05
9.37496e-05
.000103125
8.12496e-05
6.56246e-05
9.84371e-05
.000104687
.000114062
.00013125
.000128125
.000151562
.000120312
.0001125
.00010625
.000128125
.000145312
.000110937
9.21871e-05
.000134375
.000126562
.000120312
.000135937
.00015
.000146875
.000153125
.000157812
.000114062
9.21871e-05
.000125
.000140625
.000120312
.000117187
7.96871e-05
7.96871e-05
8.59371e-05
.000129687
.000110937
.000115625
.000101562
.000145312
.000126562
.000128125
.000182812
.000140625
.000125
.000167187
.000126562
.000135937
.000170312
.000165625
.000134375
.0001375
.000165625
.000139062
.000123437
.0001625
.000146875
.000185937
.000145312
9.68746e-05
.000126562
.000139062
.000140625
.000140625
.000128125
.000157812
.000120312
9.99996e-05
.000115625
9.68746e-05
.000145312
7.96871e-05
.00010625
.0001125
.000129687
.000140625
.00013125
.000140625
.000160937
.000132812
.000115625
.000190625
.000171875
.000164062
.000179687
.00013125
.000117187
.000140625
.000178125
.000109375
.00015625
.000121875
9.99996e-05
.000117187
.00015
.000140625
.000125
.000157812
.000123437
.000107812
9.84371e-05
.000128125
.000101562
.000107812
.000110937
9.68746e-05
.000114062
.0001125
.00010625
9.53121e-05
.000107812
.000117187
.0001125
.000109375
.000135937
.000125
.00015625
.000103125
.000160937
.00015625
.000125
.000132812
.000128125
.00014375
.000154687
.000132812
8.90621e-05
.00011875
.000114062
.00015
.000125
.00013125
.0001125
9.84371e-05
.0001125
.000110937
.000123437
.000134375
.000104687
9.53121e-05
.00010625
7.65621e-05
7.96871e-05
7.18746e-05
7.96871e-05
8.12496e-05
9.06246e-05
5.62496e-05
5.15621e-05
5.62496e-05
8.12496e-05
9.53121e-05
.000115625
9.21871e-05
.000114062
7.18746e-05
7.03121e-05
8.59371e-05
9.06246e-05
7.18746e-05
.000107812
6.24996e-05
.000128125
8.59371e-05
.000114062
6.87496e-05
7.49996e-05
9.99996e-05
8.74996e-05
.000101562
6.56246e-05
6.71871e-05
.000101562
9.06246e-05
9.99996e-05
8.74996e-05
.00011875
8.90621e-05
