2500
2.e-09
250
.232941
4.06246e-05
.000104687
.000135937
.000129687
7.96871e-05
.000126562
.000120312
7.96871e-05
6.56246e-05
.000120312
.000129687
.000101562
7.96871e-05
4.21871e-05
7.96871e-05
.000107812
5.93746e-05
4.68746e-05
8.43746e-05
7.34371e-05
2.18746e-05
7.18746e-05
7.65621e-05
.000120312
9.99996e-05
7.81246e-05
.000121875
.000109375
3.90621e-05
9.21871e-05
.000139062
9.53121e-05
5.46871e-05
8.28121e-05
5.93746e-05
7.49996e-05
9.06246e-05
7.96871e-05
7.81246e-05
5.15621e-05
2.96871e-05
.000110937
8.59371e-05
9.21871e-05
3.59371e-05
7.81246e-05
9.99996e-05
9.99996e-05
.000120312
7.18746e-05
9.06246e-05
.000103125
7.65621e-05
.000115625
.000148437
.0001125
.000104687
.00011875
.000129687
.000110937
.0001375
.000123437
.000142187
.00013125
.00013125
.000110937
.000126562
.0001125
.000115625
.000142187
.000167187
.000132812
.000110937
.000123437
.000135937
6.40621e-05
8.43746e-05
9.99996e-05
.000109375
6.87496e-05
9.99996e-05
8.28121e-05
.000148437
.000175
.000104687
8.90621e-05
8.74996e-05
.000129687
.000140625
.000129687
.000115625
8.59371e-05
6.56246e-05
5.78121e-05
8.74996e-05
7.81246e-05
.000114062
8.90621e-05
7.65621e-05
5.31246e-05
.000110937
9.84371e-05
.0001625
.000134375
9.21871e-05
.000101562
.000120312
.000139062
.000128125
.000114062
.000132812
.000114062
9.37496e-05
7.34371e-05
9.21871e-05
7.65621e-05
7.49996e-05
4.37496e-05
8.12496e-05
8.12496e-05
1.40621e-05
.0001125
.0001125
8.59371e-05
8.43746e-05
4.84371e-05
8.74996e-05
.000110937
6.40621e-05
.000123437
.000115625
.000115625
9.99996e-05
5.93746e-05
.000117187
.000139062
.000154687
8.90621e-05
.000154687
.000120312
.000134375
.00014375
.00014375
.000115625
.00010625
.000126562
.000135937
8.90621e-05
6.40621e-05
5.78121e-05
6.56246e-05
8.74996e-05
6.40621e-05
9.21871e-05
.000126562
.000134375
.000159375
.000115625
9.68746e-05
.000126562
9.99996e-05
9.37496e-05
.000128125
.000104687
5.93746e-05
7.34371e-05
8.90621e-05
7.03121e-05
8.90621e-05
6.71871e-05
9.21871e-05
8.90621e-05
5.93746e-05
.00010625
.000151562
.00010625
8.28121e-05
.000134375
.000126562
8.90621e-05
6.09371e-05
.000121875
.000153125
.000139062
7.34371e-05
7.65621e-05
8.90621e-05
.000125
.000120312
9.99996e-05
.000154687
8.28121e-05
5.31246e-05
.000117187
.000114062
.000128125
.000103125
.000129687
.000115625
.000123437
.000135937
9.21871e-05
.000114062
8.28121e-05
.0001125
9.21871e-05
.000121875
7.18746e-05
.000101562
.000103125
.000115625
8.28121e-05
4.84371e-05
8.28121e-05
.000101562
6.71871e-05
7.03121e-05
7.49996e-05
7.34371e-05
9.37496e-05
6.24996e-05
9.84371e-05
9.37496e-05
.000120312
.000114062
.000140625
8.90621e-05
.00010625
9.06246e-05
.000120312
.000120312
.00010625
.000107812
.00011875
.000170312
.000128125
.000109375
.000110937
.000139062
.000134375
.000178125
.000184375
.000125
8.59371e-05
9.37496e-05
9.37496e-05
.000123437
.00011875
8.90621e-05
7.81246e-05
.000107812
.000114062
.000110937
9.53121e-05
.000125
9.68746e-05
6.87496e-05
9.06246e-05
.000114062
9.21871e-05
.000103125
9.84371e-05
.000126562
.000101562
8.43746e-05
.00011875
7.18746e-05
.000104687
7.03121e-05
6.56246e-05
7.81246e-05
6.24996e-05
9.53121e-05
.00010625
.0001125
6.56246e-05
4.53121e-05
.000104687
.000135937
.000104687
6.09371e-05
9.99996e-05
.0001125
.000110937
7.49996e-05
7.81246e-05
.000132812
.00014375
5.78121e-05
7.96871e-05
.000128125
8.59371e-05
9.21871e-05
.000128125
.000114062
.0001125
9.21871e-05
.000129687
.000153125
.000114062
8.43746e-05
.000146875
.000126562
.000139062
.000115625
.000134375
.000115625
.00013125
.0001125
.000126562
.00013125
.000135937
.000132812
7.81246e-05
.0001875
.000101562
.000140625
.000145312
.000125
8.90621e-05
9.21871e-05
.000123437
.000142187
.000128125
9.99996e-05
9.37496e-05
6.40621e-05
.000110937
.000117187
.00010625
.000115625
7.03121e-05
6.56246e-05
9.84371e-05
9.84371e-05
9.21871e-05
9.68746e-05
.000128125
.000123437
.000117187
.000104687
7.49996e-05
.000101562
7.18746e-05
9.21871e-05
6.40621e-05
.000126562
8.90621e-05
7.81246e-05
7.34371e-05
9.53121e-05
8.28121e-05
3.90621e-05
5.15621e-05
4.68746e-05
4.99996e-05
5.46871e-05
9.06246e-05
.000154687
.000104687
8.12496e-05
9.68746e-05
.000117187
8.74996e-05
8.12496e-05
.00011875
.000125
9.21871e-05
8.12496e-05
8.90621e-05
9.68746e-05
6.87496e-05
5.93746e-05
.000135937
8.74996e-05
6.24996e-05
6.71871e-05
.00011875
9.53121e-05
.000107812
.000114062
.000107812
.000110937
.000121875
8.12496e-05
.0001375
.000128125
.00010625
.000117187
.000140625
.000157812
.00013125
.000104687
.000142187
.00014375
.000109375
.000115625
7.81246e-05
5.78121e-05
8.59371e-05
.000151562
.000128125
.00015
6.71871e-05
9.68746e-05
.00010625
.000123437
.000121875
.000104687
.000126562
.000107812
8.28121e-05
9.68746e-05
.000121875
.000117187
8.12496e-05
.000114062
6.09371e-05
.000110937
6.71871e-05
6.09371e-05
6.09371e-05
8.43746e-05
.000109375
9.21871e-05
7.65621e-05
.000120312
5.78121e-05
.000129687
.000104687
8.43746e-05
.000109375
5.78121e-05
6.09371e-05
9.06246e-05
9.06246e-05
8.59371e-05
4.68746e-05
8.90621e-05
.000114062
.000114062
.0001125
.000154687
6.40621e-05
.000121875
.0001125
.000145312
9.84371e-05
6.71871e-05
7.49996e-05
9.68746e-05
8.28121e-05
6.87496e-05
.000104687
8.43746e-05
5.46871e-05
5.93746e-05
.000134375
.000139062
.0001125
9.99996e-05
8.74996e-05
.000109375
.000104687
.000110937
6.71871e-05
.000101562
6.71871e-05
5.31246e-05
4.84371e-05
.000154687
.000110937
.00011875
.000107812
.000125
7.18746e-05
7.34371e-05
7.03121e-05
6.40621e-05
7.65621e-05
.000126562
3.90621e-05
8.43746e-05
8.12496e-05
8.90621e-05
.000101562
.000101562
.000103125
7.65621e-05
9.37496e-05
.000110937
.000129687
6.24996e-05
9.68746e-05
.000115625
.000134375
5.15621e-05
8.43746e-05
.00014375
9.21871e-05
.000110937
.000126562
.000129687
6.56246e-05
.000148437
8.12496e-05
8.74996e-05
.00011875
8.43746e-05
.00013125
.000139062
.000110937
6.56246e-05
.000129687
.00014375
8.12496e-05
.000101562
6.09371e-05
.000123437
8.74996e-05
8.28121e-05
9.99996e-05
8.90621e-05
.000126562
.000109375
8.90621e-05
.000117187
.000120312
.000128125
.00011875
.000129687
.000110937
8.90621e-05
9.99996e-05
.000110937
3.43746e-05
5.93746e-05
7.65621e-05
7.18746e-05
5.93746e-05
5.62496e-05
6.40621e-05
9.21871e-05
8.74996e-05
5.31246e-05
9.06246e-05
9.21871e-05
9.68746e-05
6.56246e-05
.000103125
7.34371e-05
9.99996e-05
7.03121e-05
8.59371e-05
4.06246e-05
7.96871e-05
6.56246e-05
5.31246e-05
.000132812
6.71871e-05
3.90621e-05
.000115625
.000109375
9.84371e-05
9.06246e-05
5.78121e-05
.000115625
.000145312
.00011875
8.74996e-05
.0001125
.000123437
9.99996e-05
.000132812
.000140625
.000120312
8.59371e-05
9.84371e-05
.000182812
7.96871e-05
9.53121e-05
9.06246e-05
.000120312
7.18746e-05
.000135937
7.49996e-05
.000139062
.0001125
8.28121e-05
.000126562
9.68746e-05
.000135937
8.43746e-05
.0001375
.000120312
9.37496e-05
1.09371e-05
7.65621e-05
7.81246e-05
8.59371e-05
4.84371e-05
9.21871e-05
9.68746e-05
5.46871e-05
6.09371e-05
6.87496e-05
.000101562
7.34371e-05
6.40621e-05
7.81246e-05
8.28121e-05
7.96871e-05
9.53121e-05
9.21871e-05
8.12496e-05
.000132812
.000117187
.000129687
.000132812
.000132812
5.78121e-05
7.34371e-05
.000128125
6.09371e-05
7.65621e-05
7.49996e-05
.000132812
8.90621e-05
.000125
9.06246e-05
.000128125
.0001375
.0001125
.0001125
9.06246e-05
4.99996e-05
7.18746e-05
4.37496e-05
.000125
.0001125
9.84371e-05
7.49996e-05
.000120312
8.43746e-05
7.03121e-05
8.90621e-05
.00013125
6.40621e-05
.000109375
6.56246e-05
.000145312
.0001125
7.18746e-05
8.90621e-05
.000146875
7.81246e-05
7.81246e-05
.00010625
.000104687
.000103125
9.06246e-05
7.81246e-05
9.99996e-05
9.84371e-05
.00011875
9.37496e-05
.000140625
.000121875
7.96871e-05
.00010625
.000129687
4.68746e-05
6.56246e-05
7.81246e-05
7.65621e-05
8.12496e-05
7.34371e-05
.000115625
.000114062
.0001375
.000107812
.000145312
9.68746e-05
3.74996e-05
7.49996e-05
9.84371e-05
.00014375
8.59371e-05
4.06246e-05
1.56246e-05
9.21871e-05
.000129687
8.59371e-05
9.99996e-05
9.53121e-05
9.68746e-05
7.81246e-05
.000101562
.000139062
.000146875
.000148437
.000160937
.000129687
9.84371e-05
8.12496e-05
.000128125
.000151562
9.53121e-05
7.65621e-05
7.96871e-05
.000109375
.000110937
9.68746e-05
9.53121e-05
7.34371e-05
9.68746e-05
.000110937
.000123437
.000120312
.000135937
6.71871e-05
.00011875
9.21871e-05
7.18746e-05
4.21871e-05
7.18746e-05
.000101562
1.40621e-05
3.12496e-05
8.12496e-05
.00013125
.000109375
.000115625
7.34371e-05
7.34371e-05
9.84371e-05
8.90621e-05
9.53121e-05
.000134375
9.99996e-05
7.65621e-05
.000114062
9.21871e-05
.0001125
.000117187
9.53121e-05
.00010625
8.74996e-05
9.84371e-05
.000107812
8.12496e-05
5.15621e-05
7.34371e-05
8.90621e-05
7.96871e-05
6.71871e-05
.000126562
.00013125
.0001375
8.59371e-05
4.99996e-05
6.56246e-05
.000134375
.000126562
6.40621e-05
8.43746e-05
.000104687
9.68746e-05
5.93746e-05
7.34371e-05
.000126562
.000132812
.0001375
.000115625
.000103125
4.37496e-05
5.31246e-05
6.87496e-05
.000115625
7.65621e-05
8.28121e-05
.000117187
9.68746e-05
.0001125
8.43746e-05
9.68746e-05
9.21871e-05
5.93746e-05
6.40621e-05
5.31246e-05
7.34371e-05
7.18746e-05
5.31246e-05
6.09371e-05
9.37496e-05
8.43746e-05
7.49996e-05
.000120312
.000164062
.000109375
7.96871e-05
7.18746e-05
8.28121e-05
9.21871e-05
8.43746e-05
.000103125
.000128125
.000129687
.00011875
.000132812
.000132812
.000148437
.000103125
.0001375
.000114062
8.12496e-05
.000110937
.000101562
.000129687
.000135937
.000104687
.000115625
.00014375
.000120312
5.31246e-05
2.81246e-05
.000110937
8.28121e-05
6.87496e-05
7.96871e-05
.000139062
8.43746e-05
7.03121e-05
8.74996e-05
7.03121e-05
6.71871e-05
6.09371e-05
8.43746e-05
.000117187
6.71871e-05
7.03121e-05
.000104687
8.59371e-05
7.81246e-05
.0001125
.000128125
9.37496e-05
.0001125
.0001125
.000135937
.000128125
9.37496e-05
7.03121e-05
6.56246e-05
.000134375
7.49996e-05
.000126562
8.90621e-05
.000139062
.000139062
.000125
.000114062
.000140625
.000107812
.000104687
.000110937
.000109375
8.74996e-05
5.46871e-05
.000109375
.000129687
.000128125
9.84371e-05
.000123437
.000157812
.000117187
9.21871e-05
9.84371e-05
.000120312
.000114062
7.81246e-05
6.24996e-05
9.99996e-05
8.90621e-05
4.84371e-05
.000120312
.000171875
8.12496e-05
7.65621e-05
7.65621e-05
8.43746e-05
.00010625
.000104687
7.18746e-05
.00014375
8.90621e-05
9.21871e-05
7.34371e-05
7.96871e-05
9.37496e-05
8.28121e-05
6.56246e-05
.00013125
.000121875
.000103125
.000115625
7.65621e-05
.000110937
.000120312
.000121875
9.21871e-05
7.03121e-05
7.03121e-05
4.84371e-05
.000107812
.00014375
.00011875
.000125
8.90621e-05
.000107812
9.99996e-05
6.71871e-05
9.37496e-05
7.18746e-05
2.34371e-05
3.90621e-05
6.24996e-05
6.71871e-05
4.84371e-05
9.37496e-05
.000153125
.000123437
7.03121e-05
6.40621e-05
9.21871e-05
.0001375
8.28121e-05
.000153125
.000104687
9.06246e-05
7.96871e-05
.0001375
.000120312
6.40621e-05
3.59371e-05
7.49996e-05
.000114062
6.56246e-05
8.28121e-05
9.06246e-05
.000115625
4.84371e-05
.000103125
9.06246e-05
.000117187
.000129687
.000114062
7.34371e-05
.000132812
8.90621e-05
7.49996e-05
8.43746e-05
.000101562
8.28121e-05
6.09371e-05
3.12496e-05
.0001125
9.06246e-05
7.03121e-05
6.87496e-05
.000134375
.000115625
.00010625
9.84371e-05
9.21871e-05
7.65621e-05
7.81246e-05
.000121875
.000120312
7.34371e-05
7.18746e-05
9.68746e-05
.000151562
.0001125
6.71871e-05
6.71871e-05
.000126562
9.84371e-05
9.84371e-05
8.90621e-05
.000148437
7.03121e-05
.000135937
.000140625
.000117187
9.21871e-05
8.28121e-05
.000103125
.000153125
5.62496e-05
4.84371e-05
7.65621e-05
9.21871e-05
7.49996e-05
9.06246e-05
.000140625
9.53121e-05
.000104687
7.03121e-05
.000103125
9.53121e-05
9.99996e-05
.000114062
.000121875
.000103125
7.81246e-05
1.71871e-05
7.03121e-05
.000129687
8.74996e-05
.000114062
7.18746e-05
8.74996e-05
8.59371e-05
7.03121e-05
9.37496e-05
8.43746e-05
7.65621e-05
6.71871e-05
.000107812
.000125
9.21871e-05
8.28121e-05
.000140625
.000164062
8.90621e-05
8.59371e-05
.000101562
9.53121e-05
9.53121e-05
9.21871e-05
9.37496e-05
.000148437
.000132812
8.59371e-05
6.09371e-05
.000117187
9.06246e-05
6.87496e-05
4.84371e-05
.000126562
.000123437
6.24996e-05
6.56246e-05
6.09371e-05
7.65621e-05
6.87496e-05
8.28121e-05
7.81246e-05
9.68746e-05
.000103125
6.09371e-05
.000120312
5.62496e-05
5.31246e-05
7.03121e-05
.000109375
6.24996e-05
.000107812
8.12496e-05
.000115625
.000115625
8.28121e-05
.000109375
.000107812
6.40621e-05
7.96871e-05
5.78121e-05
.000109375
.000114062
.000123437
.000128125
.000121875
.000134375
.000115625
9.53121e-05
9.68746e-05
5.93746e-05
1.56246e-05
3.59371e-05
.000104687
4.68746e-05
6.71871e-05
7.96871e-05
5.93746e-05
4.99996e-05
.000110937
7.81246e-05
.00011875
8.74996e-05
7.34371e-05
.000139062
.00010625
7.65621e-05
7.96871e-05
8.59371e-05
7.03121e-05
6.87496e-05
6.56246e-05
.000104687
.0001125
7.03121e-05
6.09371e-05
.000123437
9.99996e-05
.000140625
9.37496e-05
8.12496e-05
.000135937
8.90621e-05
9.37496e-05
.000103125
7.49996e-05
9.68746e-05
6.56246e-05
6.24996e-05
9.06246e-05
6.24996e-05
7.18746e-05
.000126562
.000120312
7.96871e-05
7.03121e-05
7.34371e-05
.000109375
8.28121e-05
7.49996e-05
.000132812
.000148437
9.68746e-05
6.56246e-05
.000103125
8.90621e-05
.00010625
.000104687
9.37496e-05
.000140625
.0001625
8.90621e-05
.000115625
.000134375
.000107812
.0001125
.00011875
.000128125
.00013125
.000134375
6.40621e-05
.00010625
.00010625
.00013125
8.74996e-05
.000109375
7.34371e-05
5.46871e-05
.000107812
9.84371e-05
6.40621e-05
5.78121e-05
8.28121e-05
7.81246e-05
.0001125
5.31246e-05
.000121875
.000107812
4.06246e-05
6.87496e-05
7.34371e-05
7.96871e-05
6.40621e-05
8.12496e-05
7.49996e-05
9.53121e-05
2.18746e-05
4.21871e-05
4.06246e-05
6.40621e-05
7.03121e-05
7.18746e-05
8.90621e-05
.000103125
.000117187
.000103125
9.06246e-05
.000123437
.000114062
8.59371e-05
9.37496e-05
.00013125
.000114062
.000125
.000146875
.00014375
8.74996e-05
.00010625
.000107812
.00011875
.000109375
.000104687
.000146875
.00015
.000115625
.000128125
8.74996e-05
.000115625
8.28121e-05
7.03121e-05
4.37496e-05
.000107812
7.81246e-05
8.28121e-05
9.06246e-05
7.96871e-05
.000128125
.000128125
.000140625
9.06246e-05
7.03121e-05
7.81246e-05
9.68746e-05
7.81246e-05
8.43746e-05
7.18746e-05
.000109375
.000109375
5.31246e-05
9.53121e-05
4.99996e-05
.000107812
.00010625
6.56246e-05
7.96871e-05
8.43746e-05
.00010625
7.65621e-05
.000121875
.00011875
8.12496e-05
5.78121e-05
.00010625
4.68746e-05
5.78121e-05
3.12496e-05
4.84371e-05
7.96871e-05
7.18746e-05
9.37496e-05
.000128125
8.74996e-05
.000109375
7.03121e-05
5.78121e-05
.000107812
8.59371e-05
8.90621e-05
9.21871e-05
7.65621e-05
8.59371e-05
6.24996e-05
7.96871e-05
9.53121e-05
7.03121e-05
6.09371e-05
7.18746e-05
.000121875
6.24996e-05
2.65621e-05
.0001125
.000120312
9.84371e-05
9.53121e-05
.000109375
6.24996e-05
8.74996e-05
7.03121e-05
.000121875
.000120312
8.59371e-05
6.24996e-05
.000125
9.68746e-05
.000107812
8.74996e-05
.000109375
.00014375
.000142187
.000103125
.000120312
9.53121e-05
.00013125
.0001125
.000101562
.000109375
9.99996e-05
7.03121e-05
8.12496e-05
9.21871e-05
8.12496e-05
8.59371e-05
.000104687
.000120312
9.84371e-05
.000104687
.000128125
.00010625
7.96871e-05
8.43746e-05
.00010625
9.68746e-05
5.93746e-05
6.24996e-05
4.68746e-05
7.03121e-05
8.74996e-05
8.12496e-05
7.49996e-05
.000110937
.000134375
.000107812
8.90621e-05
.0001375
.00011875
.00010625
.000132812
7.49996e-05
5.46871e-05
.000134375
.000109375
.000142187
9.99996e-05
.000134375
8.12496e-05
7.03121e-05
8.28121e-05
7.49996e-05
9.37496e-05
.000140625
.000140625
9.37496e-05
9.06246e-05
8.28121e-05
.000142187
.000140625
.00015
.000117187
9.84371e-05
9.06246e-05
.000121875
.0001125
.0001125
.0001125
.000125
.000139062
.000134375
.000126562
.000110937
.000132812
.000129687
9.06246e-05
.000159375
.000126562
.000148437
.000132812
.000154687
.00011875
8.12496e-05
8.12496e-05
.000110937
.0001125
5.31246e-05
6.40621e-05
8.43746e-05
7.03121e-05
.00013125
6.56246e-05
7.34371e-05
8.12496e-05
6.56246e-05
4.21871e-05
.000110937
9.84371e-05
7.18746e-05
.000110937
9.99996e-05
9.21871e-05
8.43746e-05
4.37496e-05
.000109375
.000134375
6.87496e-05
.000135937
8.28121e-05
.000132812
7.65621e-05
.000117187
9.68746e-05
9.06246e-05
.000103125
.000101562
7.18746e-05
7.96871e-05
.000103125
6.40621e-05
6.71871e-05
.000139062
.0001125
.000101562
.000129687
8.43746e-05
9.99996e-05
4.68746e-05
7.34371e-05
.000117187
7.34371e-05
4.99996e-05
7.65621e-05
.000120312
8.28121e-05
6.24996e-05
.000117187
.000104687
7.96871e-05
9.53121e-05
.000140625
.000139062
.000120312
.0001125
8.12496e-05
8.12496e-05
.000107812
8.28121e-05
.000140625
.000129687
.00011875
7.65621e-05
.000159375
.000120312
9.06246e-05
8.74996e-05
.000129687
.000171875
9.99996e-05
9.99996e-05
.000104687
9.84371e-05
9.53121e-05
7.34371e-05
8.90621e-05
.000151562
.000134375
.000103125
6.40621e-05
7.65621e-05
8.28121e-05
5.46871e-05
7.65621e-05
8.43746e-05
6.87496e-05
8.28121e-05
.000110937
.000142187
6.71871e-05
3.59371e-05
6.24962e-06
7.96871e-05
8.74996e-05
7.65621e-05
9.53121e-05
.00011875
9.99996e-05
.000140625
.000107812
9.68746e-05
.00014375
7.96871e-05
8.59371e-05
.000123437
9.68746e-05
.000107812
.000115625
.00013125
.000128125
.00014375
.000134375
9.84371e-05
5.62496e-05
.000121875
9.21871e-05
8.28121e-05
.0001125
.000126562
.000167187
.000142187
9.06246e-05
4.84371e-05
9.99996e-05
.000125
.000104687
7.49996e-05
9.53121e-05
8.43746e-05
.0001125
.000115625
.000110937
9.99996e-05
7.65621e-05
4.53121e-05
6.40621e-05
.000109375
.000103125
7.49996e-05
.000120312
.000107812
.000146875
.000104687
.000145312
.000123437
.000123437
8.12496e-05
9.53121e-05
.000153125
.000148437
.0001125
.000110937
5.62496e-05
8.74996e-05
8.59371e-05
.000109375
.000103125
.000117187
9.84371e-05
.000129687
.00011875
.000120312
9.68746e-05
.00011875
.00013125
.000121875
.000109375
.000109375
.000134375
7.34371e-05
8.59371e-05
.000109375
.000128125
.000115625
5.93746e-05
.000121875
.000146875
.000126562
.000101562
.000139062
.000139062
.00010625
7.34371e-05
.000109375
.000123437
8.74996e-05
.000103125
.00011875
.000103125
8.59371e-05
8.12496e-05
7.65621e-05
.000134375
.000110937
6.56246e-05
9.06246e-05
.000101562
5.93746e-05
.00013125
9.21871e-05
.000139062
8.90621e-05
8.90621e-05
.000132812
.00016875
.000115625
.000104687
.000129687
.000135937
8.28121e-05
8.59371e-05
9.68746e-05
9.06246e-05
9.68746e-05
5.46871e-05
7.18746e-05
6.87496e-05
9.37496e-05
7.96871e-05
4.37496e-05
9.21871e-05
.000104687
7.18746e-05
6.87496e-05
9.84371e-05
.000117187
9.99996e-05
9.68746e-05
9.99996e-05
.00011875
8.74996e-05
8.43746e-05
6.71871e-05
5.31246e-05
6.87496e-05
7.49996e-05
.000115625
9.84371e-05
.000109375
.000132812
.000123437
.000125
8.90621e-05
.000110937
.000125
.000129687
9.68746e-05
.000128125
.000135937
.000120312
6.87496e-05
7.96871e-05
.000103125
.00010625
.000107812
.00011875
.000153125
.000117187
.000123437
.000175
.000179687
.000139062
.000104687
.000104687
8.43746e-05
7.03121e-05
5.46871e-05
.000107812
.000101562
.000129687
4.06246e-05
9.99996e-05
8.59371e-05
.00010625
.0001125
.00014375
.00013125
7.96871e-05
7.49996e-05
9.84371e-05
.000126562
.00013125
.000114062
8.59371e-05
8.12496e-05
9.06246e-05
8.90621e-05
8.59371e-05
.000107812
9.84371e-05
.000115625
.000126562
.000101562
.000139062
.0001125
9.21871e-05
.000110937
.00010625
8.43746e-05
5.31246e-05
8.59371e-05
3.12496e-05
.000104687
7.03121e-05
7.49996e-05
9.84371e-05
9.68746e-05
6.87496e-05
.000135937
9.37496e-05
6.87496e-05
7.03121e-05
7.96871e-05
9.06246e-05
6.87496e-05
6.40621e-05
.000107812
.000123437
5.78121e-05
.000101562
.000103125
6.24996e-05
7.81246e-05
.00010625
.000126562
.0001125
.000107812
.000132812
9.68746e-05
8.59371e-05
8.43746e-05
9.68746e-05
.000110937
3.28121e-05
5.78121e-05
6.71871e-05
.00010625
9.68746e-05
.000117187
9.21871e-05
.000114062
.000157812
9.99996e-05
.000104687
.0001375
.000107812
.00013125
.000140625
.000157812
.000129687
6.87496e-05
9.68746e-05
.000120312
.000129687
.000110937
4.99996e-05
5.31246e-05
7.81246e-05
.000109375
5.15621e-05
.000121875
8.90621e-05
8.28121e-05
6.71871e-05
9.37496e-05
.000128125
.00010625
9.37496e-05
.000128125
.000114062
9.53121e-05
6.71871e-05
.000145312
8.28121e-05
7.49996e-05
9.53121e-05
.000114062
.000134375
8.12496e-05
5.93746e-05
5.78121e-05
8.43746e-05
7.34371e-05
4.84371e-05
.000103125
.00010625
8.74996e-05
7.49996e-05
.0001125
7.49996e-05
8.59371e-05
.000107812
.000125
.000114062
.000134375
.00010625
.000142187
.000148437
9.68746e-05
.00011875
.000167187
.000157812
.000107812
.00010625
.000107812
7.18746e-05
6.24996e-05
8.12496e-05
.000125
9.84371e-05
5.46871e-05
7.96871e-05
.000110937
8.90621e-05
.000115625
9.99996e-05
7.81246e-05
9.68746e-05
.00013125
.000121875
.000139062
9.37496e-05
5.46871e-05
6.24996e-05
8.43746e-05
.000103125
8.28121e-05
.000120312
.000142187
.00013125
7.96871e-05
9.99996e-05
.000129687
.00011875
.000134375
7.18746e-05
9.99996e-05
.000121875
.000104687
.0001375
.000128125
7.03121e-05
9.53121e-05
.000123437
.000135937
9.84371e-05
8.28121e-05
8.43746e-05
.000120312
9.84371e-05
.000103125
.000114062
.000121875
8.59371e-05
.000101562
.000135937
.000146875
9.68746e-05
7.49996e-05
9.37496e-05
.000101562
7.81246e-05
6.24996e-05
9.37496e-05
9.53121e-05
.000104687
.000104687
6.09371e-05
9.99996e-05
9.06246e-05
.000104687
.00014375
.000109375
5.93746e-05
6.24996e-05
9.53121e-05
9.53121e-05
.00010625
.00013125
.000129687
.000173437
.00013125
.000101562
9.06246e-05
.00010625
.000117187
.000110937
.000104687
.000125
7.03121e-05
5.78121e-05
7.96871e-05
7.34371e-05
9.53121e-05
7.49996e-05
.000134375
.000117187
8.59371e-05
.000101562
.000132812
.000120312
.000142187
.000132812
.0001125
.000121875
6.24996e-05
4.84371e-05
7.81246e-05
.000125
8.90621e-05
5.78121e-05
.000104687
.000159375
9.06246e-05
8.28121e-05
.000129687
8.12496e-05
.00010625
.000125
9.68746e-05
.000114062
8.74996e-05
6.71871e-05
5.31246e-05
7.96871e-05
5.15621e-05
5.31246e-05
9.21871e-05
9.21871e-05
6.56246e-05
6.56246e-05
8.28121e-05
.000125
.000125
.000126562
.000146875
.000167187
8.74996e-05
9.53121e-05
9.53121e-05
.000117187
.00011875
8.74996e-05
7.18746e-05
.0001125
.000121875
8.28121e-05
.000109375
.000128125
.000129687
9.53121e-05
8.59371e-05
.000103125
.000120312
.000154687
.0001625
.00010625
.000121875
9.06246e-05
.000109375
.000110937
8.59371e-05
4.84371e-05
7.03121e-05
6.71871e-05
3.12496e-05
5.62496e-05
8.28121e-05
7.49996e-05
.00010625
8.90621e-05
7.81246e-05
.000160937
8.28121e-05
.000135937
.000115625
.000134375
.0001375
.00014375
.000159375
.000151562
.000114062
.000107812
9.84371e-05
.000123437
.00010625
.000146875
.000123437
9.37496e-05
.000103125
6.56246e-05
.00014375
.000114062
.000103125
9.53121e-05
.000125
.000145312
.000126562
.000126562
.000107812
.000129687
.000121875
.00010625
7.18746e-05
.000125
.000110937
9.84371e-05
.000128125
.00010625
.000145312
9.68746e-05
.0001125
.000128125
.00014375
.000103125
4.99996e-05
9.53121e-05
7.49996e-05
9.53121e-05
9.68746e-05
.0001125
8.74996e-05
6.24996e-05
7.34371e-05
7.03121e-05
4.84371e-05
.00010625
.000109375
.000142187
.000134375
9.53121e-05
8.43746e-05
6.56246e-05
9.06246e-05
6.24996e-05
5.93746e-05
5.78121e-05
7.34371e-05
7.49996e-05
2.65621e-05
6.24996e-05
5.78121e-05
2.96871e-05
8.28121e-05
9.68746e-05
4.37496e-05
9.84371e-05
9.84371e-05
.000121875
9.84371e-05
4.99996e-05
6.71871e-05
6.40621e-05
.000123437
6.09371e-05
6.40621e-05
7.81246e-05
.000104687
9.99996e-05
9.99996e-05
.000109375
.0001125
8.90621e-05
.000101562
.000101562
4.06246e-05
6.24996e-05
9.37496e-05
.000120312
7.03121e-05
9.06246e-05
8.12496e-05
.000117187
.000117187
9.68746e-05
.000115625
.00013125
.0001125
9.06246e-05
.00011875
9.99996e-05
9.84371e-05
7.96871e-05
6.87496e-05
6.87496e-05
.000104687
6.24996e-05
7.49996e-05
.000109375
8.74996e-05
.000139062
.000154687
.000123437
9.37496e-05
9.99996e-05
.000123437
.000142187
.00013125
.000121875
9.68746e-05
.000167187
.000120312
6.24996e-05
6.71871e-05
7.81246e-05
9.68746e-05
5.93746e-05
7.81246e-05
8.90621e-05
8.59371e-05
6.09371e-05
8.90621e-05
9.37496e-05
.00013125
.000120312
.000126562
.00010625
.0001375
.000114062
.000140625
.000125
.000126562
7.18746e-05
6.56246e-05
.000120312
4.84371e-05
5.31246e-05
9.68746e-05
7.18746e-05
7.81246e-05
5.31246e-05
.000145312
.000103125
7.96871e-05
.000117187
.000114062
9.84371e-05
.0001125
5.62496e-05
.000126562
.000148437
.00013125
8.74996e-05
7.34371e-05
9.99996e-05
7.96871e-05
5.62496e-05
5.15621e-05
6.56246e-05
.00013125
.000101562
8.12496e-05
.000165625
.00013125
.00010625
7.03121e-05
8.28121e-05
4.53121e-05
.00010625
9.21871e-05
.000123437
.000139062
9.99996e-05
9.68746e-05
.000154687
.000142187
.000123437
.000151562
.000164062
.000128125
9.99996e-05
.000126562
.000121875
9.68746e-05
7.96871e-05
5.62496e-05
6.40621e-05
3.43746e-05
7.49996e-05
4.21871e-05
9.99996e-05
9.06246e-05
5.93746e-05
9.06246e-05
8.28121e-05
8.90621e-05
9.68746e-05
.000121875
.00014375
.000110937
8.43746e-05
7.81246e-05
9.68746e-05
2.81246e-05
1.40621e-05
7.81212e-06
9.21871e-05
6.71871e-05
8.74996e-05
.000129687
.000107812
.00014375
.000120312
.0001125
.000189062
.000120312
.0001375
.000160937
.0001375
.000120312
7.81246e-05
.000110937
8.12496e-05
6.71871e-05
.000101562
9.37496e-05
8.12496e-05
4.53121e-05
9.68746e-05
9.84371e-05
.000115625
.000128125
5.62496e-05
.000110937
.000142187
8.43746e-05
.00010625
.0001125
.000101562
.000134375
.00010625
.000101562
.000139062
6.40621e-05
4.53121e-05
8.59371e-05
9.99996e-05
9.53121e-05
8.90621e-05
9.68746e-05
.000109375
9.99996e-05
.000146875
.000117187
.00015
7.65621e-05
8.90621e-05
9.99996e-05
9.06246e-05
.000103125
8.28121e-05
.0001125
9.06246e-05
6.40621e-05
6.56246e-05
.0001375
.000103125
.000132812
.00015
.000129687
.000184375
.000176562
.0001375
8.90621e-05
.000173437
8.12496e-05
7.18746e-05
.000107812
9.53121e-05
9.53121e-05
5.15621e-05
.000132812
.0001375
9.06246e-05
6.56246e-05
5.31246e-05
.00010625
5.15621e-05
6.09371e-05
6.71871e-05
9.06246e-05
.000123437
.000110937
.000107812
.000114062
.000121875
.000117187
.000107812
.000107812
.000107812
.0001125
.000204687
.000134375
.000107812
8.90621e-05
.00010625
.00013125
.000128125
.000104687
.000110937
.000132812
.00013125
8.28121e-05
.000101562
.000134375
.000110937
9.21871e-05
6.56246e-05
.000128125
9.84371e-05
9.99996e-05
9.84371e-05
.000120312
.000110937
6.56246e-05
7.03121e-05
9.21871e-05
3.28121e-05
9.68746e-05
8.43746e-05
5.93746e-05
.000109375
8.12496e-05
.000128125
.000107812
.000121875
8.74996e-05
.000139062
.000135937
.000134375
.000107812
.000114062
.000178125
.000139062
9.06246e-05
.000110937
.000142187
8.59371e-05
.000114062
9.84371e-05
.000117187
.00014375
5.93746e-05
.000126562
.000114062
.000126562
9.68746e-05
.000153125
.000157812
7.34371e-05
5.93746e-05
4.68746e-05
4.53121e-05
5.15621e-05
5.46871e-05
8.43746e-05
6.40621e-05
8.12496e-05
6.24996e-05
.000142187
9.84371e-05
9.21871e-05
6.87496e-05
8.28121e-05
.00010625
.0001125
.000107812
.000110937
.00010625
9.06246e-05
7.65621e-05
.000109375
.00010625
9.37496e-05
2.49996e-05
3.12462e-06
4.06246e-05
7.49996e-05
8.74996e-05
7.96871e-05
.000109375
9.68746e-05
5.93746e-05
8.12496e-05
.000142187
.000117187
.000139062
.000121875
.00014375
.000117187
6.09371e-05
4.99996e-05
.0001125
.000109375
6.87496e-05
9.84371e-05
.000123437
6.40621e-05
9.21871e-05
7.03121e-05
7.81246e-05
.000103125
8.28121e-05
7.65621e-05
8.90621e-05
8.59371e-05
4.37496e-05
5.46871e-05
8.43746e-05
5.62496e-05
9.68746e-05
7.49996e-05
9.99996e-05
9.06246e-05
4.84371e-05
5.62496e-05
3.12496e-05
7.81246e-05
.000121875
.000126562
.000135937
.000170312
9.21871e-05
.000121875
.000104687
.000117187
.000109375
.000117187
.000139062
8.90621e-05
4.21871e-05
7.18746e-05
7.03121e-05
5.93746e-05
2.49996e-05
4.84371e-05
7.18746e-05
4.68746e-05
.000115625
9.84371e-05
.000115625
.00011875
7.65621e-05
.0001125
.000110937
8.43746e-05
4.99996e-05
6.40621e-05
9.06246e-05
8.28121e-05
9.37496e-05
8.43746e-05
5.62496e-05
9.53121e-05
8.43746e-05
7.49996e-05
9.84371e-05
.000110937
.000115625
.0001125
.000132812
8.59371e-05
9.21871e-05
.000139062
.000148437
.0001125
.00014375
9.21871e-05
8.28121e-05
.000139062
.00010625
.000134375
.000128125
6.56246e-05
6.71871e-05
5.62496e-05
.000114062
9.37496e-05
6.40621e-05
.0001125
.000126562
.0001125
.000104687
.000103125
.000123437
.000107812
7.49996e-05
7.03121e-05
.000103125
7.65621e-05
.000101562
.000121875
.0001125
9.68746e-05
.000107812
9.37496e-05
.000132812
.000128125
.000103125
9.68746e-05
.000154687
.000139062
.000107812
.000134375
.000139062
.000145312
.000171875
.00015
.000157812
.000159375
.000142187
9.53121e-05
.000123437
6.56246e-05
8.74996e-05
5.93746e-05
.000103125
.00013125
