2500
2.e-09
250
.217346
.000124219
.000132031
.0001375
.000164844
.000117969
.000103125
.000126562
.000158594
.000189844
.000173437
.000154687
.000110937
.00015
.000210937
.000185156
.00010625
.000135937
.00015
.000189062
.000132812
.00011875
.000173437
.000159375
.00016875
.000123437
.000160937
.000119531
.000121875
.000192187
.000114844
.000117187
.000158594
.000164844
.000165625
.00015625
.000101562
.000110937
.000155469
.000151562
.00014375
9.06248e-05
.000121875
.000164062
.000147656
.000111719
.000117187
.00018125
.000161719
.000125781
.000135937
8.67186e-05
.00015
.000135156
.000103125
.000119531
.000130469
.000141406
.000188281
.000114844
.000121094
.000157031
.000111719
.000141406
.0001375
.000121875
.000120312
.000164062
.000160156
.000146094
.00013125
.000164062
.0001875
.000114844
.000128125
.000160937
.000139844
.000144531
.000150781
.000142187
.000134375
.000159375
.000169531
.000164844
9.99998e-05
.000142187
.000115625
.000135156
.00011875
.000115625
.000134375
.000179687
.000148437
.000102344
.000135937
.0001375
.00013125
.0001125
.000101562
.000114062
.000145312
.000140625
.000123437
.000157031
.000117187
.000146875
.000201562
.000159375
.000117969
.000133594
.000128906
.000153125
.000157031
.0001125
.000121094
.000175781
.000176562
9.99998e-05
.000117187
.000163281
.000141406
.000125781
.00011875
.000139844
.000154687
.000120312
.000103906
.000155469
.000123437
.000117969
.000165625
.000167187
.000114844
9.53123e-05
.000146094
.000150781
.000128906
6.17186e-05
.000123437
.00011875
.00015625
.000116406
.000129687
.000135937
.000150781
.000135156
.000125
.000141406
.0001375
.000138281
.0001375
.000146094
.000125
.000114844
.000146094
.000192187
9.21873e-05
.00010625
.000188281
.000132031
.000154687
.000113281
.000132031
.000157812
.000132812
.000128125
.000110156
.000163281
.000141406
.000120312
.000132812
.000126562
.000153906
.000117969
.000146875
.000140625
.000119531
.0001125
.000146875
.00016875
.000114062
.000105469
.000145312
.000141406
.00014375
.000139844
.000139844
.000146875
.000178125
.000125781
.000133594
.000117969
.000141406
.000160156
.000151562
.000136719
.000130469
.000167187
.000144531
.000139062
.000117969
.000107031
.000167187
.000157812
.000121875
9.84373e-05
.000124219
.000170312
.000151562
.000133594
.000136719
.000140625
.000149219
.000132812
.000132812
.000150781
.000160156
.000142969
.000160156
.000139844
.000128125
.000136719
.0001625
.000136719
.000153906
.0001125
.000174219
.000154687
.000119531
.000100781
.000114844
.000170312
.000152344
.000147656
.000130469
.00013125
.000122656
.000170312
9.68748e-05
.0001625
.000128906
.000152344
.000163281
.000128125
.000139844
.000148437
.000120312
.000153125
.000132812
.000114844
.00011875
.000166406
.000125781
.000105469
.000136719
.000169531
.000160937
8.74998e-05
.000125781
.000166406
.000128906
.000153906
.000128125
.000113281
.000157812
.000127344
.000133594
.000146094
.000121875
.000125
.000158594
.00015625
.000128906
9.06248e-05
.000129687
.000142969
.000114062
.000102344
.000127344
.000129687
.000176562
.0001375
.000110156
.000142969
.000126562
.000125
.000140625
.00018125
.000124219
.000151562
.000160937
.000176562
.000116406
.000114062
.000144531
.000152344
.000146094
.000128125
.000103125
.000159375
.000175781
.000136719
.000151562
.000141406
.000135937
.000135937
.00013125
.000139062
.000138281
.000111719
.000146094
.0001625
.000139062
.000134375
.000136719
.000186719
.000130469
.00011875
.000145312
.0001125
.000157812
.000122656
.000122656
.00015625
.000173437
.000114844
.000132031
.000164062
.000158594
.000141406
.000150781
.000135156
.000158594
.000146875
.000189062
.000147656
.000127344
.000103125
.000141406
.000142187
.000141406
.000124219
.000149219
.000135937
.00014375
.000103125
.00011875
.0001625
.000151562
.00011875
.000107031
.000132812
.000139844
.000154687
.000117187
.000165625
.000123437
.000132812
.000133594
.000144531
.000153906
.000144531
.0001375
.000178906
8.90623e-05
.000107812
.000139844
.000157812
.000135156
.00013125
.000146875
.000142969
.000161719
.000124219
.000148437
.000160937
.000151562
.000146875
.00015
.000129687
.000121875
.000110937
.000178125
.000164844
.000128125
.00010625
.000157031
.000148437
.000145312
.00015
.000163281
.000139062
.000130469
.000145312
.000159375
.00014375
.000134375
.000157812
.000122656
.000155469
.000139844
.000146875
.000174219
.00013125
.00013125
.000119531
.000141406
.000125781
.00016875
.000138281
.000157031
.000161719
.000142969
.000130469
.000135156
.000149219
.000142969
.000134375
.000146875
.000140625
.000125
.000111719
.000145312
.000128906
.000134375
.000121875
.000132812
.00018125
.000152344
.000121875
.000128906
.000164844
.000155469
.000103906
.000136719
.000114844
.000175781
.000132031
.000132812
.000160937
.000169531
.000128906
8.74998e-05
.000140625
.000132031
.000104687
.00014375
.000159375
.000121875
.000100781
.000142187
.000153906
.000129687
.000121875
.000146875
.000139844
9.92186e-05
.000146094
.000107812
.000133594
.000114844
.000110156
.000135937
.000152344
.000138281
.000142187
.000160937
.000120312
.000129687
.000142187
.000140625
.000121875
.000117187
.000141406
.000130469
.000164844
.000104687
.000125
.000111719
.000151562
.000154687
.000142187
.000154687
.000132812
.000164844
.000136719
.000121094
.000160156
.000124219
.000134375
.000139062
.000146094
.0001375
.000103906
.000166406
.00018125
.000126562
.000128125
.000126562
.000144531
.000159375
.000102344
.000148437
.000141406
.000125
.000138281
.000119531
.000178906
.000158594
.000135156
.000136719
.000114062
.000146875
.000134375
.000148437
.000142187
.000145312
.000107031
.000144531
.000180469
.000103906
.000139062
.00014375
.000175
.000107031
.000115625
.000120312
.000141406
.000151562
.000140625
.0001375
.000139062
.000154687
.000116406
.0001375
.000114844
.000150781
.000125781
.000129687
.000153125
.000123437
.000125
.000170312
.000180469
.000132031
.000103125
.000117969
.000160937
.000135937
.00013125
.000125
.000139062
.00015
.000110156
.000114844
.000148437
.000140625
.000146875
.000120312
.000167969
.000110937
.000146094
.000147656
.000139062
.000121094
.000123437
.000170312
.000138281
.000167187
8.98436e-05
.00010625
.000167969
.000139062
.000121094
.000115625
.000185937
.000135937
.000130469
.000129687
.000142969
.000167969
.000124219
.00014375
.00015
9.06248e-05
.00011875
.000140625
.000163281
.000117187
.000127344
.000171094
.000186719
.000142969
8.98436e-05
.000128906
.000157812
.000164844
.000122656
.000117187
.000160156
.000170312
.000167969
.000159375
.000145312
.000132031
.000146094
.000123437
.000155469
.000111719
.000125
.000140625
.000147656
.000135156
.000117969
.000126562
.000148437
.000125781
.000124219
.000108594
.000150781
.000149219
.000130469
.000125781
.000152344
.000159375
.000111719
.000146875
.000114844
.000128906
.000148437
.000153906
.000157812
.000117969
.000134375
.000178125
.000141406
.000120312
.000146094
.000140625
.00018125
.000152344
.000103906
.000151562
.000134375
.000149219
.000132031
.000146094
.000152344
.000142187
.000117969
.000144531
.000132031
.000146094
.000145312
.000146875
.000124219
.000139062
.00014375
.000133594
.000159375
.000146875
9.60936e-05
.000151562
.000167969
.000127344
8.67186e-05
9.14061e-05
.000142187
.000149219
.000138281
.000167969
.000132812
.00011875
.000163281
.000133594
.000107031
.00013125
9.53123e-05
.000146094
.000175
.000111719
.000102344
.00016875
.000163281
.000119531
9.99998e-05
.000121094
.000169531
.000149219
.000121094
.00013125
.000158594
.000148437
.00015625
.000120312
.000167187
.000153125
.000132031
.000153125
.000117969
.000139844
.000139062
.000158594
.000164844
.000142187
.000133594
.000151562
.000161719
.000149219
.000128125
.00013125
.000144531
.000151562
.000121094
.000126562
.000153125
.000151562
.000150781
.00016875
.000135937
.000152344
.000154687
.00015625
.000136719
.000103906
.000126562
.000209375
.000148437
.000142969
.000128125
.000171094
.000163281
.000153125
.000105469
.000147656
.000132812
.000166406
.000151562
.000157812
.000151562
.000167187
.000150781
.000125781
.00015
.00013125
.000136719
.000115625
.000114844
.000139062
.000139844
.000132031
.000174219
.0001125
.000122656
.000141406
.000146094
.000136719
.000116406
.000145312
.000155469
.0001625
.000138281
.000146094
.000149219
.000147656
.000124219
.00011875
.000122656
.000121094
.000164062
.000138281
.000161719
.000103125
.000138281
.000170312
.000142969
.000133594
.000117187
.000141406
.000157031
.000135156
.000127344
.00013125
.000180469
.000152344
.000102344
.000121094
.000140625
.000148437
.000116406
.000150781
.000134375
.000140625
.000108594
.000132031
.000139062
.000114844
.000113281
.000151562
.000139062
.000117969
.000125
.000142969
.00015
.000147656
9.92186e-05
8.90623e-05
.000145312
.000105469
.000120312
.000147656
.000110937
.000152344
.000133594
.000142187
.000136719
.000123437
.000117969
.000135156
.000161719
.0001125
.000124219
.000125
.000144531
.000153906
.000110937
.000135937
.000119531
.000146875
.000130469
.000138281
.000138281
.000113281
.000134375
.000135937
.000135937
.000110156
.00011875
.000164844
.000139062
.000146875
.00013125
.000141406
.00015625
.000135156
.0001125
.000135937
.000138281
.000150781
.00013125
.000129687
.000129687
.000135937
.000128125
.000115625
.00013125
.000171094
.000142969
.00015
.000128906
.000139062
.000128906
.000139844
.000166406
.000129687
.000110937
.000148437
.0001625
.000175
.000119531
.000107812
.000154687
.000128906
.000134375
.000119531
.000127344
.000125781
.000114844
.000105469
.000145312
.000150781
.000142187
.000146094
.00015
9.14061e-05
.00013125
.000134375
.000114844
.000141406
.000139844
.000152344
.000134375
.000146094
.000127344
.000117187
.00015625
.000171875
.000172656
.000100781
.000147656
.000125781
.00013125
.000133594
.000104687
.000127344
.000124219
.000153906
.000123437
.0001125
.0001125
.000159375
.00015
.000167969
.000129687
.000144531
.000139062
.0001625
.000132031
.000149219
.000153906
.000154687
.000130469
.00013125
.000122656
.000142187
.000114062
.000169531
.000167187
.000115625
.000125781
.000107031
.000178125
.000133594
.000125
.000125781
.00014375
.000150781
.000111719
.000135937
.000167187
.000179687
.000141406
.000104687
.000148437
.000126562
.000150781
.000136719
.000186719
.000125
.000132812
.000159375
.000183594
.000153906
.000111719
.000126562
.000173437
.00015625
.000104687
.000122656
.000165625
.000120312
.000139062
.000132812
.000151562
.000121875
.000109375
.000122656
.000146094
.000139062
.000149219
.000150781
.00013125
.000132812
.000124219
.000129687
.000153125
.000121875
9.37498e-05
.00011875
.000177344
.000113281
.00014375
.000141406
.000172656
.000164062
.000121094
.000185156
.000144531
.000142969
.000158594
.000130469
.000123437
.00015
.000136719
.000136719
.000165625
.000132031
9.29686e-05
.000139062
.00016875
9.53123e-05
.000123437
.000146875
.000167969
.000128125
9.53123e-05
.000153125
.000147656
.000154687
.000115625
.000135156
.000154687
.000139062
.0001125
.000142187
.000140625
.000170312
.000127344
.000158594
.000105469
.000100781
9.92186e-05
.00015
.000138281
.000101562
.000110156
.000123437
.000145312
.000160937
.000132812
.00015
.000180469
.000157031
.000115625
.000115625
.000139844
.00013125
.000129687
.000124219
.00013125
.000121094
.000128125
.000135156
.000120312
.000109375
9.68748e-05
.000136719
.00013125
.000139844
.000104687
.000130469
.000125781
.000124219
.000119531
.000132031
.000134375
.00013125
.000141406
.000105469
.000132031
.000179687
.00011875
.000147656
.0001125
.000166406
.000140625
.000153125
.000151562
.000136719
.000104687
.000121094
.000159375
.000125
9.14061e-05
.000142969
.000139844
.000167969
.000110156
.000123437
.000161719
.00015625
.000167187
.000113281
.000121875
.000139062
.000121875
.000132031
.000142969
.000115625
.000135937
.000180469
.000149219
.000103125
.000128125
.000133594
.000164844
.000144531
.000104687
.000105469
.000139062
.000140625
.000163281
.000161719
.000127344
.000173437
.000138281
.000146094
.000125
.000123437
.000119531
.000122656
.000155469
.0001375
.000126562
.000170312
.000180469
.000127344
.000108594
.000157812
.000161719
.000190625
.000139062
.00013125
.000139844
.000153906
.000154687
.000142187
.000135156
.000132812
.000132812
.000141406
.000167969
.000125
.000117187
.000180469
.000153906
.000134375
.0001375
.000116406
.000175781
.000130469
.000128906
.000120312
.000171094
.000140625
.000117187
.000125
.000129687
.000167187
.000120312
.000117187
.000153125
.000173437
.000136719
.000122656
.00015625
.000117969
.000132812
.000155469
.000140625
.000146094
9.29686e-05
.000144531
.000142187
.000146094
.000115625
.000120312
.000192969
.000152344
9.45311e-05
.000119531
.000157812
.000179687
.000135156
.00011875
.000116406
.000157031
.000173437
.00013125
.00015
.000115625
.000152344
.000154687
.000121094
.000157031
.000120312
.00015
.0001375
.000170312
.000105469
.000142969
.000207812
.000164062
.000148437
.00010625
.000152344
.000123437
.00014375
.000146875
.000165625
.000165625
.00015
.000166406
.000134375
.00011875
.000115625
.000132812
.000196875
.000110937
.000117969
.000105469
.000167969
.000142969
.000128906
.000103906
.000132812
.000135937
.000157031
9.84373e-05
.000114844
.000157812
.000160937
.000135156
.000147656
.00011875
.000148437
.000135937
.000141406
.000107031
.000142969
.000141406
.000132812
.000147656
.000100781
.000139844
.000160937
.000142187
.000138281
.00010625
.0001625
.000125781
.000141406
.000139844
.000130469
.000138281
.000135156
.000117969
.000135156
.000101562
.000105469
.000144531
.000170312
.000108594
.000113281
.000127344
.000160937
.000127344
.00011875
.000134375
.000183594
.000169531
.00015
.000144531
.000163281
.000157812
.00015
.000122656
.00015
.000152344
.000139844
.000166406
.000149219
.000108594
.000138281
.000139844
.000179687
.000152344
.000105469
.000145312
.000142969
.000160937
.000135156
.000141406
.000146094
.000153906
.000130469
.000110937
.000129687
.000116406
.000125
.000157812
.000174219
.000121875
.0001125
.000170312
.000130469
.0001125
.000144531
.000142969
.000136719
.000151562
.000164844
.000145312
.000132031
.000142187
.00010625
.000151562
.000180469
.000132031
9.37498e-05
.000128906
.000175
.000130469
.000128906
.000159375
.000153125
.000126562
.000123437
.000100781
.000147656
.000103906
.000163281
.000138281
.000160937
.000121875
.000116406
.000138281
.000175
.000169531
.000120312
.0001375
.000146875
.000154687
.000135156
.000139844
.000157031
.000138281
.000135156
.000141406
.000160156
.000151562
.000136719
.000141406
.000167187
.000107031
.000111719
.000154687
.000185937
.000125
.00015
.000157812
.000161719
.000176562
.000117969
.000121094
.000189844
.000155469
.000142969
9.53123e-05
.000152344
.000150781
.000166406
.000150781
.000125781
.000132812
.000140625
.0001375
.000210937
.000134375
.000132812
.000114062
.000197656
.000174219
.000126562
.00014375
.000165625
.000141406
.000164844
.00018125
.000150781
.000157031
.000145312
.000146094
.000159375
.000128906
.000153906
.000146094
.000183594
.000115625
.000107031
.000157031
.000192969
.000129687
.000117187
.000172656
.000173437
.000149219
.000139062
.000123437
.000142969
.000139062
.000124219
.000142969
.000147656
.000148437
.000139844
.000145312
.000107031
.000152344
.000116406
.0001625
.000159375
.000132812
.000139062
.000159375
.000145312
.000171094
.0001625
.000125
.000125781
.000128906
.000140625
.000153125
.000164062
.000135156
.000110156
.000126562
.000153906
.000132812
.000122656
.000153906
.000142187
.000125781
.000139844
.000125781
.000158594
.00015
.000122656
.000138281
.000164844
.000161719
.000125
.000146875
.000178125
.000149219
.000127344
.000157031
.00015
.000124219
.000182812
.000151562
.000158594
.000108594
.000134375
.000138281
.000160937
.000152344
.000132812
.000115625
.000158594
.000163281
.000134375
.000153125
.000139062
.000185937
.000147656
.000105469
.00014375
.000124219
.000141406
.00015
.000141406
.000132812
.000139844
.00015
.000167969
.0001375
9.84373e-05
.000144531
.0002
.000170312
.000108594
8.59373e-05
.000189062
.000139844
.000104687
.000119531
.000152344
.000145312
.000142187
.000139844
.000151562
.000125
.000159375
.000121094
.000121875
.000150781
.000133594
.000138281
.000165625
.000146094
.000132812
.000158594
.000165625
.000128906
.000103906
.000124219
.000164062
.00018125
.000127344
.000125781
.000139062
.000157031
.000145312
.000116406
.000134375
.000114844
.000175
.000179687
.000129687
.00016875
.000157031
.000171094
.000177344
.000107031
.000110937
.00013125
.000179687
.000153125
.000134375
.000148437
.000138281
.000178125
.000171094
.000124219
.000120312
.000153125
.000153125
.000130469
.000159375
.000157031
.000129687
.000113281
.000159375
.000107031
.000102344
.000188281
.000166406
.000114844
.000142969
.000160937
.000198437
.000189062
.000123437
.00015
.000159375
.000159375
.000133594
.000163281
.000129687
.000130469
.000167969
.000128906
.000120312
.000146875
.000117187
.000141406
.000141406
.000139844
.000117187
.000164844
.000170312
.000138281
.000132812
.000135937
.000178906
.000155469
.000164062
.000144531
.000139062
.000158594
.000176562
.000153125
.000142969
.000110156
.000178125
.000155469
.000125781
.000103125
.000125781
.000160937
.000165625
.000111719
.00013125
.0001625
.000151562
.000142187
.00013125
.00011875
.000126562
.000140625
.000153125
.000134375
.000170312
.000134375
8.51561e-05
.000135937
.000123437
.000146094
.000167969
.000165625
.000141406
.000117969
.000123437
.000102344
.000157812
.000117969
.000146094
.0001625
.0001375
.000167187
.000108594
.000125
.000159375
.000170312
.00011875
.000115625
.000157812
.000141406
.000126562
.000148437
.000114844
.000140625
.000147656
.000148437
.000154687
9.06248e-05
.000117187
.000173437
.000175781
.0001625
.0001375
.00016875
.000194531
.000139062
.000113281
.000125781
.000153906
.000175781
.000128906
.000140625
.00015
.000164844
.000129687
.000122656
9.06248e-05
.000108594
.000128906
.000165625
.000136719
.000120312
.000151562
.00018125
.00015625
.000104687
.000114844
.000140625
.000158594
.000160937
8.28123e-05
.000110156
.000157812
.000157812
.00013125
.000127344
.000160156
.000170312
.00016875
.0001375
.000132812
.000153125
.000128125
.000176562
.000192969
7.57811e-05
.000123437
.000142187
.000157812
.000175
.000105469
.000139844
.000152344
.000153125
.000125781
.0001375
.000164062
.000157031
.000139844
.000151562
.0001375
.000146875
.000158594
.000152344
.000153125
.000129687
.000128125
.00015625
.000169531
.000160156
.000151562
.000153125
.000151562
.00015
8.12498e-05
.000139844
.000215625
.000176562
.000119531
.000113281
.0001875
.000176562
.000157812
.000133594
.000153125
.000130469
.000149219
.000119531
.000146875
.000160156
.000144531
.00015
.000140625
.000139062
.000127344
.000146875
.000141406
.000161719
.000103125
.000138281
.000145312
.000166406
.000139062
.000184375
.000107812
.000109375
.000117969
.000132031
.000130469
.000154687
.000147656
.00013125
.000108594
.00013125
.000157812
.000170312
.000176562
.000130469
.000116406
.000146875
.000189844
.000161719
.000125
.000157812
.000157812
.000150781
.000132031
.000132031
.000139062
.000159375
.000188281
.000146094
.000136719
.000160937
.0001625
.000157812
.000136719
8.90623e-05
.000122656
.000185937
.000166406
.000139844
.000110156
.000139062
.000175
.000171094
.000124219
.000135156
.000155469
.000160937
.000142969
.000154687
.000110156
.000125
.000111719
.000128125
.000117187
.000103125
.000139844
.000178906
.000189062
.000121875
.00011875
.000151562
.000167969
.000114844
.000135156
.00013125
.000189062
.000160937
.000135156
.000128906
.000155469
.000171094
.000142969
.000121094
.00016875
.000117969
.000153125
.000166406
.000161719
.0001375
.000130469
.000138281
.000139062
.000164844
.000132031
.000116406
.000153906
.000134375
.000164844
.000146094
.000146094
.000158594
.000133594
.000160156
.000179687
.000120312
.000148437
.000140625
.000175
.000149219
.000145312
.000136719
.000132812
.000126562
.000151562
.00013125
.000160937
.000135937
.000132031
.000152344
.000148437
.000148437
.00010625
.000142187
.0001625
.0001125
.000142187
.000142969
.000185937
.000164844
.000141406
.000139844
.000167187
.000136719
9.21873e-05
.000115625
.000167969
.000142187
.000127344
.000160937
.000192187
.00011875
.000128906
.000150781
.00015625
.000172656
.000121094
.000161719
.0001375
.000161719
.000121094
.000146094
.00015625
.000153125
9.76561e-05
.000132812
.000173437
.000151562
.000126562
.000153125
.0001625
.0001375
.000105469
.000124219
.000141406
.000135937
.000128906
.000159375
.000142969
.000172656
.000104687
.000160937
.000132812
.000151562
.000155469
.000129687
.000157031
.000121094
.000124219
.000121875
.000166406
.000125781
.000125
.000148437
.000190625
.000136719
.000126562
.000139844
.000157031
.000182031
.000155469
.000135937
.000174219
.000153906
.000121875
.000146875
.000185937
.00014375
.000110156
.00014375
.000139844
.000195312
.000135937
.00016875
.0001375
.000152344
.000121094
.000163281
.000155469
.000133594
.000148437
.000184375
.000189062
.000159375
.000129687
.000121875
.000158594
.000136719
.000134375
.000145312
.000146875
.000144531
.000115625
.000142969
.000139844
.000139062
.000128906
.000157031
.000167969
.00013125
.000125
.000180469
.000158594
.000157031
.000116406
.000144531
.000157812
.000152344
.000148437
.000160937
.000142187
.000107812
.000116406
.00015
.000160156
.000125781
.000146094
.000166406
.000173437
.000132031
.000110937
.000148437
.000178906
.0002
.00014375
.000153906
.000178125
.000135156
.000153906
.000167969
.000159375
.000151562
.000133594
.000161719
.0001875
.000134375
.000132812
.000149219
.000164062
.000132031
.000114844
.000160156
.000167187
.000157031
.000158594
.000153125
.000161719
.00015
.000110937
.000176562
.000172656
.000146875
.000145312
.000159375
.000153125
.000154687
.000175
.00015625
.000152344
.000153125
.000133594
.000146875
.000177344
.000124219
.00014375
.000154687
.000149219
.000152344
9.99998e-05
.00015
.000192969
.000172656
.000132031
.000128906
.000150781
.000186719
.00013125
.000150781
.000158594
.000170312
.000145312
.000154687
.000132812
.000119531
.000121094
.000173437
.0001375
.000141406
.000146094
.000152344
.000196094
.000146094
.000126562
.000150781
.000182031
.000126562
.000145312
.000145312
.000189844
.000165625
.000157031
.000144531
.000161719
.000157031
.000133594
.000152344
.000160937
.000151562
.000151562
.000180469
.000173437
.000160937
.000121875
.000159375
.000148437
.000139062
.000125
.000132031
.000169531
.000153125
.000148437
.000149219
.000182812
.000175781
.000157812
.000128125
.000171875
.000126562
.000159375
.000167187
.0001625
.000165625
.000108594
.000167969
.000170312
.000139844
.000124219
.000128125
.000169531
.000175
.00011875
.000161719
.000165625
.000164844
.000128906
.000157812
.000117969
.00016875
.000140625
.000151562
.000148437
.00015
.000173437
.000145312
.000150781
.000132812
.000142969
.000179687
.0001625
.000155469
.000110937
.00010625
.0001625
.000130469
.000133594
.000166406
.000179687
.000174219
.000152344
.0001375
.000140625
.000169531
.000164062
.000161719
.000167187
.000135156
.000173437
.00015
.0001625
.000145312
.000117187
.000155469
.000175781
.000138281
.000115625
.000139062
.00014375
.000153125
.000142969
.000130469
.000150781
.000149219
.000157812
.000130469
.000141406
.000146094
.000119531
.00014375
.000148437
.000129687
.000110937
.000159375
.000149219
.000128125
9.45311e-05
.000164844
.000203125
.000142187
.000146875
.000145312
.000153125
.0001625
.000132031
.000154687
.000135937
.000130469
.00015625
.000135937
.000128906
.000176562
.000129687
.00015
.000158594
.000139062
.000142187
.000164062
.000189062
.000157031
.000103125
.000150781
.000150781
.000160156
.000128125
.000146875
.000147656
.000184375
.000132812
.000116406
.000148437
.000138281
.000159375
.000145312
.00015
.000150781
.000153906
.000145312
.000136719
.0001375
.000144531
.000145312
.000139844
.000164844
.000125
.00015
.000182031
8.28123e-05
9.84373e-05
.000126562
.000120312
.000128906
.000163281
.000121875
.000117969
.000160937
.000141406
.000122656
.000164062
.00013125
.000139844
.000154687
.000139844
.000135156
.000154687
.000139844
.000146094
.000105469
.000122656
.000174219
.000182031
.000152344
.000167187
.000145312
.000157812
.000182031
.000165625
.000135156
.000166406
.0001625
.000110156
.000165625
.000148437
.000160156
.00015
.000142187
.000157031
.000142187
.000134375
.000146094
.000173437
.00013125
.000163281
8.90623e-05
.000142969
.000160937
.000153906
.000102344
.000165625
.000134375
.000136719
.000138281
.000127344
.000133594
.000140625
.000139062
.000130469
.000107031
.000152344
.000151562
.000174219
.000142187
.000139062
.000164062
.000171094
.000163281
.000148437
.000120312
.000182031
.000141406
.000125
.000127344
.000163281
.000167969
.000132031
.000135937
.000130469
.000107031
.000108594
.00015
.000130469
.000153125
.000129687
.000155469
.000165625
.000164062
8.51561e-05
.000136719
.000167969
.000136719
.00010625
.000125781
.000152344
.000167187
.000125
.000175781
.00015625
.000151562
.000122656
.000146875
.000173437
.00015
.000133594
.000165625
.000128906
.000165625
.000124219
.000138281
.000185156
.000139062
.000116406
.000175781
.000195312
.000133594
.000128125
.000165625
.000175781
.000145312
.000128906
.000121094
.000128906
.000129687
.000157031
.0001375
.000145312
.000108594
.0001125
.000147656
.000175781
.000135156
.000107031
.000175781
.000192969
.000125781
.000117187
.000167969
.000159375
.000144531
.000138281
.000182031
.000124219
.000139062
.000163281
.000141406
.000152344
.000117187
.000113281
.00018125
.000133594
.00015625
.000135937
.000125
.000142187
.00011875
.000114844
.000133594
.00013125
.00013125
.00013125
.000142969
.000151562
.000153906
.000141406
.0001375
.000164062
.000135156
.000157031
.000114062
.000217187
.00013125
.000121094
.000158594
.000161719
.000157031
9.76561e-05
.000177344
.000172656
.000160156
.000141406
.000151562
.000153125
.000164062
.000133594
.000151562
.000154687
.000164062
.00015625
.000171875
.000142187
.000125
.00015
.0001375
.000161719
.000125781
9.06248e-05
.000146094
.000146094
.000132812
.000116406
.000133594
.000125
.000170312
.0001375
9.53123e-05
.000190625
.000135937
.000153906
.000141406
.000136719
.000157812
.000149219
.000150781
.000144531
.000159375
.000129687
.000136719
.000145312
.000117187
.000139844
.000146875
.0001625
.000169531
.000150781
.000134375
.000164844
.000135156
.000138281
.000151562
.000140625
.000134375
.000128125
.000164062
.000153125
.000132031
.000139844
.000116406
.000140625
.000125
.000136719
.000136719
.000154687
.00014375
.000117969
.000148437
.000161719
.000157031
.00015
.000139062
.000201562
.00018125
.000150781
.000149219
.000139844
.000128906
.000144531
.000128906
.00014375
.00015
.000164844
.000151562
.000159375
.00015
.0001125
.000149219
.00015625
.0001375
.000125781
.000164062
.000153906
.000141406
.000127344
.000127344
.000173437
.000171094
.000148437
.000128906
.000154687
.000141406
.000150781
.000114844
.000128125
.000142969
