2500
2.e-09
250
.488647
.000138281
.000182031
.000147656
.000161719
.000151562
.000164062
.000166406
.000171094
.000142187
.000138281
.000152344
.000140625
.000153125
.000147656
.00015625
.000135156
.000160937
.000160156
.000146875
.000125781
.000140625
.000145312
.000110937
.000134375
.000182031
.000129687
.000164844
.00014375
.000155469
.000164062
.000177344
.000159375
.000139062
.000141406
.000154687
.000173437
.000148437
.000158594
.000147656
.000120312
.000149219
.00014375
.000142969
.000148437
.000153125
.000160937
.00014375
.000154687
.000127344
.000147656
.000133594
.000135937
.000157812
.000160937
.000165625
.000165625
.000159375
.000127344
.000149219
.000183594
.000160937
.000159375
.000146875
.000140625
.000140625
.000182031
.00015
.000194531
.000140625
.000159375
.000161719
.000157812
.000130469
.000163281
.0001625
.000148437
.00013125
.000148437
.00016875
.000147656
.000185937
.000149219
.000135156
.000157031
.000152344
.000153125
.000135937
.000160937
.000146094
.0001875
.000144531
.000149219
.000155469
.000172656
.000110156
.000130469
.000155469
.000135156
.000146094
.000142969
.00015625
.000155469
.00015625
.000145312
.000164062
.000151562
.000139844
.000133594
.000139844
.0001625
.00015
.000163281
.000146875
.000167969
.000155469
.000147656
.000126562
.000153906
.00015
.000160937
.00015
.000132031
.000159375
.000157812
.000147656
.000125781
.00016875
.000164844
.000169531
.000140625
.000159375
.000182812
.00015625
.000153125
.000133594
.000149219
.00015625
.000116406
.000160156
.000159375
.000146094
.000136719
.000155469
.000155469
.000132812
.000151562
.00014375
.000149219
.000132812
.000146094
.000152344
.00015
.000157031
.000164844
.000103906
.000157031
.000172656
.00013125
.000130469
.000135937
.000146094
.000139062
.0001375
.0001625
.000148437
.000140625
.00015
.000158594
.000157812
.000116406
.000164062
.000149219
.000157031
.000136719
.000148437
.000182812
.000138281
.000146094
.000139062
.000171875
.0001375
.000158594
.000121094
.000153125
.000175781
.000163281
.000157031
.000135937
.000161719
.000142969
.00016875
.00015
.000153906
.000142187
.000166406
.000170312
.000141406
.000172656
.000147656
.000135156
.000157031
.000135937
.000135156
.00014375
.000134375
.000130469
.000157812
.000130469
.000102344
.000157812
.00013125
.000155469
.000139062
.000128125
.000151562
.000142969
.000183594
.000117187
.000147656
.000129687
.000150781
.000136719
.000123437
.000152344
.000152344
.000147656
.000165625
.000117187
.000125781
.000153125
.000147656
.000147656
.000157031
.000125
.000163281
.000116406
.000160937
.000147656
.000163281
.00014375
.000155469
.000142969
.000146094
.000160156
.000128906
.000126562
.000119531
.000163281
.000142187
.000142969
.000139844
.000161719
.000157031
.000136719
.000159375
.000163281
.000120312
.000148437
.000165625
.000147656
.000123437
.00015
.000171094
.000177344
.000148437
.000146094
.000153125
9.45311e-05
.0001625
.000152344
.000146875
.000130469
.000160937
.000142969
.000122656
.000154687
.000150781
.000152344
.000133594
.000170312
.000135937
.000136719
.000169531
.000140625
.000132031
.000177344
.000201562
.000188281
.000205469
.000191406
.000223437
.000232031
.000233594
.000284375
.000307031
.000351562
.000404687
.000482031
.000567187
.000649219
.000794531
.000972656
.00112031
.00133125
.00162969
.00198594
.00233906
.00274062
.00315937
.00360703
.00396719
.00426484
.00446016
.00452969
.00454062
.00443203
.00418828
.00388516
.00358828
.00315469
.00273984
.00235859
.00195391
.00155625
.00114531
.000796094
.000430469
7.89061e-05
-.000275781
-.0006
-.000888281
-.00121094
-.00152422
-.00178906
-.00203047
-.00227344
-.00243359
-.00261016
-.00274063
-.00286328
-.00301172
-.00307578
-.00317031
-.00328906
-.00337813
-.00349688
-.00353359
-.00361875
-.00373359
-.0038
-.00390234
-.00398828
-.00408672
-.00413359
-.00419141
-.00427656
-.00433516
-.00437813
-.00446563
-.00451797
-.00453828
-.00462422
-.00465859
-.00472656
-.00475234
-.0047625
-.00475703
-.00478516
-.00475781
-.00470625
-.0047375
-.00467734
-.00463672
-.00456094
-.00448281
-.004375
-.00428281
-.00416016
-.00397578
-.00380625
-.00358672
-.00322734
-.00284609
-.00188203
.00174609
.00824687
.0135227
.015982
.0177641
.019093
.0188617
.0174797
.0153766
.0128047
.0101367
.00791328
.00627656
.00480469
.0036875
.0029
.00254687
.00224453
.00188125
.00153828
.00108516
.000532031
-6.48439e-05
-.000761719
-.00138984
-.00193438
-.00238516
-.00265469
-.00277891
-.00272734
-.00259531
-.00228672
-.00188906
-.00143281
-.000972656
-.000558594
-.000242969
-5.39064e-05
-4.68769e-06
-4.76564e-05
-.000182031
-.000332031
-.000483594
-.0005625
-.000547656
-.000457031
-.000322656
-.000183594
-8.04689e-05
5.39061e-05
.000155469
.000190625
.000164844
7.10936e-05
-6.71877e-05
-.000305469
-.000503125
-.000597656
-.000664063
-.000657813
-.000589844
-.000526563
-.000382813
-.000196094
-6.87502e-05
3.90623e-05
7.34373e-05
3.59373e-05
-.000114844
-.000305469
-.000575781
-.000853125
-.00112188
-.00137344
-.00156172
-.00172031
-.00177188
-.00179688
-.00171406
-.00158203
-.00144609
-.00127109
-.00111641
-.000922656
-.000732031
-.000664063
-.000576563
-.000502344
-.000494531
-.000472656
-.000410938
-.000390625
-.000283594
-.0002125
-8.90627e-05
7.26561e-05
.000214844
.000399219
.000523437
.000701562
.000817969
.000925
.00100547
.0011125
.00115781
.00119297
.00126406
.00136797
.0014125
.00143437
.00149297
.00155156
.00157891
.00156406
.00157969
.00154297
.00147344
.00139844
.00129297
.00116484
.00104766
.000891406
.000715625
.000622656
.000521094
.000383594
.000328906
.000258594
.000191406
.000135937
.000100781
6.24998e-05
7.03106e-06
-5.39064e-05
-.0001125
-.000178125
-.000282031
-.000323438
-.000375
-.000434375
-.000432031
-.000424219
-.000444531
-.000442969
-.000434375
-.000392188
-.000373438
-.000384375
-.000389844
-.000361719
-.000292188
-.000295313
-.000317969
-.000274219
-.000230469
-.000203906
-.000185156
-.000159375
-.000142969
-.000101563
-4.76564e-05
-1.01564e-05
1.56231e-06
4.84373e-05
7.18748e-05
.000107812
.000126562
.000120312
.000110156
.000182031
.000179687
.000228906
.000178125
.000224219
.000219531
.000232031
.000219531
.000217187
.00020625
.000205469
.000189062
.000191406
.000175
.000196875
.000177344
.000169531
.000164844
.000167187
.000192187
.0002125
.000248437
.000257031
.000242969
.000278125
.000296094
.000321875
.0003375
.000325781
.000354687
.000315625
.000345312
.000339844
.000342969
.000358594
.000371094
.000378125
.00034375
.000336719
.000309375
.000304687
.000311719
.000253906
.000239844
.000214062
.000182812
.000175
.000139062
.00014375
.000149219
.000142969
8.04686e-05
.000102344
.000119531
.0001125
7.18748e-05
5.23436e-05
4.84373e-05
4.14061e-05
-3.12519e-06
-2.34394e-06
-1.32814e-05
-1.95314e-05
-4.84377e-05
-3.75002e-05
-4.68752e-05
-4.53127e-05
-5.85939e-05
-3.04689e-05
-3.67189e-05
-1.40627e-05
-3.12519e-06
7.81231e-06
3.35936e-05
3.74998e-05
4.29686e-05
6.48436e-05
8.04686e-05
9.99998e-05
.000121875
.000130469
.000174219
.000169531
.000217187
.000264844
.000271094
.000253125
.000310156
.000325
.000353906
.000346875
.000309375
.000328125
.000328906
.000327344
.000310156
.000324219
.000317187
.000314844
.000285937
.000289062
.000244531
.000275
.000277344
.000229687
.000242187
.000220312
.000190625
.000194531
.000170312
.000150781
.000158594
.000179687
.000150781
.000157031
.00011875
.000128906
.000116406
.000135156
.00013125
.000124219
.000114062
.0001125
.000121875
.000103906
.000110156
.000105469
8.67186e-05
.000102344
.000121094
.000117187
.000117969
.000120312
.000120312
.000135937
.000154687
.000121094
.00015625
.000120312
9.06248e-05
.000123437
.000114844
.000117969
.000108594
9.06248e-05
8.12498e-05
9.68748e-05
.000132031
9.29686e-05
9.53123e-05
.000115625
.000107812
.000114844
.000116406
9.76561e-05
9.84373e-05
.0001125
.00011875
.000116406
9.68748e-05
8.20311e-05
9.60936e-05
.000128906
.000110156
8.20311e-05
.000103125
.000113281
8.98436e-05
.000115625
.000133594
.000129687
.000114062
.000124219
.000100781
.000117969
.000103906
.0001375
.000122656
.00014375
.000173437
.000160156
.0001875
.000202344
.000178125
.000192187
.000184375
.0002
.000169531
.000172656
.000164844
.000169531
.000178906
.000177344
.000167969
.000146875
.000160156
.000171875
.000128906
.000107812
9.53123e-05
8.74998e-05
.000117187
9.14061e-05
7.10936e-05
9.21873e-05
9.45311e-05
.000115625
9.21873e-05
.000110937
6.79686e-05
.000105469
.000128906
.000125781
.000140625
.0001125
.000164844
.000139844
.000153125
.00015
.000173437
.000171875
.000148437
.000198437
.000167187
.000192187
.00014375
.000197656
.000196094
.000194531
.000195312
.000209375
.000184375
.000204687
.000203125
.000214844
.000201562
.00018125
.000177344
.000216406
.000198437
.00020625
.000189844
.000167969
.000207812
.000177344
.00019375
.000197656
.000170312
.000195312
.000177344
.000150781
.000124219
.000114844
.00015
.000117187
9.60936e-05
8.98436e-05
9.99998e-05
7.89061e-05
8.35936e-05
7.81248e-05
7.49998e-05
9.84373e-05
9.99998e-05
8.35936e-05
6.71873e-05
9.45311e-05
.000124219
9.21873e-05
9.84373e-05
.000105469
.000121094
.000116406
.000110937
.000127344
.000135156
.000157812
.000139062
.000141406
.000171875
.000117969
.000132031
.000176562
.000153125
.000183594
.000165625
.000184375
.000160156
.000166406
.000154687
.000174219
.000159375
.000134375
.000145312
.000135937
.000144531
.00016875
.00018125
.000142187
.000158594
.000142969
.000161719
.000153125
.00016875
.000164844
.000186719
.000185937
.000169531
.000167187
.000172656
.000184375
.000171094
.000142187
.000173437
.000157031
.00018125
.000177344
.000186719
.00018125
.000149219
.000171875
.000161719
.0001875
.000171875
.000149219
.00016875
.000205469
.000199219
.000178125
.000203125
.000175781
.000221875
.000196094
.000173437
.000185937
.000191406
.000188281
.000213281
.000216406
.000194531
.00020625
.000200781
.000198437
.000217969
.000203906
.000201562
.000171875
.000165625
.000142187
.000144531
.000186719
.000166406
.000157812
.00015
.000167969
.000136719
.000130469
.0001375
.000125781
.000146875
.000132812
.00015
.000128906
.000125
.000125
.000128906
.000142969
.000123437
.000136719
.000175781
.00013125
.000155469
.000127344
.000159375
.000153125
.00013125
.000130469
.000108594
.000135156
.000121094
.00015
.000103125
.000139844
.000125
.000139062
.000114062
.000135937
.00015
.000133594
.000117187
.000108594
.000107812
.000125781
.000154687
.000129687
.000132031
.000125
.000114844
.000125
.000113281
.000151562
.000122656
.000154687
.000134375
.000122656
.00013125
.000125
.000148437
.000126562
.000152344
.000147656
.000132812
.000142187
.000140625
.000129687
.000154687
.000132812
.000121094
.000151562
.00015
.00015
.00014375
.000155469
.00014375
.000123437
.000153906
.000142969
.000133594
.000167969
.000148437
.000176562
.000153906
.000141406
.000153906
.000171094
.000160937
.000163281
.000153906
.000175
.000160156
.000153125
.000152344
.000160937
.000160156
.000170312
.000161719
.000153906
.000157812
.000159375
.000164844
.000159375
.000114062
.000160937
.000173437
.000145312
.000139062
.000124219
.000154687
.000140625
.000116406
.000146875
.000163281
.000153125
.000167969
.00015625
.000161719
.000158594
.000150781
.000163281
.000175
.000189844
.000152344
.000161719
.000164844
.000135937
.000166406
.000177344
.000174219
.000170312
.000166406
.000150781
.000180469
.000172656
.000198437
.000182031
.000170312
.000165625
.000149219
.000171094
.000136719
.000174219
.000134375
.000167969
.00015625
.000146094
.000155469
.000158594
.000157031
.000184375
.000114844
.00015625
.000175781
.000154687
.000138281
.000171094
.000152344
.000160156
.000125
.000128906
.000140625
.000150781
.000149219
.000122656
.000136719
.000114062
.000127344
.000109375
.000121094
8.20311e-05
9.92186e-05
.000114062
.000132031
.000153125
9.92186e-05
.000129687
.000109375
.000132812
.000117187
.00011875
.000117187
.000132812
.000117187
.000170312
.000133594
.000146094
.000127344
.000130469
.000133594
.000135156
.000157812
.00014375
.000133594
.000141406
.000147656
.000160156
.0001375
.000139844
.000158594
.000136719
.000179687
.00015
.000139062
.00016875
.000149219
.000151562
.000142187
.000138281
.000152344
.000167969
.000126562
.000159375
.000185937
.000158594
.000148437
.000167969
.000182031
.000179687
.000122656
.000169531
.000175
.000183594
.0001625
.000189844
.000163281
.000182812
.00016875
.000175781
.000176562
.000151562
.000160937
.000164844
.000202344
.000176562
.000146875
.000160156
.000166406
.000175781
.000172656
.000196094
.000167969
.0001625
.000160937
.000179687
.000164844
.000169531
.000188281
.000166406
.000167969
.000167187
.000163281
.000146094
.000124219
.000165625
.000160937
.000169531
.00013125
.000164062
.000153125
.000148437
.000159375
.000129687
.000159375
.000139844
.00018125
.000167969
.000153125
.000153906
.000139844
.00014375
.00015
.000139844
.00015625
.000178906
.000154687
.000142187
.000149219
.000175781
.000153125
.000154687
.000151562
.000149219
.000169531
.000132031
.000136719
.000126562
.00011875
.000128906
.000128125
.000161719
.000136719
.000126562
.000153125
.000174219
.000186719
.000149219
.000164844
.000132031
.000155469
.000149219
.000150781
.000152344
.00015625
.000155469
.000122656
.00015625
.000138281
.000152344
.000138281
.000132031
.000154687
.000128125
.000134375
.000122656
.000128125
.000142187
.000139062
.000140625
.000125
.000167187
.000132812
.000163281
.000144531
.000154687
.000145312
.000126562
.000139062
.000136719
.000155469
.000145312
.000163281
.000144531
.000144531
.000158594
.00013125
.000166406
.000165625
.000167187
.000154687
.000152344
.000185937
.000165625
.000176562
.000159375
.000144531
.000144531
.000157812
.000178906
.0001375
.000158594
.000142969
.00015625
.000125
.000132031
.000175781
.000128906
.000184375
.000171094
.000158594
.000144531
.000153125
.000139062
.000138281
.000154687
.000158594
.000167969
.000136719
.000128125
.000157812
.000154687
.000148437
.000142969
.00015
.000151562
.000150781
.000170312
.000183594
.000179687
.000157812
.000171094
.000189062
.000151562
.000171094
.000182031
.000185937
.0001875
.00015625
.0001125
.000132031
.00016875
.000176562
.000151562
.00014375
.000145312
.000185156
.000154687
.000150781
.000158594
.000157031
.000171094
.000142969
.000129687
.000160156
.00015625
.000135156
.000132031
.000105469
.000107812
.000157812
.000142187
.000169531
.00016875
.000164062
.000190625
.000125
.000144531
.000128125
.000178906
.000178906
.000196875
.000167969
.000154687
.000160156
.000164844
.000167187
.000154687
.000141406
.000186719
.000178906
.000182812
.000184375
.000191406
.000171875
.000189062
.000167187
.000155469
.000153906
.000171875
.000157031
.000160156
.000171875
.000173437
.000204687
.000182031
.000170312
.000154687
.000154687
.000170312
.000171875
.000157031
.000153906
.00015625
.000160156
.000139062
.000188281
.000148437
.00016875
.000183594
.000153906
.000174219
.000182031
.000160937
.000167969
.000182812
.000154687
.000155469
.00013125
.000173437
.000180469
.000147656
.000166406
.000160156
.000166406
.000185937
.000205469
.0001625
.000158594
.000149219
.000133594
.000153125
.000150781
.000159375
.000145312
.000135937
.000150781
.000167187
.000146094
.000151562
.000148437
.000146094
.000142187
.000139844
.00014375
.000167187
.000167187
.000154687
.000155469
.000139062
.000151562
.000154687
.000172656
.000133594
.000173437
.000142187
.0001375
.000157812
.000176562
.000145312
.000148437
.000154687
.0001625
.000182812
.000136719
.000142969
.000130469
.00015625
.000138281
.000121875
.000149219
.000135156
.000160937
.000161719
.000114844
.000138281
.00015
.000163281
.000150781
.000164844
.000146094
.00014375
.000160937
.000121875
.000129687
.000164062
.000154687
.000171875
.000160937
.000167969
.000172656
.000160937
.000164062
.000175
.000158594
.000149219
.000171094
.000151562
.000138281
.000145312
.000163281
.000171094
.000161719
.000149219
.000160937
.000142969
.000121875
.00014375
.000139844
.000167969
.00014375
.000108594
.000145312
.000151562
.000124219
.000153906
.0001375
.000132812
.000135156
.000125781
.0001375
.000125781
.000146875
.000128906
.000154687
.000144531
.000154687
.000133594
.000165625
.000141406
.000166406
.000139844
.0001625
.000149219
.000152344
.000171875
.000148437
.000160937
.000150781
.000174219
.000147656
.000145312
.000134375
.000140625
.000126562
.000178906
.000169531
.000171094
.000145312
.000145312
.000163281
.000171094
.00014375
.000110937
.000141406
.000150781
.000161719
.000155469
.000150781
.000164062
.00015625
.000171875
.000154687
.000121094
.000157812
.000145312
.000125781
.000159375
.000149219
.000195312
.000153906
.000170312
.000124219
.000153906
.000155469
.000204687
.000161719
.000171875
.000125
.000144531
.000160937
.000153906
.0001375
.000157812
.000175
.000117969
.000153906
.000138281
.000174219
.000149219
.000166406
.000123437
.0001375
.000142187
.000129687
.000141406
.000180469
.000163281
.000160156
.00015
.000127344
.000155469
.000151562
.000152344
.000167969
.000145312
.000160156
.000164844
.000153906
.000157812
.000139844
.00015
.000157031
.000164844
.000172656
.000145312
.000129687
.000154687
.000150781
.000149219
.000128906
.000167969
.0001375
.000141406
.000135156
.000169531
.000160156
.000141406
.000161719
.000144531
.000166406
.000186719
.000164062
.000124219
.000128906
.000126562
.000148437
.000157812
.000151562
.000152344
.000157812
.000174219
.000153125
.000138281
.000159375
.000153125
.000142969
.000167187
.000160156
.000163281
.000117187
.000142187
.000159375
.000158594
.000132812
.00014375
.000146094
.00014375
.000124219
.000160937
.000140625
.000130469
.000148437
.000138281
.0001625
.00014375
.00015625
.000175
.000151562
.000141406
.000146094
.000138281
.000167969
.000160937
.00014375
.000158594
.000153125
.00015625
.000146094
.000128906
.000158594
.000154687
.000123437
.0001625
.000157812
.000182812
.000150781
.000195312
.000157812
.000153906
.00015625
.000176562
.000177344
.000174219
.00015
.000153125
.000159375
.000170312
.000151562
.000160937
.000151562
.000154687
.00013125
.000132031
.000109375
.000132812
.000160156
.000182031
.000150781
.000153906
.00015625
.000140625
.000152344
.000152344
.000155469
.000139062
.000141406
.000157031
.00015625
.000139062
.000159375
.000151562
.000159375
.000160937
.000189062
.000144531
.000134375
.000141406
.000157812
.000178906
.000157031
.000160937
.00015
.000154687
.000136719
.000178906
.000142187
.000135937
.000146875
.000153906
.000153125
.000135156
.000160156
.000133594
.000160156
.000154687
.000128125
.000153125
.000167187
.000154687
.000178906
.000139062
.000164062
.000152344
.000171875
.000138281
.000135937
.000132031
.000167187
.000151562
.0001625
.000150781
.000149219
9.37498e-05
.000154687
.000153125
.000146875
.0001375
.000164844
.000148437
.000150781
.000152344
.0001625
.000116406
.000140625
.000135937
.000109375
.000166406
.000154687
.000145312
.000125781
.000164062
.000158594
.000165625
.000108594
.000144531
.000125781
.000159375
.0001375
.000167187
.000139062
.0001625
.000153125
.0001875
.000167969
.000127344
.000167969
.000142969
.000141406
.000178906
.00015
.000157031
.000164062
.000165625
.000160156
.000146094
.00015
.000135937
.000167187
.000152344
.000148437
.00010625
.000150781
.000142187
.000135937
.000171875
.00016875
.000128906
.000135156
.000130469
.0001375
.000163281
.000145312
.000147656
.000152344
.000145312
.000142187
.000160937
.000174219
.000152344
.000149219
.000144531
.00014375
.000160156
.000157031
.000128906
.000171875
.000127344
.000123437
.000138281
.000165625
.000164062
.0001625
.000163281
.000160937
.000136719
.000167969
.000148437
.000142187
.000135937
.00015625
.000146875
.000173437
.000172656
.000161719
.000170312
.000177344
.000153125
.000123437
.000153125
.00016875
.000144531
.000155469
.000141406
.0001875
.000160156
.000179687
.000170312
.000155469
.000121094
.000142969
.000163281
.000152344
.000189062
.000146094
.000157812
.000155469
.000172656
.00015625
.000166406
.000139844
.000157812
.000123437
.0001625
.000139844
.000170312
.000142969
.0001625
.000174219
.000139844
.000153906
.000164062
.000154687
.000176562
.000158594
.00015625
.000169531
.000130469
.000155469
.000160937
.000157812
.000155469
.000149219
.000122656
.000175781
.000174219
.000169531
.00014375
.000166406
.000171875
.000121875
.000155469
.000127344
.000157031
.000160156
.000146875
.000173437
.000147656
.000147656
.000153906
.000149219
.000142187
.000149219
.000169531
.000144531
.000121094
.000151562
.000171094
.000164062
.000138281
.000148437
.00013125
.000142969
.000157031
.000158594
.000132812
.000142187
.000141406
.000139844
.000142969
.000153125
.000158594
.000130469
.000134375
.000154687
.000160937
.000144531
.000155469
.000123437
.000139844
.000150781
.000146875
.000129687
.000139062
.000158594
.000155469
.000171875
.0001375
.000139844
.000167187
.00015625
.000176562
.000149219
.000185937
.000144531
.000154687
.000136719
.000133594
.000182031
.000148437
.000163281
.000124219
.00013125
.000179687
.000138281
.000170312
.000152344
.000169531
.000140625
.000145312
.000109375
.000113281
.000128125
.000148437
.000128906
.000122656
.000133594
.000132031
.000148437
.000170312
.000166406
.000154687
.000145312
.000146875
.000155469
.000150781
.000150781
.000144531
.000165625
.000111719
.00015
.000136719
.000148437
.000163281
.000124219
.000140625
.00016875
.000153906
.000132031
.000154687
.000155469
.000154687
.000129687
.000178906
.0001125
.000132031
.000140625
.000136719
.000157812
.000135937
.000126562
.000132812
.000145312
.000140625
.0001375
.00015
.000145312
.000134375
.000134375
.000170312
.000144531
.000139844
.000151562
.000155469
.0001375
.000164844
.000178906
.00015625
.000133594
.00016875
.000160937
.000148437
.000135156
.000157031
.000122656
.000158594
.0001125
.000141406
.000136719
.00015625
.000177344
.000128125
.000182031
.000129687
.000138281
.000134375
.00013125
.000165625
.0001625
.000153906
.000146094
.000167969
.000130469
.000138281
.000142969
.000147656
.000149219
.000124219
.000120312
.000141406
.000142187
.000135156
.000142187
.000157812
.000136719
.00015625
.000142187
.000114844
.000157031
.000133594
.000142187
.00015625
.000127344
.000134375
.000144531
.000185937
.000164844
.000149219
.000155469
.000146875
.0001375
.0001125
.000151562
.000136719
.000184375
.000166406
.000142969
.00015
.000139844
.000154687
.000147656
.000121875
.000141406
.000158594
.00014375
.000163281
.000153906
.000153906
.000147656
.000167187
.000125781
.000136719
.000142969
.000128125
.000139844
.000146875
.000103125
.000126562
.000139844
.000145312
.000141406
.000161719
.0001375
.00016875
.000123437
.000115625
.000129687
.000161719
.000133594
.000121875
.000153906
.000134375
.000155469
.000142187
.000121875
.000161719
.000126562
.00015625
.000132812
.000111719
.000135156
.000166406
.000135156
.0001375
.000132031
.000136719
.000155469
.000164062
.000167187
.000154687
.00014375
.000129687
.000158594
.000144531
.000127344
.000140625
.00013125
.000146875
.000135156
.000127344
.000152344
.000167187
.000170312
.000139844
.000160156
.000140625
.000166406
.000142187
.000122656
.000117187
.000160937
.000140625
.000125781
.000140625
.000147656
.000129687
.000149219
.000163281
.00015625
.000144531
.000132031
.000159375
.000151562
.00015
.000134375
.000160937
.000182031
.000144531
.00013125
.0001625
.000180469
.000153906
.000160156
.000123437
.000150781
.000141406
.000148437
.000172656
.000167187
.000142969
.000133594
.000146094
.000133594
.000146875
.000154687
.000133594
.000142187
.000114062
.000128906
.000132031
.00014375
.0001375
.000155469
.000167969
.000146094
.00014375
.000130469
.00014375
.000150781
.000140625
.000138281
.000138281
.000109375
.000145312
.000142187
.000164062
.000134375
.000128125
.000152344
.000142969
.000136719
.00016875
.000150781
.000145312
.000145312
.000110937
.000117187
.000158594
.000126562
.000149219
.000124219
.000142969
.00011875
.00016875
.000135156
.000135937
.000142187
.000114062
.000152344
.000139062
.000139062
.000157812
.000157031
.000141406
.000139062
.000158594
.000142969
.0001375
.000142187
.000196094
.000129687
.000170312
.000164062
.000147656
.000147656
.000145312
.000167187
.000172656
.000140625
.000149219
.000155469
.000144531
.000163281
.00013125
.000146875
.000119531
.000124219
.000128125
.000141406
.0001625
.000153125
.000160937
.000155469
.000184375
.000153906
.000161719
.000149219
.000171094
.000161719
.000160937
.000139062
.000148437
.000153906
.000149219
.000139844
.000139844
.000142969
.000158594
.000146875
.000159375
.000139844
.000140625
.000148437
.000120312
.000129687
.000152344
.000141406
.000135156
.000161719
.000125
.000146875
.000122656
.000138281
.000132031
.000121094
.000148437
.000135156
.000150781
.000149219
.000135156
.000172656
.000170312
.000119531
.000142969
.000142187
.000135937
.000146094
.000157031
.000142187
.000117969
.000157031
.000147656
.000145312
.000136719
.000152344
.000160156
.000157812
.000165625
.000157812
.000136719
.000125781
.000139844
.000154687
.000135156
.000144531
.000134375
.0001375
.000157031
.000155469
.000171094
.000166406
.000150781
.000142187
.00015625
.000134375
.000153906
.000165625
.000142187
.000146094
.000136719
.000140625
.000146094
.000163281
.000127344
.000139062
.000153125
.000149219
.000153125
.000115625
.000150781
.000158594
.000147656
.000151562
.000114062
.000155469
.000157812
.000172656
.000158594
.000153906
.000149219
.000139844
.00018125
.000120312
.000128906
.000166406
.000141406
.000146875
.000141406
.000153125
.000150781
.000145312
.000164844
.000130469
.000182812
.000149219
.000129687
.000147656
.000133594
.000121094
.000154687
.000139844
.000140625
.000130469
.000123437
.000128906
.000132812
.000146094
.000144531
.000158594
.000140625
.000164062
.000153906
.000158594
.000152344
.000136719
.000125781
.00013125
.000128125
.000167187
.00011875
.000151562
.00011875
.000139062
.000142969
.000167187
.000136719
.000120312
.000146094
.000142969
.000160156
.000134375
.0001125
.000120312
.000122656
.000124219
.000114844
.000135937
.000139844
.000167187
.000115625
.000146875
.000114062
.000142187
.000163281
.000151562
.000178125
.000170312
.000133594
.000150781
.000164844
.000145312
.000125781
.000132812
.000138281
.000140625
.000134375
.000135937
.000142969
.000147656
.000154687
.000146875
.00015
.00014375
.000122656
.000132031
.000128125
.000138281
.000140625
.000125781
.000130469
.000169531
.000135156
.000115625
.000182812
.0001625
.000142969
.000164062
.000146875
.000142187
.000142187
.000171875
.000164844
.00015625
.000140625
.000144531
.000135156
.000151562
.000152344
.000140625
.000123437
.00015625
.00015625
.000170312
.000175781
.000147656
.000124219
.00016875
.000157031
.000142187
.000147656
.000121875
.000146875
.000127344
.000127344
.000114844
.00015
.000160937
.000142187
.000117187
.000147656
.000115625
.00016875
.000153125
.000142969
.000122656
.000157031
.000132031
.000160937
.000148437
.000132031
.000130469
.000135156
.000144531
.000158594
.000150781
.000133594
.00015625
.000115625
.000110937
.000146094
.00015
.000149219
.00014375
.000117187
.000154687
.000128906
.000147656
.000139062
.000128906
.00014375
.000166406
.000155469
.000142187
.000139844
.000146094
.00015625
.0001125
.000102344
.000141406
.000160937
