2500
2.e-09
250
.0695496
.00059375
.000429688
.000390625
.000117188
.000234375
.00025
.000382813
.0003125
.000429688
.000328125
.000304688
.000328125
.00028125
.000242188
.00034375
.000351563
.0005
.000398438
.0004375
.00025
.000375
.000296875
.000375
.00021875
.000117188
.000390625
.000625
.000539063
.00059375
.000398438
.000382813
.000234375
.000242188
.000328125
7.8125e-05
.000289063
.000351563
.00028125
.000390625
.00040625
.000273438
.000226563
.000210938
.000242188
.000328125
.000101563
.00040625
.00046875
.000445313
.000695313
.00059375
.0003125
.000148438
.00021875
.00046875
.000507813
.000421875
.000203125
.000375
.000460938
.000476563
.000335938
.00028125
4.6875e-05
.000375
.000375
.000585938
.000539063
.000179688
.000375
.000429688
.000289063
.000296875
.000507813
.000570313
.000304688
.000367188
.0005
.000609375
.000578125
.000382813
.000132813
.000414063
.00028125
.000203125
.000328125
.000390625
.000679688
.000554688
.00053125
.0004375
.000429688
.000320313
.000195313
.00028125
.00021875
.000367188
.000257813
.000390625
.000429688
.000414063
.000476563
.000585938
.000117188
.000234375
.000125
.0003125
.000492188
.00053125
.000304688
.000539063
.000359375
.000375
.000164063
.00028125
.000140625
.000289063
.00025
.000429688
.000585938
.000539063
.000484375
.000359375
.000210938
7.81252e-06
.000242188
.000523438
.000382813
.000359375
.000492188
.000398438
.000265625
.00025
.000148438
.000101563
.000171875
.000421875
.0001875
.0004375
.000445313
.00034375
.000414063
.0001875
.000125
-5.46875e-05
.000171875
.00046875
.000617188
.0005625
.000640625
.000453125
.000414063
.000304688
.000203125
.000242188
.000234375
.000421875
.000429688
.00046875
.000453125
.000421875
.000398438
.000328125
.000320313
.000164063
7.8125e-05
.000367188
.000523438
.000609375
.000445313
.000554688
.000273438
.000171875
.000132813
.0001875
.000304688
.000289063
.000335938
.000351563
.00046875
.000460938
.000421875
.00034375
.00015625
.00025
.0003125
.000523438
.000640625
.000507813
.000476563
.000328125
.00025
.000132813
.000179688
.000359375
.000523438
.000664063
.000460938
.000414063
.000453125
.000585938
.000625
.0003125
.000171875
.0001875
.000273438
.000515625
.000375
.000546875
.000507813
.000429688
.000273438
.0003125
.0003125
.00046875
.000328125
.0001875
.000109375
.000398438
.000421875
.000445313
.000335938
.000382813
.00025
.000226563
.000125
.000351563
.000757813
.00078125
.000828125
.000515625
.000148438
7.03125e-05
.000101563
.000351563
.000398438
.000367188
.000429688
.000476563
.000789063
.000445313
.000578125
.00046875
.000320313
.00028125
.000421875
.000390625
.000710938
.000492188
.000421875
.000171875
-7.81248e-06
.00015625
2.34375e-05
.000523438
.0005
.000617188
.00053125
.000445313
.000234375
.000398438
.000203125
.000203125
7.8125e-05
.00015625
.000382813
.000710938
.000429688
.00025
.000304688
7.03125e-05
.000226563
.000164063
.000328125
.000554688
.000476563
.00028125
.000101563
.000359375
.000390625
.000484375
.00053125
.000367188
.000171875
.000296875
.000367188
.00046875
.000539063
.0005
.000328125
.000492188
.000351563
.000257813
.000210938
.000328125
.000265625
.00028125
.000335938
.000484375
.000609375
.000429688
.000414063
.000429688
.000273438
.00028125
.000445313
.000460938
.000335938
.0004375
.000195313
.000195313
.000296875
.00015625
.000148438
.000453125
.00046875
.000617188
.00046875
.00028125
.00046875
.000226563
.0003125
.00021875
2.34375e-05
7.8125e-05
.000125
.000359375
.0005
.00071875
.000476563
.00065625
.000421875
.000242188
.000296875
.000460938
.000453125
.000257813
7.8125e-05
.00025
.000421875
.000492188
.00040625
.000296875
3.125e-05
.000203125
.000382813
.000679688
.00084375
.000710938
.00034375
.000226563
.000296875
.00025
.0003125
.000335938
.00015625
.000101563
.000273438
.000625
.00065625
.000585938
.000679688
.000398438
.000242188
.00021875
.00028125
.000273438
.000375
.000273438
.000210938
.000351563
.000375
.00040625
.000351563
.000367188
.000390625
.000554688
.000773438
.000765625
.000515625
.000179688
7.81252e-06
-3.125e-05
.000273438
.000117188
9.375e-05
.000414063
.000640625
.000640625
.000367188
.00025
.000429688
.00025
.000273438
.00021875
.000273438
.00040625
.000375
.000445313
.000460938
.000296875
.000273438
.000414063
.000320313
.000257813
.000375
.00046875
.0005
.000429688
.000351563
.000257813
3.125e-05
-4.6875e-05
1.5625e-05
.000242188
.000328125
.0005625
.000507813
.000546875
.00046875
.000414063
.000453125
.000492188
.000390625
.000335938
.00021875
.000492188
.000453125
8.59375e-05
.000351563
.000296875
.000179688
.000265625
.000445313
.00078125
.000523438
.000367188
.00034375
.000359375
.000421875
.000164063
7.81252e-06
-3.125e-05
7.03125e-05
.000226563
.000414063
.000445313
.000625
.000578125
.0005625
.000546875
.0005
.000382813
.000304688
.000429688
.0003125
.00028125
.000289063
.000367188
.000429688
.000460938
.000382813
.000390625
.000375
.000421875
.000523438
.000648438
.000664063
.000398438
.000335938
.000304688
.000304688
.000390625
.000328125
.000398438
.000484375
.000460938
.0005625
.000609375
.000601563
.00065625
.000421875
.000335938
.00021875
.000234375
.000226563
.000367188
.0003125
.000328125
.000226563
.0004375
.000359375
.000179688
.000242188
.000484375
.000640625
.000375
.000296875
.000625
.000492188
.000375
.000234375
.000109375
.000242188
.000273438
.000335938
.0005625
.000554688
.000492188
.000671875
.00040625
.0003125
.000195313
.000234375
.000367188
.000226563
.00025
.000234375
.000476563
.000351563
.000359375
.000289063
.000460938
.000429688
.000382813
.000304688
.000445313
.000351563
.000632813
.000359375
5.46875e-05
7.03125e-05
1.5625e-05
.000210938
.000304688
.0003125
.000445313
.000515625
.000710938
.000460938
.0005625
.000460938
.000382813
8.59375e-05
-3.125e-05
9.375e-05
.00034375
.000382813
.00025
.000265625
.000304688
.0005625
.00053125
.000460938
.000515625
.00046875
.000382813
.0003125
.000320313
.000359375
.00034375
.000171875
2.34375e-05
.000171875
.000328125
.00046875
.000835938
.00075
.000726563
.000523438
.00034375
.000273438
6.25e-05
9.375e-05
.000265625
.000359375
.000179688
.000296875
.000617188
.000742188
.000492188
.00028125
.000289063
.000117188
.000289063
.000351563
.000546875
.000546875
.000320313
.000320313
.000382813
.000210938
.00025
.000375
.000296875
.000242188
.000367188
.0005
.000539063
.000578125
.000328125
.00034375
.000257813
3.90625e-05
.000179688
.000226563
.000578125
.000617188
.000414063
.000273438
.0003125
.000351563
.000210938
.000273438
.000375
.000445313
.000632813
.000539063
.000601563
.000273438
.00028125
-3.125e-05
1.5625e-05
7.81252e-06
.000273438
.0005
.000578125
.000570313
.00078125
.000554688
.000429688
.000289063
-7.8125e-05
.000125
.000140625
.000328125
.000179688
.0003125
.000578125
.000609375
.000476563
.000359375
7.8125e-05
8.59375e-05
.000375
.000492188
.00053125
.000570313
.000578125
.000273438
.00021875
.0003125
.0001875
.000257813
.00040625
.000453125
.00053125
.000546875
.000570313
.000351563
.0001875
.000140625
.000109375
9.375e-05
.000101563
.00034375
.000523438
.000578125
.0004375
.000273438
.000351563
.000367188
.0005
.0004375
.0005
.000515625
.00053125
.000492188
.000625
.000460938
.00025
.000257813
.00021875
.000234375
.00046875
.000328125
.000539063
.000460938
.00040625
.000320313
.00040625
.000335938
.000210938
.00028125
.000445313
.000421875
.000484375
.000429688
.000320313
.000398438
.000507813
.000265625
.000242188
7.8125e-05
.000179688
.000398438
.00046875
.000429688
.00025
.000445313
.000453125
.000273438
.000257813
.000375
.000359375
.0004375
.0005
.000515625
.0005625
.0005
.000390625
.000351563
.000289063
.000390625
.000382813
.000414063
.000601563
.000554688
.00046875
.00040625
.000195313
.000203125
.000617188
.00059375
.00071875
.00059375
.000507813
.0004375
.000484375
.000335938
.000351563
.000210938
.000375
.0005
.000382813
.000390625
.000609375
.000695313
.000539063
.000398438
.000265625
8.59375e-05
.000226563
.00034375
.00025
.000265625
.000367188
.000367188
.000398438
.000421875
.000460938
.000367188
.000304688
9.375e-05
.000234375
.000570313
.000625
.000609375
.000421875
.000367188
.0003125
.000164063
.000140625
.000132813
.000398438
.0001875
.000367188
.000304688
.000398438
.00034375
.0005625
.000296875
.000210938
.000304688
.00025
.000335938
.000382813
.00028125
.000265625
.000125
.000273438
.000140625
.000328125
.000335938
.000539063
.000273438
.000421875
.00040625
.000390625
.000445313
.000273438
.000234375
.000320313
.00028125
.000273438
.000304688
.000367188
.000367188
.000460938
.000328125
.0001875
.000382813
.00034375
.000460938
.000445313
.000328125
.000125
.000335938
.00040625
.00053125
.000460938
.0003125
.000296875
.00025
.000390625
.000179688
.000382813
.0005
.000546875
.000304688
.000390625
.000320313
.0001875
5.46875e-05
7.81252e-06
3.90625e-05
.000265625
.000359375
.000460938
.000515625
.000546875
.000515625
.00040625
.00025
.000445313
.00040625
.000421875
.000382813
.000359375
.00021875
.000421875
.0003125
.0003125
.000273438
.000273438
.000484375
.000492188
.000570313
.00059375
.000445313
.000351563
-1.5625e-05
1.5625e-05
9.375e-05
.000445313
.00046875
.00040625
.00053125
.000625
.000429688
.000515625
.000546875
.000320313
.000296875
.000351563
.000304688
.000289063
.00025
.000445313
.000523438
.000460938
.000328125
2.23517e-11
.00028125
.000203125
.00034375
.000617188
.000546875
.000578125
.000460938
.000296875
.000359375
5.46875e-05
1.5625e-05
.000367188
.000320313
.000398438
.000445313
.000625
.000429688
.000320313
.00028125
.000234375
.000367188
.0003125
.00025
.00040625
.000289063
.000289063
.000117188
2.34375e-05
.00025
.000296875
.000453125
.000320313
.000507813
.000515625
.000351563
.000421875
.000375
.000164063
2.23517e-11
.000195313
.00028125
.000414063
.0004375
.000578125
.00059375
.00053125
.000585938
.000453125
.000414063
.00015625
.000273438
.000609375
.000523438
.00025
.00015625
.000429688
.000570313
.000507813
.000171875
.000351563
.000234375
.00028125
.0003125
.000476563
.000601563
.000679688
.000476563
.000171875
7.8125e-05
.000171875
.000289063
.000398438
.000320313
.000375
.000554688
.000617188
.00053125
.0003125
.000125
.000226563
.000304688
.0003125
.0003125
.000570313
.000570313
.000421875
.00025
.000328125
.000234375
.00040625
.00046875
.00046875
.00059375
.0004375
.00071875
.000546875
.00015625
.000109375
.000203125
.00021875
.000367188
.000421875
.0005625
.000601563
.000648438
.000320313
.00021875
.0004375
.000296875
.000226563
.000164063
.000484375
.00040625
.000476563
.0004375
.000476563
.000398438
.000429688
.000429688
.000351563
.0004375
.000460938
.000375
.000328125
.00021875
.000351563
.000148438
.000242188
.000195313
7.81252e-06
.000101563
.000421875
.000484375
.000554688
.000484375
.000554688
.000460938
.000296875
.000203125
.000164063
.000242188
.000335938
.000242188
.000398438
.000359375
.000351563
.00034375
.000367188
.000351563
.000421875
.000445313
.000367188
.000382813
.000445313
.000242188
.000203125
.00028125
.0001875
.000109375
.000296875
.00025
.000453125
.00046875
.000601563
.00046875
.0003125
.000273438
.000273438
.000125
6.25e-05
-2.34375e-05
.000265625
.000335938
.000382813
.000289063
.000289063
.000453125
.00053125
.000359375
.000414063
.000132813
.00021875
.00034375
.00046875
.000476563
.000421875
.0001875
.000570313
.000273438
.000296875
.000148438
.000335938
.000320313
.000296875
.000367188
.000601563
.000617188
.000523438
.000132813
7.8125e-05
.000164063
.0001875
.000460938
.000421875
.0005625
.00040625
.000390625
.000359375
.000257813
.000351563
.0004375
.000578125
.000617188
.000546875
.00040625
.00040625
.000289063
.000257813
8.59375e-05
.000132813
.000429688
.000304688
.000523438
.000617188
.000640625
.000609375
.000242188
.000242188
.000179688
.000398438
.000398438
.000179688
.000242188
.000351563
.0005
.00053125
.000382813
.000320313
.000242188
.000257813
.000367188
.000539063
.000570313
.000570313
.000515625
.00025
.000203125
.00034375
.000453125
.000367188
.000242188
.000320313
.000367188
.0003125
.000492188
.000609375
.000359375
.000335938
.000132813
.000109375
6.25e-05
.000289063
.000453125
.000460938
.0004375
.000460938
.000265625
.000398438
.0004375
.00025
.000304688
.000382813
.000429688
.000367188
.000351563
.000429688
.000304688
6.25e-05
-3.90625e-05
.0001875
.000515625
.000515625
.000421875
.0005
.0005
.000421875
.000320313
.000132813
.000125
.000171875
.000242188
.000226563
.000390625
.00034375
.000414063
.00053125
.00028125
.000265625
.0001875
.000335938
.000273438
.000296875
.000367188
.000507813
.00059375
.000359375
7.8125e-05
.000210938
.00021875
.000171875
.000210938
.000367188
.00059375
.000546875
.000585938
.000359375
.0003125
.000234375
.000257813
.00034375
.00025
.00034375
.000328125
.000585938
.000328125
.000304688
.000140625
.000226563
.000242188
.0003125
.000429688
.000726563
.00059375
.0003125
.00021875
.000140625
.000242188
7.03125e-05
.00021875
.000171875
.000382813
.000578125
.00053125
.00059375
.000460938
.000226563
.00028125
.00040625
.000273438
.000445313
.0005
.000320313
.00028125
.000304688
.00021875
.000289063
.000429688
.000195313
.000125
.000304688
.000359375
.000476563
.00040625
.000414063
.000335938
.00021875
.000257813
.000148438
.000359375
.000304688
.000234375
.000242188
.00034375
.0004375
.000476563
.00065625
.000367188
.000242188
.000273438
.000195313
.000179688
9.375e-05
.00034375
.000484375
.000398438
.000382813
.0003125
.000414063
.000578125
.000398438
.000335938
.00040625
.00040625
.000304688
.000164063
4.6875e-05
.000257813
.000265625
3.90625e-05
.000289063
.00025
.0005
.000664063
.000695313
.000375
.000328125
.000382813
.000421875
.000210938
.000304688
.000203125
.000265625
.000335938
.000335938
.000453125
.000632813
.000453125
.000242188
.0001875
.000367188
.000273438
.000289063
.000304688
.000445313
.000453125
.00046875
6.25e-05
.000164063
.00021875
.0001875
.00028125
.000367188
.000171875
.000414063
.000328125
.000640625
.000484375
.000101563
.000125
.000140625
.000445313
.000539063
.00053125
.00034375
.0001875
3.90625e-05
.000101563
.000242188
.000265625
.0005
.000304688
.000585938
.000585938
.0004375
.0004375
.00028125
.000164063
.000132813
.000140625
.000390625
.000460938
.000304688
.000351563
.000398438
.0003125
.0003125
.00034375
.00028125
.000210938
.00015625
.000171875
.000320313
.000351563
.000421875
.000398438
.00034375
.000367188
.000398438
.000226563
4.6875e-05
.000398438
.000335938
.000492188
.0004375
.000398438
.000539063
.0003125
.000234375
3.90625e-05
-3.90625e-05
.000226563
.0003125
.000445313
.0005
.000515625
.0005
.0005
.000242188
2.23517e-11
.000273438
.000453125
.000335938
.000296875
.000289063
.000304688
.000289063
.00015625
9.375e-05
.00015625
.000390625
.000289063
.000578125
.000351563
.000320313
.000203125
.000351563
.000117188
.000140625
4.6875e-05
.000203125
.000273438
.00040625
.000296875
.00078125
.00065625
.000273438
.000382813
.000195313
.000296875
.000375
.000148438
.000414063
.000304688
.000453125
.000390625
.000484375
.0003125
.0003125
.000195313
.0001875
.000171875
.000382813
.00065625
.000835938
.000640625
.000367188
.000164063
.000164063
.000195313
9.375e-05
.000210938
.000273438
.000304688
.000476563
.000679688
.000640625
.000445313
.000382813
.000117188
.000382813
.000367188
.000320313
.0003125
.000273438
.000203125
.000242188
.000171875
.000273438
.000304688
.0003125
.0004375
.000554688
.00053125
.000484375
.000351563
.00040625
.000265625
.000226563
-4.6875e-05
.000234375
9.375e-05
.000320313
.000609375
.00065625
.00065625
.000507813
.00034375
.000203125
.000132813
.000148438
.000210938
.00025
.000398438
.000382813
.000429688
.00025
.000195313
.000203125
.000234375
.00046875
.000367188
.000460938
.000640625
.000757813
.000398438
.000203125
-6.25e-05
.000109375
.000179688
.00021875
.000273438
.000304688
.000382813
.000328125
.000359375
.000242188
.000257813
.00015625
-5.46875e-05
.000117188
.000320313
.000429688
.000492188
.000351563
.000125
.000109375
.000296875
.00021875
.000171875
.000320313
.000453125
.000453125
.000335938
.00015625
.000101563
7.03125e-05
7.03125e-05
.000101563
-.000101562
8.59375e-05
.000359375
.000460938
.000367188
.000367188
.00021875
9.375e-05
.00021875
.000296875
.000289063
.000117188
.0003125
.000289063
.000265625
.00028125
.000507813
.000359375
.000242188
-.000117187
.000125
.00028125
.0005
.000398438
.00028125
.000585938
.000210938
.000179688
4.6875e-05
.0001875
.000304688
.000484375
.0003125
.000382813
.000242188
.000578125
.000515625
.000320313
.000132813
7.81252e-06
.00028125
.000429688
.000476563
.000234375
.000140625
.00028125
.000125
.0003125
.0003125
.00046875
.0005
.000460938
.0003125
.000390625
.000335938
.00028125
.000210938
.000140625
.000179688
.000320313
.000234375
.000359375
.000359375
.000460938
.000453125
.000445313
.000210938
.000375
.000203125
.0004375
.000445313
.000140625
.000210938
.000234375
.000203125
.0003125
.000515625
.000476563
.000375
.000320313
.000179688
.000132813
.00034375
.000414063
.00028125
.000414063
.000546875
.000257813
.0003125
.0004375
.000421875
.000453125
.000359375
.000203125
.000445313
.00053125
.000382813
.000390625
.000117188
.000195313
.000171875
.000507813
.000414063
.000320313
.00028125
.0003125
.00028125
.000242188
.000210938
.000429688
.000492188
.000476563
.000320313
.0004375
.000359375
.000390625
.00025
.00021875
.000445313
.00040625
.000351563
.000203125
.000296875
.000351563
.00028125
.000375
.000375
.00028125
.000320313
.000359375
.000234375
.000179688
6.25e-05
.000335938
.00040625
.0004375
.000390625
.00053125
.000398438
.000179688
7.8125e-05
3.125e-05
.000195313
.000367188
.000367188
.000515625
.000421875
.000414063
.000257813
.000242188
.0003125
.000117188
.000140625
.000296875
.00028125
.000328125
.0003125
.000382813
.000171875
.000117188
.00021875
.00028125
.000289063
.000335938
.000140625
.00025
.00021875
.000257813
.000171875
.000242188
.000476563
.000375
.000484375
.000578125
.0005
.000445313
.000273438
.000242188
.000203125
.000125
.000132813
.000273438
.000375
.000390625
.000382813
.000601563
.000523438
.000429688
.000289063
.0003125
.000304688
.00015625
.000164063
.000164063
.000359375
.000351563
.000484375
.000382813
.000367188
.000242188
4.6875e-05
3.90625e-05
.000210938
.000414063
.000640625
.000554688
.000328125
.000171875
.000109375
.000265625
8.59375e-05
.0001875
.0001875
.00040625
.000601563
.000515625
.000476563
.000242188
7.8125e-05
-4.6875e-05
.000164063
.000445313
.000429688
.000414063
.000460938
.00028125
.0003125
.000367188
.00025
.000257813
.000195313
.000335938
.000335938
.00040625
.0005
.000234375
.0001875
.000210938
8.59375e-05
.000101563
.000195313
.00034375
.0004375
.000445313
.000460938
.000476563
.000421875
.000273438
.000390625
.000164063
.00021875
.000140625
.000140625
.0003125
.000421875
.000539063
.000445313
.000390625
.000257813
.00028125
.000171875
.000140625
.00015625
.000351563
.00046875
.0005625
.000265625
3.90625e-05
.000117188
.000117188
.000289063
.000265625
.000296875
.000460938
.00071875
.000671875
.000609375
.000359375
.000148438
-2.34375e-05
-7.81248e-06
.000125
.000523438
.000484375
.000359375
.000414063
.000265625
.000210938
.000179688
4.6875e-05
.0003125
.000226563
.00034375
.0005
.000257813
-3.90625e-05
3.90625e-05
.000140625
.0001875
7.8125e-05
.000203125
.000429688
.000539063
.000484375
.000328125
.000359375
.000164063
.000273438
.00021875
.000273438
.000335938
7.03125e-05
.000109375
.0001875
.000257813
.000453125
.000484375
.000375
5.46875e-05
.000195313
.000234375
.000359375
.000335938
.000289063
.000273438
.0004375
.000414063
.000265625
.00015625
.000421875
.00028125
.000164063
.000304688
.000515625
.000804688
.000640625
.00034375
.000304688
.000117188
.000273438
.000195313
.000328125
.00034375
.000289063
.000226563
.000320313
.000210938
.000117188
7.8125e-05
.000453125
.000570313
.000539063
.000601563
.000640625
.00053125
.000226563
7.03125e-05
6.25e-05
.000328125
.000359375
.000359375
.000390625
.000414063
.000453125
.000351563
.000484375
.000359375
.0005
.000367188
.00046875
.000289063
.000171875
.000132813
.00028125
.000367188
.000375
.000296875
.00046875
.000351563
.000320313
.000210938
.000320313
.000242188
.0005
.000414063
.000398438
.00028125
.000203125
.000109375
.0001875
.000171875
.000375
.000328125
.000289063
.000460938
.000476563
.000523438
.000390625
.0001875
.000117188
.000289063
.000453125
.00028125
.000429688
.000351563
.0001875
6.25e-05
1.5625e-05
.000289063
.000367188
.000476563
.0005
.000429688
.000289063
.000171875
.000335938
.000148438
.000390625
9.375e-05
.000203125
.000273438
.000257813
.000421875
.000492188
.000304688
.00040625
.000351563
.0001875
.000179688
.000257813
-3.90625e-05
.000265625
.00015625
.000453125
.00034375
.000132813
.000265625
.000375
.000226563
.000101563
1.5625e-05
.000210938
.000375
.00046875
.00040625
.000257813
.000296875
.000148438
.000265625
.000242188
.000304688
.000289063
.000359375
.000382813
.000265625
.0003125
.000273438
.000335938
.0001875
.000164063
-7.81248e-06
.000351563
.000523438
.000328125
.000304688
.000460938
.000398438
.000382813
.000234375
.000289063
.000257813
.000359375
.000335938
.000453125
.000445313
.000601563
.00034375
.000195313
.000109375
.000375
.000367188
.000578125
.0004375
.000507813
.000601563
.000367188
.000375
.00028125
.0003125
.000398438
.000367188
.000273438
.00046875
.00040625
.000429688
.000359375
.000507813
.000367188
.0003125
.000265625
.000125
.000320313
.0003125
.0004375
.000523438
.00046875
.000398438
.000320313
.000242188
.00028125
.000203125
.000210938
.00040625
.000460938
.000640625
.00053125
.00040625
.000367188
.000234375
.0001875
.000265625
.000351563
.00040625
.000382813
.000203125
.0003125
.000257813
.000179688
.000101563
.00034375
.0003125
.000453125
.000296875
.000359375
.000492188
.000546875
.000328125
.000203125
.000125
.000226563
.00040625
.000320313
.0003125
.000304688
.000398438
.000304688
.000203125
.000148438
-5.46875e-05
.000328125
.000203125
.000226563
.00025
.000429688
.000539063
.000304688
.0001875
.000296875
.000125
.000210938
8.59375e-05
.00025
.000390625
.000460938
.000539063
.000382813
.000164063
.000320313
.000539063
.000492188
.000257813
.00015625
.000257813
.000429688
.000390625
.000351563
.000242188
.000382813
.000351563
.000273438
.000179688
.00034375
.000296875
.00034375
.000304688
.000375
.000359375
.000453125
.000265625
.000257813
.000265625
.000234375
.00034375
.000492188
.00040625
.0004375
.000164063
.000234375
7.8125e-05
.000226563
.000265625
.000359375
.000367188
.000320313
.000390625
.000335938
.00040625
.000320313
.000304688
.000359375
.00046875
.000398438
.000210938
.000328125
.000484375
.00053125
.000398438
.000304688
.000320313
.000179688
.00034375
.000328125
.000429688
.00046875
.000335938
.000492188
.000375
.000242188
7.03125e-05
.000390625
.00025
8.59375e-05
7.8125e-05
.000546875
.000570313
.000539063
.000382813
.000476563
.000320313
.000460938
.000203125
.000195313
.000242188
.000265625
.00028125
.00034375
.0001875
.00028125
.00021875
.000359375
.0004375
.000273438
.000398438
.000546875
.000453125
.000148438
.000203125
.000273438
.00034375
.000328125
.000296875
.000375
.000375
.000476563
.00021875
.000234375
.000179688
.00021875
.000132813
2.34375e-05
.00015625
.00025
.000148438
.000171875
.0003125
.000382813
.00046875
.000421875
7.8125e-05
.000226563
.0003125
.000382813
.0005
.00034375
.000234375
.000125
.00021875
3.90625e-05
.00015625
.000265625
.000125
.000320313
.000328125
.000484375
.000453125
.0005
.000179688
.000265625
.00015625
.0001875
.000109375
.000335938
.000375
.000210938
.000210938
.000210938
.000140625
.000273438
.00046875
.000679688
.000554688
.00034375
.000335938
.000351563
.000335938
.000234375
7.03125e-05
2.34375e-05
.000179688
.000421875
.000351563
.000515625
.000492188
.000539063
.000429688
.000570313
.0004375
.000328125
.000226563
.000328125
.000304688
.0003125
.0003125
.000265625
.0001875
.000289063
.000367188
.000445313
.000257813
9.375e-05
.000195313
.000476563
.000679688
.000507813
.000359375
.000148438
.000117188
.000296875
.000132813
.000257813
.0003125
.000210938
.00040625
.000546875
.00046875
.000710938
.00046875
.000210938
7.81252e-06
.000148438
.00028125
.000367188
.000367188
.000257813
.000320313
.000210938
5.46875e-05
.000242188
.0005
.00046875
.000492188
.00028125
.0003125
.000429688
.000390625
.000367188
.000171875
-.000148437
4.6875e-05
.000101563
.000375
.0005
.000414063
.000601563
.000414063
.000445313
.000421875
.000226563
.000296875
.000523438
.000257813
.00021875
.00021875
.00053125
.000296875
.000335938
.000328125
.00034375
.00015625
.000226563
.000460938
.000585938
.000625
.000492188
.000257813
7.8125e-05
.000179688
.000273438
1.5625e-05
6.25e-05
1.5625e-05
8.59375e-05
.000375
.000484375
.000625
.000578125
.000351563
.000210938
.000226563
.000140625
.000351563
.000414063
.000335938
.000265625
7.03125e-05
.00021875
.000242188
.000367188
.000171875
.000484375
.000492188
.000328125
.000492188
.000398438
.000515625
.000195313
7.03125e-05
.000109375
.000148438
.000398438
.00028125
.000375
.000546875
.00053125
.000515625
.000460938
.00025
.000164063
.000171875
.000195313
.000140625
9.375e-05
.000203125
.000539063
.000460938
.000492188
.000296875
.000328125
.00034375
.000390625
.000375
.000515625
.00075
.000671875
.000390625
.00015625
7.03125e-05
.000101563
.000140625
-7.81248e-06
.00015625
.000367188
.00059375
.000679688
.000515625
.00025
.000226563
.000328125
.000132813
.000273438
.000273438
.000359375
.000648438
.000476563
.000226563
.000234375
.000179688
.00028125
.000164063
.00034375
.000554688
.00059375
.000578125
.000585938
.000414063
.0001875
3.90625e-05
-6.25e-05
-2.34375e-05
.000132813
.000304688
.00053125
.000539063
.000445313
.000570313
.000601563
.000335938
.000132813
3.125e-05
.000445313
.000335938
.000328125
.00021875
.00025
.000296875
.000421875
.000367188
.000367188
.000296875
.000296875
.000515625
.000484375
.000492188
.000429688
.000257813
.00025
.000164063
.000109375
.000257813
.000445313
.000226563
.000351563
.000304688
.000476563
.000484375
.00040625
.000179688
.000242188
.000289063
2.34375e-05
.000257813
.000265625
.000164063
.000195313
3.90625e-05
2.34375e-05
.00021875
.000351563
.000429688
.000476563
.000398438
.000289063
.000328125
.000390625
.000171875
7.03125e-05
-4.6875e-05
.000132813
.000117188
.000257813
.00028125
.0004375
.000648438
.00065625
.000546875
.000664063
.000429688
.0001875
.000101563
.000234375
.000273438
.000382813
.000265625
.000445313
.000585938
.000625
.00046875
.00025
.000132813
