2500
2.e-09
250
.485382
.000507813
.000460938
.00040625
.0003125
.000476563
.000726563
.000507813
.00034375
.0004375
.000429688
.0004375
.000546875
.000539063
.00046875
.000429688
.00015625
.00025
.00028125
.000328125
.000492188
.000382813
.000375
.0004375
.000507813
.000289063
.00034375
.000257813
.000359375
.000351563
.000515625
.000421875
.000414063
.00040625
.00025
.000226563
.000320313
.000234375
.000390625
.0004375
.000320313
.000296875
.000242188
.000296875
.000296875
.000296875
.00021875
.000179688
.000234375
.000195313
.000257813
.000140625
.000296875
.000328125
.00040625
.000273438
.000257813
.000179688
.000179688
2.23517e-11
.000164063
.000195313
.000265625
.000320313
.000273438
.000289063
.000109375
.0001875
.000242188
.000132813
.000210938
.00015625
.000109375
.000203125
.000195313
.00025
.000398438
.000382813
.000367188
.0001875
.000210938
.000257813
.000351563
.000226563
.00028125
.000195313
.000234375
.000296875
.000421875
.000234375
.000273438
.000234375
.000296875
.000257813
.000171875
.000382813
.000195313
.000226563
.000226563
.000265625
.000367188
.000367188
.000476563
.000429688
.000382813
.00046875
.0004375
.000351563
.000359375
.000117188
.000304688
.000351563
.000476563
.000375
.000382813
.000507813
.00034375
.00034375
.000523438
.000570313
.000492188
.000539063
.000421875
.000398438
.00025
.00053125
.000476563
.0005
.000484375
.000578125
.000414063
.000578125
.000460938
.00025
.00034375
.000476563
.000554688
.000382813
.000375
.000328125
.000328125
.000375
.00053125
.000328125
.000328125
.00034375
.000382813
.00053125
.000601563
.000445313
.000351563
.000382813
.000296875
.000445313
.000390625
.000320313
.0003125
.000375
.000367188
.000375
.000421875
.000273438
.000390625
.000382813
.00046875
.000289063
.0003125
.000164063
.000335938
.000289063
.000273438
.000148438
.000257813
.000203125
.00025
.000164063
.000203125
7.8125e-05
.00015625
.00034375
.00034375
.000164063
.00015625
6.25e-05
.000257813
4.6875e-05
8.59375e-05
.0001875
.000171875
4.6875e-05
.000148438
2.34375e-05
.000125
.000164063
7.03125e-05
7.8125e-05
.000140625
4.6875e-05
3.125e-05
.000109375
2.34375e-05
-6.25e-05
.000140625
8.59375e-05
.000125
.000101563
-7.81248e-06
.000164063
.000210938
.000210938
.000140625
.000109375
.000289063
9.375e-05
.000117188
-1.5625e-05
5.46875e-05
7.03125e-05
3.90625e-05
.000179688
.000195313
2.23517e-11
.000117188
2.34375e-05
7.8125e-05
6.25e-05
7.8125e-05
7.03125e-05
8.59375e-05
7.03125e-05
.000125
-1.5625e-05
.000109375
-3.125e-05
3.125e-05
2.34375e-05
.000117188
4.6875e-05
3.90625e-05
2.34375e-05
-1.5625e-05
-6.25e-05
4.6875e-05
.000195313
.000117188
6.25e-05
.000171875
5.46875e-05
.000117188
.000117188
.00015625
.000273438
.000304688
.00015625
.000132813
.00034375
.000476563
.000640625
.0008125
.000898437
.00113281
.00124219
.00157031
.00163281
.00178125
.002125
.00246875
.00282812
.00357031
.00410937
.00470312
.00533594
.00571094
.00653906
.00740625
.00850781
.00961719
.0107812
.0121641
.0135469
.0149375
.0167969
.0183984
.0199844
.0216016
.0230859
.0243906
.0253437
.0264609
.0273594
.0280781
.0284922
.0287578
.0291328
.0296172
.0297578
.0299609
.0298437
.0298906
.0299609
.0297578
.0294219
.0291094
.0286094
.0281875
.02775
.0272578
.0266953
.0263672
.0257266
.0252891
.0245078
.0239375
.0231719
.022375
.0217266
.0209609
.0201562
.0194141
.0186016
.0177812
.0168359
.0159375
.0149141
.0140625
.0132266
.0124141
.0116172
.0108437
.00983594
.00889062
.00802344
.00710937
.00632812
.00527344
.00435937
.00341406
.00242969
.00178125
.000796875
-.0001875
-.00128125
-.002125
-.0030625
-.00403906
-.00509375
-.00579687
-.00658594
-.00763281
-.00827344
-.00941406
-.0102109
-.0110391
-.0118984
-.0126172
-.0134219
-.0142891
-.0151016
-.0158281
-.0165937
-.0175312
-.0182344
-.019125
-.0201406
-.0209375
-.021875
-.0228437
-.0236406
-.0243281
-.0251562
-.0257812
-.0265078
-.0273437
-.028
-.0286797
-.0293828
-.0301172
-.0308906
-.0317422
-.0324531
-.0333906
-.0338906
-.0347344
-.0353359
-.0361484
-.0368437
-.037375
-.0379375
-.0387891
-.0394922
-.0401484
-.0407734
-.0414297
-.0421641
-.0427656
-.0434375
-.044125
-.0448359
-.0454687
-.0459609
-.0466094
-.0472422
-.0478047
-.0481328
-.0486406
-.0492422
-.0497266
-.0503594
-.0509141
-.0514609
-.0520937
-.0524766
-.0530469
-.0535234
-.0537187
-.0539062
-.0540156
-.0545625
-.055
-.0552578
-.0555781
-.056
-.0561172
-.0564297
-.0565781
-.0567109
-.0572266
-.0573906
-.0574297
-.0575859
-.0575703
-.0576641
-.0578984
-.0581875
-.0581016
-.0579766
-.0580234
-.0574062
-.0377109
.0155234
.0785625
.111531
.110914
.0952578
.0836484
.0828203
.0868125
.0894766
.0874531
.0832656
.0790781
.0766406
.0753281
.0742578
.0725391
.0702109
.0678828
.0657656
.0639687
.062
.0600703
.0579766
.0562109
.0545547
.0526172
.0505469
.0488047
.0467969
.0450391
.0433672
.0416016
.0399531
.0384062
.0366719
.0350156
.0336016
.0320391
.0304609
.0292109
.0278672
.0262969
.0249297
.0235625
.0222578
.0207891
.0193828
.0181328
.0169297
.0159453
.0148516
.0139375
.01275
.0116797
.0104609
.009375
.00842969
.00736719
.00638281
.00549219
.00467187
.00389062
.00288281
.00192187
.00120312
.0005
5.46875e-05
-.000710937
-.00139844
-.00225781
-.00323437
-.00379687
-.00439062
-.004875
-.00550781
-.00596875
-.00652344
-.00689062
-.00721875
-.00745312
-.00789062
-.00840625
-.00867187
-.00882031
-.00903906
-.00929687
-.00963281
-.00988281
-.0100859
-.0103906
-.0105312
-.01075
-.0108281
-.0108125
-.0108203
-.0108203
-.0107891
-.010875
-.0108281
-.0108516
-.0107578
-.0106406
-.0107891
-.0106719
-.0105156
-.0104375
-.0104531
-.0105234
-.0104609
-.0100937
-.00992969
-.00973437
-.00967187
-.00935937
-.00928906
-.00924219
-.00903125
-.00885156
-.0086875
-.00846875
-.00842969
-.00836719
-.00813281
-.00814062
-.00803125
-.00789844
-.007875
-.00766406
-.00750781
-.00729687
-.00724219
-.00724219
-.00733594
-.0073125
-.00725781
-.00713281
-.00728125
-.00725781
-.00724219
-.00704687
-.00710156
-.00696094
-.00704687
-.00715625
-.00713281
-.00734375
-.00725
-.00725781
-.00734375
-.00746094
-.00760156
-.00759375
-.00757031
-.00748437
-.00760156
-.00771094
-.00764062
-.0075625
-.00760156
-.007625
-.00745312
-.00736719
-.00739844
-.00732031
-.00745312
-.00722656
-.00715625
-.00686719
-.00646094
-.00617187
-.00597656
-.005625
-.00540625
-.00496094
-.0045625
-.00425
-.00371094
-.00346094
-.00266406
-.00205469
-.00153906
-.000921875
-.0005625
.000125
.00075
.00148437
.00233594
.002875
.003625
.00420312
.00495312
.00551562
.00599219
.00645312
.0069375
.00759375
.00807031
.00836719
.00905469
.00946094
.00999219
.0103359
.0107656
.0110078
.0112344
.0113906
.0114219
.0117187
.0117266
.0118203
.0118359
.0118203
.0117812
.0116172
.0115625
.0114297
.0113047
.0113594
.0112031
.0109141
.0107969
.0105859
.0101875
.00992969
.00974219
.00935937
.00907812
.00873437
.00846094
.008375
.00813281
.00796875
.00754687
.00723437
.00684375
.0064375
.00632812
.00605469
.00575
.00546875
.00539062
.00500781
.00486719
.00447656
.00421875
.00398437
.00382812
.00358594
.00349219
.0033125
.00296094
.0029375
.00253125
.00246875
.00238281
.00227344
.002125
.00201562
.00179687
.00179687
.00178125
.001625
.00146094
.00164062
.00161719
.00144531
.001375
.00135937
.00123437
.00141406
.00146094
.00139844
.00160156
.00135937
.00139844
.00142187
.00151562
.00164062
.00159375
.00161719
.00178906
.00157031
.00164062
.0016875
.00161719
.00170312
.00179687
.00196875
.00189844
.00190625
.00202344
.0019375
.00183594
.00175
.00174219
.00192969
.00196875
.00184375
.00166406
.00170312
.00163281
.00163281
.00165625
.00144531
.00135937
.00125781
.00121094
.00107812
.000828125
.000875
.000757813
.000578125
.000382813
.000320313
.000171875
4.6875e-05
9.375e-05
-.000101562
-.000375
-.00046875
-.000734375
-.0008125
-.000890625
-.00122656
-.00125
-.00144531
-.0015
-.0018125
-.00192187
-.00217969
-.00227344
-.00229687
-.00264062
-.00275781
-.002875
-.00308594
-.00310156
-.00320312
-.00330469
-.0035625
-.00357031
-.00369531
-.00370312
-.003875
-.00391406
-.00398437
-.00415625
-.00429687
-.00426562
-.00421875
-.00432031
-.00436719
-.00434375
-.00435156
-.00439062
-.00444531
-.00449219
-.00448437
-.00426562
-.00425
-.00402344
-.00389062
-.00389062
-.00385156
-.00386719
-.00367187
-.003625
-.00355469
-.00323437
-.00296094
-.0026875
-.00274219
-.00275
-.00251562
-.00202344
-.00209375
-.00186719
-.00152344
-.001375
-.00119531
-.00115625
-.00102344
-.000875
-.000703125
-.000390625
-.0003125
9.375e-05
.000164063
.000296875
.000484375
.000546875
.0005625
.00078125
.000992187
.00117969
.00114062
.00128906
.00146875
.00161719
.00152344
.00150781
.00155469
.0016875
.00178125
.00186719
.00175781
.00178906
.00185937
.00167187
.0018125
.001875
.001875
.00183594
.00155469
.00161719
.00158594
.00148437
.00159375
.00135156
.001375
.00125781
.00114844
.00125781
.00111719
.000976562
.000734375
.00075
.000671875
.00065625
.000570313
.000359375
.000375
8.59375e-05
4.6875e-05
-7.8125e-05
.000132813
7.8125e-05
-.000125
-.000234375
-.000382812
-.000671875
-.00059375
-.000632812
-.000507812
-.000820312
-.000882812
-.000867187
-.000820312
-.00078125
-.000875
-.000851562
-.00111719
-.000960937
-.00101562
-.000890625
-.000921875
-.00110156
-.00103906
-.00103906
-.001125
-.00101562
-.0008125
-.000796875
-.000882812
-.000867187
-.00090625
-.000867187
-.000578125
-.000625
-.000601562
-.000476562
-.000554687
-.00034375
-.000320312
-.00028125
-4.6875e-05
6.25e-05
8.59375e-05
6.25e-05
.000414063
.00040625
.000492188
.000445313
.000648438
.000578125
.000710938
.000835938
.000859375
.00105469
.000953125
.00100781
.00110156
.00110937
.00134375
.00120312
.00136719
.00128906
.00149219
.00142969
.00146875
.00161719
.00159375
.00145312
.00149219
.00153906
.00157812
.0015625
.00147656
.00146875
.00130469
.00136719
.00126562
.00144531
.00135156
.00125781
.00145312
.00127344
.00125781
.00120312
.00124219
.00125
.00108594
.00107031
.00104687
.000976562
.00104687
.00075
.000726563
.000671875
.000789063
.000851563
.000601563
.0005625
.000421875
.000375
.000210938
.00034375
.000289063
.000507813
.0004375
.000265625
.000148438
.000101563
3.90625e-05
.00015625
-3.125e-05
-7.03125e-05
4.6875e-05
-2.34375e-05
-2.34375e-05
2.34375e-05
-.000109375
-.000257812
-.000367187
-.000367187
-.000226562
-.000148437
2.23517e-11
-.000148437
-.00015625
-.000320312
-.00025
-.000234375
-7.03125e-05
-7.81248e-06
-.000125
-1.5625e-05
-.000132812
-.000140625
-1.5625e-05
-.000148437
7.03125e-05
-1.5625e-05
-9.375e-05
-7.03125e-05
-9.375e-05
3.90625e-05
.000101563
5.46875e-05
.000273438
.000140625
.000304688
.000304688
.000226563
.000234375
8.59375e-05
.000101563
.000398438
.000390625
.00046875
.000429688
.000570313
.000515625
.000515625
.00053125
.000367188
.000359375
.000421875
.000476563
.000492188
.000421875
.000304688
.000304688
.000234375
.00028125
.000476563
.0005
.000570313
.00065625
.000640625
.000523438
.000460938
.000359375
.000367188
.00028125
.00025
.000414063
.000429688
.000335938
.000171875
.00025
.000234375
.00028125
.00034375
.000382813
.000382813
.000515625
.000445313
.000226563
5.46875e-05
6.25e-05
.000242188
.000414063
.000320313
.000234375
.000265625
.000460938
.000421875
.00040625
.000328125
.000390625
.000398438
.000375
.000320313
.00021875
.000117188
.000257813
.000375
.000460938
.000476563
.000460938
.00046875
.000640625
.00071875
.000757813
.000664063
.0005625
.000507813
.000546875
.000609375
.000585938
.00065625
.00075
.00075
.000765625
.000914062
.00102344
.000859375
.0009375
.000984375
.000992187
.000882813
.000984375
.000898437
.000953125
.000976562
.0010625
.00110937
.00103906
.00110156
.00100781
.0009375
.000992187
.00110156
.00121094
.00119531
.001125
.00114062
.0010625
.000945312
.00104687
.00110156
.00104687
.00103906
.000992187
.00107031
.00135156
.00116406
.0011875
.000914062
.000890625
.00109375
.00114062
.000828125
.000726563
.000765625
.000679688
.000757813
.000820313
.000695313
.000671875
.000648438
.000835938
.000796875
.000664063
.000664063
.000710938
.00059375
.000609375
.000414063
.00034375
.000265625
.000242188
.000234375
.000367188
.000320313
.000335938
.000328125
.000273438
.000351563
.000273438
.000101563
2.23517e-11
-1.5625e-05
-.000125
6.25e-05
5.46875e-05
2.23517e-11
-.0001875
2.23517e-11
-8.59375e-05
9.375e-05
5.46875e-05
.000148438
.000289063
.000203125
2.23517e-11
-5.46875e-05
-.00025
-.00021875
-4.6875e-05
-.000132812
-7.8125e-05
-.000125
-3.125e-05
7.03125e-05
.000210938
.000117188
.000242188
.000109375
1.5625e-05
-2.34375e-05
2.34375e-05
-3.90625e-05
-6.25e-05
2.23517e-11
1.5625e-05
5.46875e-05
7.8125e-05
.0003125
.000242188
.000132813
.00015625
.000242188
.000382813
.00028125
.000226563
5.46875e-05
7.8125e-05
-3.90625e-05
4.6875e-05
.000132813
.00028125
.000398438
.000296875
.000359375
.000476563
.0005
.000367188
.000140625
.000164063
5.46875e-05
.000125
.00021875
.000328125
.000320313
.000132813
.0001875
.000234375
.0001875
.000289063
.000203125
.000289063
7.8125e-05
.000257813
.000203125
.000320313
.000117188
-7.03125e-05
-.000101562
4.6875e-05
.00015625
.000117188
.000398438
.000289063
.000140625
.000109375
5.46875e-05
-3.90625e-05
.000101563
2.34375e-05
-3.125e-05
-.000117187
-4.6875e-05
7.03125e-05
5.46875e-05
-2.34375e-05
1.5625e-05
7.8125e-05
1.5625e-05
9.375e-05
.000234375
-3.125e-05
.000132813
6.25e-05
-.000140625
-8.59375e-05
-7.81248e-06
2.23517e-11
-5.46875e-05
-7.81248e-06
5.46875e-05
3.125e-05
3.90625e-05
7.03125e-05
.000195313
.000203125
.00021875
.000179688
7.8125e-05
6.25e-05
-1.5625e-05
-1.5625e-05
3.90625e-05
.000164063
.00015625
.00025
.000296875
.00028125
.000242188
.000304688
.000328125
.000351563
.000234375
.00028125
.000390625
.000320313
.000328125
.000273438
.000234375
.000359375
.000460938
.000414063
.000507813
.00046875
.000359375
.000515625
.000382813
.000546875
.00046875
.00053125
.000578125
.00046875
.000351563
.000414063
.000335938
.000359375
.000523438
.000578125
.000546875
.000578125
.000679688
.000515625
.000390625
.0003125
.000234375
.000242188
.000265625
.000421875
.000539063
.000601563
.000414063
.000414063
.000570313
.000390625
.000265625
.000171875
.00028125
.000125
.0003125
.000132813
-1.5625e-05
-4.6875e-05
-2.34375e-05
5.46875e-05
.000148438
.000304688
.000351563
.0003125
.000234375
.0001875
7.8125e-05
2.23517e-11
-9.375e-05
-.000164062
3.125e-05
-5.46875e-05
-3.90625e-05
-3.125e-05
-5.46875e-05
-.00015625
-.000148437
3.125e-05
7.81252e-06
-7.03125e-05
3.90625e-05
-3.125e-05
2.23517e-11
-.000164062
-.000226562
-.000117187
-.000125
-.000164062
-6.25e-05
1.5625e-05
-9.375e-05
2.23517e-11
-7.81248e-06
2.34375e-05
7.03125e-05
-7.81248e-06
.00015625
-.000140625
-.000273437
-.000117187
-.000179687
-.000203125
4.6875e-05
-7.03125e-05
.000117188
3.90625e-05
.000210938
.000132813
.000179688
.000171875
.000273438
.000367188
.00034375
.000257813
.000140625
8.59375e-05
.0001875
7.03125e-05
.000140625
.00015625
.000296875
.000320313
.000367188
.000523438
.000601563
.000429688
.000421875
.000476563
.000445313
.000453125
.000460938
.000476563
.000523438
.000398438
.0004375
.000523438
.000492188
.00053125
.00059375
.000578125
.000742188
.000710938
.000625
.00065625
.00046875
.000515625
.000640625
.000601563
.000585938
.000664063
.000554688
.000679688
.0008125
.00078125
.000679688
.000648438
.000632813
.000546875
.00059375
.000382813
.000484375
.000671875
.000726563
.000609375
.000601563
.00053125
.000625
.000726563
.000585938
.0005
.000617188
.000554688
.000671875
.000429688
.00040625
.000460938
.000304688
.000242188
.000273438
.000414063
.000570313
.000695313
.000601563
.000351563
.000460938
.000328125
.0003125
.000164063
.000195313
.0004375
.000429688
.000429688
.000367188
.000101563
.000351563
.00028125
.00025
.000179688
.000367188
.000460938
.00053125
.000414063
.000484375
.000148438
.000171875
.000234375
.0003125
.000335938
.00025
.00028125
.000382813
.000375
.000414063
.000320313
.000265625
.000351563
.0003125
.000304688
.0001875
.000304688
.000414063
.00040625
.00040625
.00034375
.000429688
.000453125
.000382813
.000375
.000257813
.0004375
.000257813
.000476563
.000414063
.0004375
.000367188
.000390625
.000179688
.000335938
.000460938
.000492188
.000515625
.000625
.00071875
.000625
.000523438
.0004375
.000226563
.00028125
.000460938
.000523438
.000445313
.000632813
.00059375
.000523438
.000507813
.000523438
.000515625
.000421875
.000625
.000546875
.000664063
.00071875
.000578125
.000492188
.000453125
.00059375
.0004375
.000523438
.000523438
.000609375
.000765625
.000742188
.000726563
.000664063
.000648438
.00075
.000726563
.000648438
.000421875
.00046875
.000640625
.00078125
.000796875
.000601563
.0005625
.000539063
.0005625
.000742188
.0005
.0005625
.000539063
.000671875
.000820313
.000414063
.000546875
.000554688
.000445313
.00046875
.000578125
.000570313
.000679688
.000742188
.00078125
.000585938
.000507813
.000554688
.0005
.0005
.000617188
.0004375
.0005
.000445313
.000523438
.000484375
.000476563
.000414063
.00053125
.000414063
.000367188
.000546875
.000539063
.000554688
.000296875
.000226563
.000421875
.000421875
.000398438
.000398438
.000382813
.000296875
.000390625
.000390625
.000484375
.0004375
.0003125
.000257813
9.375e-05
.000125
.000132813
7.81252e-06
3.90625e-05
.00021875
3.125e-05
.000414063
.000492188
.0003125
4.6875e-05
.000195313
-2.34375e-05
-1.5625e-05
.000296875
.000117188
.00028125
.000117188
2.34375e-05
-3.90625e-05
4.6875e-05
7.03125e-05
.000148438
.000148438
2.23517e-11
7.8125e-05
.000117188
.000117188
6.25e-05
3.125e-05
-2.34375e-05
2.23517e-11
.00015625
7.03125e-05
1.5625e-05
-2.34375e-05
6.25e-05
-3.125e-05
7.81252e-06
-4.6875e-05
.000132813
5.46875e-05
-3.125e-05
-4.6875e-05
-5.46875e-05
-9.375e-05
-.0001875
6.25e-05
6.25e-05
2.23517e-11
.000101563
.000101563
.00015625
-6.25e-05
-3.90625e-05
-2.34375e-05
8.59375e-05
.000171875
6.25e-05
.000117188
-8.59375e-05
-.000132812
-7.81248e-06
2.23517e-11
3.90625e-05
.00021875
.000101563
.000265625
.000125
-3.90625e-05
7.8125e-05
-8.59375e-05
3.125e-05
2.34375e-05
3.90625e-05
8.59375e-05
.000265625
.00034375
.000125
.000125
.000117188
4.6875e-05
7.03125e-05
5.46875e-05
5.46875e-05
.00015625
.000273438
7.8125e-05
.000164063
.00021875
.000226563
.000390625
.000234375
.000398438
.000320313
.000273438
.000382813
.0004375
.000304688
.000351563
.000289063
.000210938
.0003125
.000164063
.000304688
.000398438
.00028125
.000453125
.000546875
.000515625
.000546875
.00046875
.00053125
.000429688
.000398438
.000304688
.000507813
.000476563
.000523438
.000585938
.000601563
.000390625
.000460938
.0005625
.000695313
.000742188
.0005
.0005
.000429688
.0004375
.000679688
.0004375
.00059375
.000421875
.000585938
.0008125
.000710938
.000640625
.00071875
.000710938
.00065625
.000375
.000421875
.000523438
.000523438
.000734375
.000742188
.0005
.000421875
.00059375
.000617188
.00053125
.000484375
.000335938
.000476563
.0005
.00053125
.00059375
.000671875
.000414063
.0004375
.000476563
.000445313
.000601563
.000625
.000640625
.00046875
.00034375
.000398438
.00040625
.000328125
.000296875
.000335938
.000328125
.000320313
.0005625
.000460938
.000429688
.000359375
.000390625
.000273438
.000289063
9.375e-05
.00034375
.000476563
.000421875
.000304688
.000210938
2.23517e-11
.000257813
7.8125e-05
.000140625
3.125e-05
.000117188
.000171875
.000296875
.000421875
6.25e-05
7.81252e-06
-7.81248e-06
3.125e-05
7.81252e-06
.000101563
3.90625e-05
.000101563
7.03125e-05
.000351563
.000195313
.000132813
.000195313
.000148438
5.46875e-05
6.25e-05
.0003125
.000320313
.000351563
.000273438
-2.34375e-05
-4.6875e-05
-3.90625e-05
2.23517e-11
-7.81248e-06
3.125e-05
6.25e-05
.000148438
.000148438
.000179688
.000242188
.000265625
.000242188
.000234375
.000140625
.000164063
.000148438
.000148438
.00025
.000351563
.000140625
.000179688
.000140625
.000390625
.000328125
.000109375
.00015625
.000304688
.000382813
.000289063
.000382813
.000234375
.000257813
.000242188
.000179688
.000304688
.00040625
.000359375
.000382813
.000390625
.000328125
.000335938
.000375
.000398438
.000320313
.00025
.000351563
.000390625
.000398438
.000289063
.0005
.00028125
.000242188
.000273438
.0004375
.000554688
.00046875
.000546875
.000390625
.000382813
.000414063
.000375
.000320313
.000257813
.000273438
.000414063
.000398438
.000453125
.000546875
.000429688
.000414063
.000484375
.000390625
.00034375
.00025
.00028125
.000335938
.000390625
.000453125
.000320313
.000414063
.00053125
.0004375
.000335938
.000367188
.000414063
.000429688
.0005
.000375
.00034375
.000320313
.000226563
.000289063
.00034375
.000289063
.000484375
.000460938
.000523438
.000671875
.000414063
.000359375
.000273438
.00025
.000234375
.000320313
.000304688
.00025
.000226563
.000195313
.000320313
.000289063
.000492188
.000460938
.000523438
.000648438
.000476563
.000398438
.000273438
.0004375
.000257813
.0003125
.000453125
.000359375
.0003125
.000367188
.000492188
.000453125
.000414063
.000375
.000492188
.000390625
.000492188
.00046875
.000257813
.000257813
.000234375
.000328125
.000460938
.000335938
.000375
.00040625
.000398438
.000484375
.0004375
.000328125
.00025
.000453125
.000414063
.000390625
.0004375
.000375
.00034375
.000367188
.000351563
.000375
.000382813
.000507813
.00065625
.000617188
.000390625
.000382813
.000257813
.000257813
.0003125
.000265625
.000304688
.00028125
.000304688
.000421875
.000445313
.0004375
.000367188
.000320313
.000289063
.000351563
.000304688
.00034375
.000117188
.000351563
.000460938
.000390625
.000375
.000359375
.0003125
.0004375
.000242188
.00040625
.000429688
.000453125
.000523438
.00053125
.0005625
.000164063
.00028125
.000195313
.000273438
.000265625
.000304688
.000398438
.000257813
.000460938
.000539063
.000507813
.000515625
.000453125
.000335938
.000429688
.000242188
.000320313
.000367188
.000257813
.000289063
.000328125
.000492188
.00034375
.000585938
.0005
.0003125
.00025
.000171875
.000414063
.0003125
.000421875
.00025
.000234375
.000132813
.0001875
.000296875
.000585938
.000640625
.00059375
.000421875
.000359375
.000484375
.000375
.00034375
.000226563
-7.81248e-06
1.5625e-05
.0003125
.000390625
.000375
.000289063
.00025
.00021875
.000375
.000390625
.000539063
.000507813
.00040625
.00034375
.000390625
.000273438
.000171875
.000234375
.00025
.00015625
.000296875
.00040625
.000195313
.00046875
.000476563
.000414063
.000296875
.000132813
.000304688
.000335938
.000359375
.0004375
.000148438
.000289063
.000226563
.000296875
.0003125
.000242188
.000242188
.000421875
.000390625
.000460938
.000335938
.000257813
.000195313
.000304688
.000179688
.000132813
.000148438
.000289063
.000257813
.000414063
.000585938
.00059375
.000453125
.000335938
.00034375
.000335938
.000257813
.000132813
.000265625
.000257813
.000382813
.000335938
.000359375
.00021875
.00046875
.000414063
.000398438
.000546875
.000453125
.000421875
.0005
.000539063
.000414063
.0003125
.000171875
.000265625
.000320313
.000304688
.000453125
.000414063
.000429688
.000484375
.000445313
.000460938
.000460938
.000359375
.0005625
.0004375
.000335938
.00040625
.000289063
.0003125
.000203125
.000289063
.00025
.000414063
.000421875
.000453125
.00034375
.000523438
.000367188
.000289063
.000242188
.000125
.000273438
.00034375
.00034375
.0003125
.00028125
.000351563
.000320313
.000375
.000351563
.000539063
.000515625
.000476563
.000226563
.000304688
.00025
.000117188
.000148438
.000148438
.000148438
.00025
.000257813
.000390625
.0003125
.000460938
.000359375
.000304688
.000226563
.000304688
.00028125
.000382813
.00015625
2.23517e-11
.000148438
.000140625
.000507813
.000398438
.000515625
.000367188
.000328125
.000382813
.0001875
.000359375
.000320313
.00025
.000273438
.000351563
.000242188
.000226563
.000265625
.000242188
.000289063
.000132813
.000273438
.000382813
.000367188
.000492188
.000453125
.000335938
.000382813
.000234375
.000164063
.000195313
.000335938
.000414063
.000273438
.000367188
.000179688
.00034375
.000203125
.000382813
.000460938
.000351563
.000328125
.000328125
.000289063
.000195313
7.03125e-05
.000234375
.000289063
.000367188
.0005
.000476563
.000546875
.00025
.000445313
.000390625
.000335938
.000359375
.000398438
.000523438
.000226563
.0001875
.000101563
.000296875
.000210938
.000242188
.000453125
.000546875
.000585938
.00053125
.0004375
.00046875
.00034375
.000296875
.00028125
.000445313
.00034375
.000335938
.00040625
.000414063
.000445313
.0003125
.000351563
.0005
.000375
.000453125
.000351563
.000320313
.00028125
.00025
.00025
.0001875
.000171875
.0001875
.000304688
.000445313
.000570313
.000546875
.0003125
.00040625
.000328125
.000296875
.000328125
.000234375
.000289063
.000289063
.000390625
.000359375
.000390625
.0004375
.000320313
.000328125
.000296875
.000375
.00040625
.000296875
.000351563
.000390625
.000382813
.000429688
.0004375
.00034375
.000226563
.000328125
.00034375
.000335938
.000421875
.000398438
.000367188
.000359375
.000140625
.00015625
.000203125
.000492188
.000445313
.000304688
.000273438
.000351563
.00040625
.000375
.00028125
.000203125
.00021875
.000429688
.000359375
.000414063
.00059375
.0005
.000484375
.000226563
.000210938
.000367188
.000179688
.000320313
.000414063
.000390625
.000398438
.000492188
.000523438
.000421875
.0003125
.00021875
.000234375
.00021875
.000375
.000390625
.000453125
.000578125
.000421875
.000320313
.000179688
.000234375
.000320313
.000382813
.000429688
.000484375
.000476563
.000382813
.000375
.00021875
.000125
.000265625
.0001875
.000421875
.000484375
.000375
.000523438
.000351563
.000429688
.000304688
.000234375
.000414063
.000429688
.000375
.000390625
.0003125
.000398438
.000304688
.0003125
.000242188
.000320313
.00025
.000265625
.000273438
.000421875
.000414063
.000304688
.00053125
.000398438
.000554688
.000476563
.000359375
.000375
.000335938
.000242188
.000328125
.000234375
.000195313
.000296875
.000359375
.000382813
.00046875
.000492188
.000523438
.000476563
.000367188
.000476563
.00059375
.00034375
.0003125
.000273438
.000351563
.000265625
.00040625
.000398438
.000421875
.000429688
.000476563
.000492188
.000507813
.000351563
.000289063
.000257813
.000320313
.000273438
.000367188
.00025
.000375
.000296875
.000273438
.00046875
.000601563
.000328125
.000421875
.000351563
.000476563
.000476563
.000375
.000289063
.000289063
.000132813
.00028125
.000171875
.000367188
.000539063
.000390625
.000273438
.000234375
.00034375
.000265625
.000320313
.00040625
.000351563
.000445313
.000367188
.000375
.0003125
.00028125
.000335938
.000265625
.000351563
