2500
2.e-09
250
.0655518
-.000195313
-5.46876e-05
4.68749e-05
1.56249e-05
7.81249e-05
.00021875
3.12499e-05
-1.19209e-10
-8.59376e-05
-.000101563
-2.34376e-05
-.000117188
3.90624e-05
.000148437
.000265625
.000289062
5.46874e-05
-.000101563
-3.12501e-05
7.81249e-05
-7.03126e-05
-9.37501e-05
7.81249e-05
.000179687
.000195312
1.56249e-05
-.000203125
-.000195313
-.000148438
-7.81262e-06
-5.46876e-05
-7.81262e-06
-.000140625
-1.19209e-10
-3.90626e-05
7.03124e-05
5.46874e-05
-2.34376e-05
-7.03126e-05
-1.19209e-10
-3.90626e-05
-7.81251e-05
-1.56251e-05
.000125
4.68749e-05
.000132812
2.34374e-05
8.59374e-05
.000101562
.000109375
8.59374e-05
-7.81251e-05
-5.46876e-05
-4.68751e-05
2.34374e-05
-3.12501e-05
.000179687
-2.34376e-05
-1.56251e-05
.000140625
7.81249e-05
-8.59376e-05
3.90624e-05
6.24999e-05
-3.12501e-05
.000132812
.000304687
3.90624e-05
-7.03126e-05
-.000164063
3.12499e-05
.000117187
-.000171875
6.24999e-05
.000273437
.000125
.000164062
-7.81251e-05
-1.56251e-05
1.56249e-05
-7.81262e-06
6.24999e-05
.0001875
-7.03126e-05
.000101562
-7.81262e-06
3.12499e-05
-7.81262e-06
-1.19209e-10
.000140625
3.90624e-05
4.68749e-05
5.46874e-05
3.12499e-05
2.34374e-05
7.03124e-05
7.81238e-06
-4.68751e-05
7.03124e-05
.000210937
.00015625
-7.81262e-06
.000140625
.000125
.0001875
7.03124e-05
.000195312
7.81238e-06
7.81249e-05
7.03124e-05
6.24999e-05
-7.03126e-05
-4.68751e-05
4.68749e-05
7.03124e-05
.000242187
.0001875
.000117187
.000296875
7.81249e-05
.000179687
7.81249e-05
1.56249e-05
-.000109375
-7.81262e-06
8.59374e-05
-7.81262e-06
5.46874e-05
6.24999e-05
.000171875
7.03124e-05
1.56249e-05
-7.81262e-06
-1.19209e-10
5.46874e-05
5.46874e-05
.000101562
4.68749e-05
.000140625
3.12499e-05
-3.90626e-05
.0001875
.000117187
.000125
-3.90626e-05
-.000101563
-.000171875
1.56249e-05
.000132812
6.24999e-05
3.90624e-05
.000195312
-.000101563
9.37499e-05
6.24999e-05
6.24999e-05
1.56249e-05
-3.90626e-05
.000164062
-7.81262e-06
-9.37501e-05
-.000140625
-1.56251e-05
8.59374e-05
4.68749e-05
.000125
1.56249e-05
.000132812
4.68749e-05
3.90624e-05
-1.19209e-10
-9.37501e-05
.000179687
-7.03126e-05
-.0001875
3.12499e-05
3.12499e-05
-1.56251e-05
.000117187
-7.81262e-06
7.81238e-06
-3.12501e-05
-3.12501e-05
-3.12501e-05
-7.03126e-05
-.0001875
-.000101563
-9.37501e-05
-7.81262e-06
-.000101563
3.90624e-05
-3.90626e-05
-2.34376e-05
3.12499e-05
-6.25001e-05
-.000101563
-.000117188
.000140625
.000140625
.000296875
4.68749e-05
.000140625
3.90624e-05
-1.19209e-10
.000125
-3.12501e-05
.000226562
.000242187
.000226562
.000226562
-.000117188
-5.46876e-05
-.000195313
-.000109375
-.000125
-8.59376e-05
-3.12501e-05
.0001875
.000140625
.000164062
.000101562
-9.37501e-05
6.24999e-05
.0001875
.000101562
.000328125
.00028125
7.03124e-05
.000289062
.000164062
3.12499e-05
7.81238e-06
-9.37501e-05
7.81238e-06
.000265625
7.81249e-05
.000296875
3.12499e-05
.000101562
7.81249e-05
-4.68751e-05
-.00015625
-1.19209e-10
6.24999e-05
-3.12501e-05
.000234375
.000273437
.000320312
7.81238e-06
7.81238e-06
-.000171875
.00015625
7.81238e-06
-1.19209e-10
.000265625
.000171875
.000101562
9.37499e-05
.000171875
7.81249e-05
-7.03126e-05
.000132812
6.24999e-05
-6.25001e-05
-8.59376e-05
-.000148438
-7.03126e-05
7.81249e-05
-3.90626e-05
-1.19209e-10
-9.37501e-05
.000164062
.000132812
-5.46876e-05
7.03124e-05
-7.81262e-06
-3.12501e-05
.000132812
.000132812
.000148437
7.81238e-06
-6.25001e-05
3.90624e-05
-1.56251e-05
-2.34376e-05
.000210937
.000351562
.000242187
.000125
7.81238e-06
-.000132813
-3.12501e-05
-.0001875
-.000125
3.90624e-05
7.81249e-05
.000265625
-7.81262e-06
-6.25001e-05
-.000242188
-.000101563
-9.37501e-05
-3.90626e-05
2.34374e-05
.00025
.00034375
.000359375
8.59374e-05
-.000179688
-1.56251e-05
-.000117188
-7.81251e-05
1.56249e-05
7.81249e-05
.000164062
2.34374e-05
4.68749e-05
-.00015625
-7.81251e-05
-.000195313
-7.03126e-05
7.81238e-06
-1.19209e-10
8.59374e-05
-7.81251e-05
2.34374e-05
3.12499e-05
-4.68751e-05
-.000132813
7.81249e-05
.000203125
7.81249e-05
7.81238e-06
.000171875
.000257812
.000195312
8.59374e-05
.000164062
9.37499e-05
-1.56251e-05
1.56249e-05
-6.25001e-05
-5.46876e-05
7.81238e-06
-3.12501e-05
5.46874e-05
7.03124e-05
.000164062
-.000117188
3.90624e-05
7.03124e-05
-.000203125
-.000164063
.000117187
.000265625
.000132812
.000320312
4.68749e-05
-7.81251e-05
-1.19209e-10
-7.81251e-05
-5.46876e-05
.000164062
.000117187
.000265625
.000140625
6.24999e-05
-1.56251e-05
5.46874e-05
-.000117188
-1.19209e-10
.000117187
.000195312
.0003125
.000195312
.00025
-3.12501e-05
-3.12501e-05
-7.81262e-06
4.68749e-05
-.000164063
.000242187
.000351562
.000195312
.000117187
3.90624e-05
-7.81262e-06
.000101562
.000109375
7.81249e-05
.00028125
6.24999e-05
-.000140625
-1.19209e-10
7.81238e-06
.000125
2.34374e-05
6.24999e-05
7.81249e-05
3.12499e-05
-9.37501e-05
-5.46876e-05
-2.34376e-05
.000195312
.00015625
.000226562
.000273437
.000164062
-8.59376e-05
-.000101563
-4.68751e-05
-.0001875
3.90624e-05
-4.68751e-05
7.81249e-05
7.81249e-05
.000195312
5.46874e-05
-7.03126e-05
-.000140625
-6.25001e-05
-7.03126e-05
.000164062
.000234375
7.03124e-05
.000226562
-1.56251e-05
-2.34376e-05
-.000265625
-.000148438
-7.81262e-06
.000117187
.000296875
-6.25001e-05
1.56249e-05
-5.46876e-05
7.03124e-05
-.000171875
-1.19209e-10
.000117187
.000179687
8.59374e-05
-6.25001e-05
3.12499e-05
-.000234375
-3.90626e-05
-7.81251e-05
-.000226563
.000125
.00021875
.00015625
.000242187
-7.81262e-06
1.56249e-05
7.81238e-06
-7.03126e-05
-.000164063
5.46874e-05
.000148437
.000367187
-7.81262e-06
-2.34376e-05
-.000132813
-8.59376e-05
.000140625
2.34374e-05
.000164062
6.24999e-05
.000179687
-3.12501e-05
-7.03126e-05
-.000140625
-.00021875
-.0001875
5.46874e-05
.00028125
.0001875
3.12499e-05
.000203125
-8.59376e-05
-7.81251e-05
-.000164063
7.03124e-05
-1.56251e-05
.00021875
.000203125
.000164062
.00028125
5.46874e-05
-3.12501e-05
6.24999e-05
.000273437
.00028125
.000117187
.000109375
2.34374e-05
-2.34376e-05
-3.12501e-05
-7.03126e-05
4.68749e-05
5.46874e-05
7.03124e-05
-3.90626e-05
5.46874e-05
-3.90626e-05
3.90624e-05
9.37499e-05
.000289062
.000179687
3.12499e-05
.000195312
7.81249e-05
7.81249e-05
2.34374e-05
-9.37501e-05
-.000101563
4.68749e-05
.000101562
7.81238e-06
-1.19209e-10
-.000132813
-4.68751e-05
-3.12501e-05
-.000125
7.81249e-05
5.46874e-05
.000257812
.000296875
8.59374e-05
-1.19209e-10
-7.81251e-05
-.000125
-9.37501e-05
-.00015625
2.34374e-05
.00021875
.000140625
.000195312
.00021875
-6.25001e-05
-4.68751e-05
-.000109375
-1.56251e-05
-5.46876e-05
.000140625
3.90624e-05
4.68749e-05
.000132812
-7.81262e-06
-3.90626e-05
-.000109375
-7.81262e-06
7.81238e-06
.000125
1.56249e-05
.000148437
.00034375
.0001875
.000148437
4.68749e-05
-.000132813
-7.03126e-05
-5.46876e-05
-.00015625
-7.03126e-05
1.56249e-05
8.59374e-05
.000257812
.000132812
7.81249e-05
.000117187
-3.90626e-05
-9.37501e-05
-.00015625
-6.25001e-05
-3.12501e-05
.000273437
.000257812
.000179687
1.56249e-05
-.000203125
-.000226563
-.000109375
-3.12501e-05
8.59374e-05
.000132812
.000132812
.000117187
-1.56251e-05
-.000101563
-.000242188
-.000132813
-.000171875
-.000125
.00015625
.000234375
.000195312
-7.81262e-06
-2.34376e-05
-7.03126e-05
-9.37501e-05
2.34374e-05
.000117187
.000320312
.000203125
.0003125
-1.19209e-10
-1.56251e-05
-.000390625
-.000109375
-1.56251e-05
.000132812
.000375
.000179687
.000132812
9.37499e-05
.000195312
-4.68751e-05
7.03124e-05
6.24999e-05
.000203125
.000125
-3.12501e-05
-9.37501e-05
-9.37501e-05
-7.81262e-06
-3.12501e-05
5.46874e-05
.000265625
.000289062
.0001875
.000140625
3.12499e-05
-.000117188
-5.46876e-05
.00015625
.000210937
.000148437
6.24999e-05
-5.46876e-05
-7.03126e-05
-.000164063
-7.81251e-05
.000179687
.000117187
.000109375
.000460937
.000242187
-2.34376e-05
-7.81262e-06
-.000125
-.000148438
-1.56251e-05
-2.34376e-05
.00028125
.00025
9.37499e-05
8.59374e-05
-7.81262e-06
-7.03126e-05
-2.34376e-05
.000109375
.000234375
.000265625
.00015625
.000320312
-6.25001e-05
-.000125
-.000132813
-.000171875
7.03124e-05
.000304687
.000101562
9.37499e-05
3.90624e-05
.000171875
-.00015625
-.000132813
-7.03126e-05
-6.25001e-05
.000140625
.000109375
-1.19209e-10
-7.03126e-05
-8.59376e-05
-5.46876e-05
.000171875
-7.81262e-06
-3.12501e-05
4.68749e-05
6.24999e-05
8.59374e-05
3.90624e-05
-.000117188
-1.56251e-05
.000109375
-3.12501e-05
-6.25001e-05
8.59374e-05
4.68749e-05
-3.12501e-05
-3.12501e-05
-8.59376e-05
-.000210938
-7.81262e-06
-1.19209e-10
.00015625
.000296875
-7.03126e-05
-8.59376e-05
2.34374e-05
-7.81251e-05
-.000140625
7.81249e-05
.000179687
.00015625
.000171875
.00028125
.000179687
.000171875
-7.81262e-06
-8.59376e-05
.00015625
.0001875
.000234375
-.00021875
-4.68751e-05
-1.19209e-10
7.03124e-05
-7.03126e-05
-2.34376e-05
9.37499e-05
-7.81262e-06
-4.68751e-05
7.03124e-05
3.12499e-05
7.03124e-05
7.03124e-05
.000132812
4.68749e-05
.000148437
.0001875
-4.68751e-05
3.90624e-05
-5.46876e-05
-6.25001e-05
8.59374e-05
.000179687
.000164062
-5.46876e-05
.000117187
.00015625
-.000117188
7.81238e-06
3.90624e-05
-1.56251e-05
.000140625
.000101562
.000109375
7.81238e-06
-2.34376e-05
4.68749e-05
-7.81262e-06
.000101562
1.56249e-05
.000289062
.000234375
.00015625
-9.37501e-05
-2.34376e-05
7.81249e-05
-.000109375
-8.59376e-05
3.12499e-05
-2.34376e-05
.000140625
.000117187
.000171875
-4.68751e-05
-3.90626e-05
.000125
5.46874e-05
.000203125
.000265625
.0001875
-1.19209e-10
-7.81251e-05
3.12499e-05
.000132812
1.56249e-05
.000210937
-7.03126e-05
.000195312
.00025
.000257812
.000171875
3.90624e-05
-9.37501e-05
7.81249e-05
.000109375
1.56249e-05
-.000148438
1.56249e-05
-7.81262e-06
-4.68751e-05
-.000109375
3.90624e-05
7.03124e-05
.000179687
.000164062
8.59374e-05
-7.81262e-06
-3.90626e-05
-.000125
2.34374e-05
-1.56251e-05
.00015625
-3.90626e-05
-.000101563
5.46874e-05
-5.46876e-05
-.000101563
4.68749e-05
7.81249e-05
.000242187
.000296875
.000234375
.00021875
-4.68751e-05
-6.25001e-05
-.000335938
-.000132813
-9.37501e-05
7.81249e-05
.000132812
.000226562
.000179687
3.12499e-05
-3.12501e-05
2.34374e-05
-.000125
-7.81262e-06
.000195312
.000234375
.000226562
7.81238e-06
-.000109375
-8.59376e-05
-8.59376e-05
6.24999e-05
.000171875
.000242187
8.59374e-05
6.24999e-05
.000195312
3.90624e-05
-7.81262e-06
-8.59376e-05
.000210937
.000140625
6.24999e-05
-7.81251e-05
.000132812
-.00015625
-2.34376e-05
-.000117188
2.34374e-05
.000351562
.000320312
2.34374e-05
.000148437
-8.59376e-05
-.00015625
-2.34376e-05
-9.37501e-05
.000101562
.000171875
.000265625
.000179687
2.34374e-05
-.000148438
-.000132813
-.0001875
-4.68751e-05
.000109375
.000265625
.000289062
.000140625
.000101562
-.000117188
-.000179688
-7.81262e-06
-.000140625
-2.34376e-05
.000234375
.0003125
.00025
.000117187
-7.81251e-05
-.000140625
-7.81251e-05
.000109375
.00028125
.000257812
.000101562
3.90624e-05
.000125
-.00025
-.00025
-.000234375
9.37499e-05
.000171875
.000359375
.000242187
.000179687
7.03124e-05
.000117187
-9.37501e-05
1.56249e-05
-7.81262e-06
.000234375
.000125
-4.68751e-05
-7.81262e-06
-.000140625
-3.12501e-05
-1.19209e-10
-1.19209e-10
7.03124e-05
.000140625
.00021875
.000148437
-9.37501e-05
-1.19209e-10
-6.25001e-05
-.000101563
-2.34376e-05
5.46874e-05
3.90624e-05
.000265625
-7.81262e-06
-.000179688
-1.19209e-10
-5.46876e-05
.00015625
-4.68751e-05
9.37499e-05
.000179687
.000234375
-4.68751e-05
7.81238e-06
-.000132813
5.46874e-05
.000195312
.0003125
.000226562
.000117187
-8.59376e-05
7.81249e-05
-6.25001e-05
-.000148438
-5.46876e-05
4.68749e-05
.000335937
7.81249e-05
-1.19209e-10
-.000132813
-6.25001e-05
-.000109375
-.000109375
.000117187
.000101562
8.59374e-05
-9.37501e-05
.000164062
8.59374e-05
3.12499e-05
3.12499e-05
2.34374e-05
.000148437
2.34374e-05
.000132812
.00025
4.68749e-05
-.0001875
.0001875
-3.90626e-05
-1.19209e-10
.000125
5.46874e-05
-4.68751e-05
-.00015625
-.000101563
-6.25001e-05
-.000148438
-.000101563
.000140625
-5.46876e-05
4.68749e-05
.000125
9.37499e-05
5.46874e-05
-7.81262e-06
.00028125
.000382812
9.37499e-05
.00034375
-1.19209e-10
.000132812
-.0001875
-.000171875
3.12499e-05
7.81238e-06
.000148437
.000179687
.000140625
.000125
-6.25001e-05
-8.59376e-05
-.000101563
-7.81251e-05
.000109375
.000171875
1.56249e-05
7.81238e-06
6.24999e-05
-1.19209e-10
-5.46876e-05
8.59374e-05
-.000117188
.00015625
.000164062
.000203125
-7.81262e-06
1.56249e-05
1.56249e-05
.00025
.00015625
-5.46876e-05
.00015625
.000117187
6.24999e-05
7.81249e-05
.000195312
.000117187
3.12499e-05
.000101562
.000101562
8.59374e-05
-1.19209e-10
2.34374e-05
-7.81262e-06
-7.03126e-05
7.81249e-05
7.81249e-05
.00021875
.000335937
.00021875
-7.81251e-05
-3.12501e-05
-.00021875
2.34374e-05
.000109375
3.12499e-05
.000328125
.00025
.000273437
.00015625
.000101562
-.000101563
-4.68751e-05
7.81238e-06
.000210937
1.56249e-05
.00021875
.000109375
7.81249e-05
-.00015625
-5.46876e-05
-.000265625
3.90624e-05
.0001875
.000265625
.000203125
3.90624e-05
.000101562
9.37499e-05
-3.90626e-05
.000101562
.000109375
.000210937
6.24999e-05
-1.56251e-05
9.37499e-05
.000117187
2.34374e-05
7.03124e-05
-1.19209e-10
7.03124e-05
5.46874e-05
.0001875
-3.90626e-05
-.000101563
-.000203125
-1.19209e-10
1.56249e-05
-1.56251e-05
-7.81262e-06
-.000148438
-1.56251e-05
.000101562
-.0001875
-.000242188
1.56249e-05
5.46874e-05
.000226562
7.81249e-05
2.34374e-05
-7.81262e-06
-.000117188
-.000125
-.000140625
-3.12501e-05
7.81238e-06
.000257812
.000265625
.0001875
1.56249e-05
-7.03126e-05
-.000164063
-.000335938
-.000117188
-5.46876e-05
.000179687
.000328125
-5.46876e-05
-6.25001e-05
-.000164063
-.000132813
-.000179688
-.000164063
.000203125
.000351562
.000109375
.000195312
-1.56251e-05
-7.03126e-05
-.00015625
.00015625
-9.37501e-05
.000117187
.00025
8.59374e-05
5.46874e-05
3.12499e-05
-.000125
1.56249e-05
-3.12501e-05
3.12499e-05
.000125
9.37499e-05
-5.46876e-05
-.000179688
-.000132813
-.000132813
-.000148438
-.000195313
.000226562
.000171875
9.37499e-05
.000171875
-3.90626e-05
-.0001875
-7.03126e-05
.000179687
.000242187
.000117187
.000203125
6.24999e-05
4.68749e-05
-1.56251e-05
-2.34376e-05
-.000101563
.000125
.000164062
.000265625
.000226562
-1.19209e-10
6.24999e-05
-6.25001e-05
-.000164063
-.000109375
-5.46876e-05
.000273437
.000226562
.000195312
-8.59376e-05
-.000203125
-.000171875
-.000171875
-.000109375
.000109375
.000390625
.000257812
.000242187
3.12499e-05
7.81249e-05
7.81249e-05
-3.12501e-05
8.59374e-05
.000164062
.000257812
.000289062
.000226562
6.24999e-05
-.000109375
-.000109375
-3.12501e-05
.000140625
.000242187
.000171875
.000148437
.00025
7.81249e-05
-3.90626e-05
2.34374e-05
-4.68751e-05
.000148437
.000210937
.000195312
.000195312
.000101562
-.000109375
5.46874e-05
.000117187
7.81249e-05
.000132812
.000125
-7.81262e-06
1.56249e-05
-.000117188
-.000109375
-.000132813
-3.90626e-05
2.34374e-05
.000117187
.000179687
-1.56251e-05
-3.90626e-05
-.00015625
3.12499e-05
-3.90626e-05
4.68749e-05
.000125
.000179687
.000203125
.000148437
1.56249e-05
4.68749e-05
-1.56251e-05
1.56249e-05
-3.12501e-05
.000132812
.000117187
.00015625
4.68749e-05
.000109375
-6.25001e-05
-1.56251e-05
-4.68751e-05
.000132812
.000101562
.000117187
.000125
-1.19209e-10
.000117187
.000140625
.00015625
7.03124e-05
.000140625
.000140625
7.03124e-05
-7.81262e-06
-7.81262e-06
-3.90626e-05
-7.81251e-05
.000234375
.000148437
.000164062
7.03124e-05
-.000171875
-.000210938
-.000140625
-7.03126e-05
.000296875
4.68749e-05
.000171875
.00021875
.000132812
-2.34376e-05
5.46874e-05
2.34374e-05
.000179687
.000234375
.000242187
.000234375
-1.19209e-10
-.000140625
-3.90626e-05
-.000148438
-.000117188
-.000171875
-7.03126e-05
-.000101563
.000203125
-1.19209e-10
-4.68751e-05
-7.81251e-05
-.000179688
3.12499e-05
7.03124e-05
.000203125
.000203125
.000234375
.0001875
-6.25001e-05
-7.81251e-05
.000109375
.000109375
-1.19209e-10
.000210937
.00021875
.000117187
.000101562
-2.34376e-05
2.34374e-05
-7.81262e-06
7.03124e-05
.000117187
.000132812
6.24999e-05
-1.19209e-10
-3.90626e-05
7.81238e-06
-3.90626e-05
-.000132813
.00025
.000148437
.000375
-6.25001e-05
.000203125
.00015625
.000101562
.000125
.000171875
.0001875
.0001875
.000210937
4.68749e-05
-1.19209e-10
-6.25001e-05
-5.46876e-05
-7.81262e-06
-7.03126e-05
.000195312
-5.46876e-05
-1.56251e-05
.000101562
-.0001875
-4.68751e-05
-6.25001e-05
.000109375
.000242187
.000148437
.000117187
-2.34376e-05
-7.81251e-05
-6.25001e-05
-7.03126e-05
-1.19209e-10
.000179687
.000289062
.000296875
.000304687
-3.90626e-05
4.68749e-05
-3.90626e-05
-.0001875
-.0001875
-7.81251e-05
.000117187
.000203125
-1.19209e-10
-.0001875
.000140625
-1.56251e-05
-1.56251e-05
-7.81251e-05
.00015625
.0003125
7.81238e-06
4.68749e-05
-5.46876e-05
7.81238e-06
.000132812
5.46874e-05
.000242187
.000171875
.000117187
.000109375
9.37499e-05
-3.12501e-05
-4.68751e-05
7.81249e-05
.000179687
6.24999e-05
7.03124e-05
-.000132813
-6.25001e-05
-.000164063
9.37499e-05
-6.25001e-05
.000109375
.000242187
.000226562
.000195312
.000171875
1.56249e-05
-8.59376e-05
-3.12501e-05
.000148437
.000148437
.00015625
.000320312
.000164062
7.81249e-05
9.37499e-05
3.12499e-05
-7.81262e-06
.000195312
.00028125
.0001875
.00021875
8.59374e-05
8.59374e-05
4.68749e-05
-1.56251e-05
-3.90626e-05
-.000179688
-1.19209e-10
.000257812
.000171875
4.68749e-05
.000101562
.000101562
6.24999e-05
.000117187
-2.34376e-05
.000195312
-1.19209e-10
.000101562
2.34374e-05
-3.12501e-05
2.34374e-05
2.34374e-05
1.56249e-05
7.03124e-05
.000148437
.00025
7.81238e-06
7.81249e-05
-3.90626e-05
-7.81262e-06
.000101562
.000242187
.0003125
.000257812
-.000132813
-9.37501e-05
-.000140625
-.0001875
-.000171875
.000132812
-2.34376e-05
.000132812
.000210937
-8.59376e-05
2.34374e-05
-.000132813
-5.46876e-05
.000101562
-7.81251e-05
-2.34376e-05
-7.03126e-05
.000109375
.000125
-1.56251e-05
7.81238e-06
-1.56251e-05
8.59374e-05
.000101562
.000101562
.000273437
.000125
-1.56251e-05
-2.34376e-05
4.68749e-05
7.81249e-05
1.56249e-05
9.37499e-05
.000132812
4.68749e-05
2.34374e-05
-3.12501e-05
-.000109375
9.37499e-05
.000101562
.000320312
.000179687
3.90624e-05
1.56249e-05
-.000109375
6.24999e-05
-1.19209e-10
2.34374e-05
.000226562
.00021875
.000289062
3.12499e-05
7.81238e-06
-.000132813
3.90624e-05
-3.90626e-05
7.81238e-06
5.46874e-05
.0001875
6.24999e-05
-.000109375
-3.90626e-05
-.00021875
-1.19209e-10
-8.59376e-05
.000210937
.000125
.000117187
.000234375
7.81249e-05
1.56249e-05
-.000125
-.0001875
-7.81262e-06
.000203125
9.37499e-05
.000125
.000265625
-4.68751e-05
-.000132813
-.000164063
-.000117188
7.03124e-05
.000210937
.000132812
.000148437
.000101562
-6.25001e-05
-.000109375
-.000195313
-1.56251e-05
.0001875
.000179687
.000296875
.000257812
7.81249e-05
7.03124e-05
7.03124e-05
-4.68751e-05
3.12499e-05
6.24999e-05
.000117187
.000195312
.000125
-4.68751e-05
-7.81262e-06
-.000117188
-3.90626e-05
.000164062
.000203125
.000132812
.000171875
-8.59376e-05
-.000125
-.000195313
-.0001875
9.37499e-05
.000375
.000203125
.00025
.000195312
5.46874e-05
-1.19209e-10
-.000125
-1.56251e-05
.000125
.000375
.000320312
.000171875
1.56249e-05
7.81249e-05
-.000273438
-.000164063
-.000101563
.000125
.0001875
.000328125
.00021875
.000265625
7.81238e-06
-.000125
.000109375
-6.25001e-05
.000179687
8.59374e-05
.000257812
3.90624e-05
1.56249e-05
.000109375
.000109375
6.24999e-05
-.000109375
.000101562
2.34374e-05
9.37499e-05
-7.81251e-05
.000265625
2.34374e-05
4.68749e-05
7.81238e-06
-7.81251e-05
.000179687
3.12499e-05
-.0001875
-.000101563
-.000109375
.000125
3.12499e-05
.000132812
.000117187
.000101562
4.68749e-05
-.000171875
-9.37501e-05
-.000140625
-6.25001e-05
4.68749e-05
.000164062
.000109375
7.03124e-05
-1.56251e-05
-5.46876e-05
-.000125
6.24999e-05
-7.81262e-06
.000148437
.000242187
-3.12501e-05
3.12499e-05
-7.81251e-05
-7.81251e-05
-.000148438
-.000234375
7.81238e-06
.000125
.000375
.000125
.000164062
-7.81262e-06
3.12499e-05
-2.34376e-05
.000109375
.000234375
.000117187
.000226562
.000390625
.000234375
-7.03126e-05
-.000242188
-.000117188
-1.19209e-10
.000148437
3.90624e-05
.00025
.0001875
1.56249e-05
3.90624e-05
-2.34376e-05
-1.19209e-10
.000101562
.000203125
.000125
.000367187
.000101562
.000234375
.000140625
.000195312
-3.12501e-05
.000171875
.000242187
.000351562
.000203125
-7.81262e-06
3.90624e-05
-1.19209e-10
-.000148438
.0001875
.000132812
.000171875
.000226562
2.34374e-05
-3.12501e-05
-.000117188
-.000171875
-4.68751e-05
.000132812
.000289062
.000265625
.00015625
7.03124e-05
1.56249e-05
-7.03126e-05
-.000109375
.000125
.000140625
.00040625
.000328125
.000289062
2.34374e-05
-6.25001e-05
-.00034375
-.000234375
-3.12501e-05
2.34374e-05
.00015625
.000203125
.000117187
.0001875
-.00015625
-.000117188
-3.90626e-05
3.12499e-05
.000125
.000265625
.000289062
-7.81262e-06
7.81238e-06
-1.19209e-10
9.37499e-05
7.81249e-05
-1.19209e-10
.000148437
.000257812
.000117187
.000117187
5.46874e-05
-4.68751e-05
.00015625
3.90624e-05
.000273437
-3.12501e-05
-3.90626e-05
-5.46876e-05
-5.46876e-05
-2.34376e-05
-.000125
7.03124e-05
7.03124e-05
.000117187
.0004375
.000226562
.000351562
.00025
.000125
3.12499e-05
.000242187
.00028125
.000296875
2.34374e-05
-1.19209e-10
7.03124e-05
.000101562
-.000265625
-3.12501e-05
-1.19209e-10
-3.12501e-05
.000203125
.000171875
-7.81262e-06
-3.12501e-05
-8.59376e-05
-7.03126e-05
-7.81262e-06
-3.90626e-05
7.81249e-05
.000109375
.00034375
.000257812
.000164062
3.12499e-05
7.03124e-05
.000148437
.000265625
.00025
3.90624e-05
.000125
.000125
.000140625
-1.19209e-10
2.34374e-05
-7.03126e-05
-.000140625
.000132812
7.03124e-05
7.81238e-06
5.46874e-05
.00015625
.000203125
.0001875
.000140625
.000289062
.000148437
3.12499e-05
-1.56251e-05
-1.19209e-10
9.37499e-05
-2.34376e-05
7.81249e-05
.00015625
7.81249e-05
2.34374e-05
.000132812
-7.81262e-06
-1.19209e-10
6.24999e-05
9.37499e-05
.000320312
.000203125
.000171875
.000273437
-5.46876e-05
-.000179688
-.000242188
-.000210938
.000101562
.00021875
.000289062
.000132812
-3.12501e-05
4.68749e-05
.000140625
-6.25001e-05
2.34374e-05
.000148437
.000289062
.000328125
.000101562
8.59374e-05
-4.68751e-05
-3.12501e-05
-6.25001e-05
.000226562
8.59374e-05
.00040625
.000132812
.000101562
5.46874e-05
-1.19209e-10
-3.12501e-05
3.90624e-05
-.000109375
-1.56251e-05
-5.46876e-05
-3.90626e-05
-.000109375
-.000226563
-2.34376e-05
-6.25001e-05
7.81249e-05
.000140625
.000140625
.00015625
.000148437
7.81249e-05
.000117187
.000101562
-1.19209e-10
.000179687
.00015625
2.34374e-05
3.12499e-05
-9.37501e-05
-4.68751e-05
3.12499e-05
-7.81262e-06
.000109375
.000273437
.000171875
.000226562
-7.03126e-05
-.000101563
1.56249e-05
1.56249e-05
.00021875
.00028125
.0003125
.000289062
.0001875
.00015625
-7.81251e-05
-.000164063
8.59374e-05
9.37499e-05
.000273437
.000210937
.000109375
.000117187
.000109375
-2.34376e-05
-1.56251e-05
1.56249e-05
.000234375
.000117187
.000171875
9.37499e-05
9.37499e-05
.000203125
.000164062
7.81249e-05
7.03124e-05
.000125
.000171875
.00028125
.00025
.000179687
-5.46876e-05
5.46874e-05
.000195312
.000195312
4.68749e-05
5.46874e-05
.000171875
-1.19209e-10
.000117187
.000117187
.000101562
.000203125
.000398437
.000132812
.000195312
-3.90626e-05
.00025
.000101562
3.90624e-05
.000171875
.000304687
.000140625
.00034375
.00015625
.000179687
-5.46876e-05
8.59374e-05
-4.68751e-05
1.56249e-05
.00021875
.000195312
.00034375
.000203125
4.68749e-05
5.46874e-05
2.34374e-05
.000148437
2.34374e-05
4.68749e-05
.000132812
.000132812
.000210937
.000195312
-5.46876e-05
-3.12501e-05
.000234375
.000203125
.000234375
.00034375
-1.56251e-05
.0001875
7.81249e-05
.000210937
7.03124e-05
-7.81262e-06
7.81238e-06
.000304687
1.56249e-05
-8.59376e-05
-7.03126e-05
9.37499e-05
8.59374e-05
3.90624e-05
.00015625
.000140625
5.46874e-05
-3.12501e-05
-7.81262e-06
-.000117188
.000109375
-6.25001e-05
6.24999e-05
7.81249e-05
.0001875
.000132812
6.24999e-05
-.000195313
-1.56251e-05
-7.03126e-05
.00015625
.000148437
-7.81251e-05
7.81249e-05
-5.46876e-05
-3.12501e-05
3.12499e-05
-.000117188
-2.34376e-05
.000125
.000257812
1.56249e-05
-4.68751e-05
-3.12501e-05
.000132812
-7.81251e-05
-4.68751e-05
-7.03126e-05
3.12499e-05
.000210937
.000132812
5.46874e-05
9.37499e-05
-.000164063
-7.81251e-05
.000132812
7.03124e-05
7.81249e-05
.0001875
.000265625
.000164062
-7.81251e-05
-3.90626e-05
.00021875
.000242187
5.46874e-05
.000132812
9.37499e-05
.000132812
-1.56251e-05
-.000109375
1.56249e-05
9.37499e-05
1.56249e-05
.00021875
.000164062
.00025
-.000148438
1.56249e-05
7.81249e-05
.000203125
-1.19209e-10
7.81249e-05
.000179687
.00025
.000132812
-5.46876e-05
-1.56251e-05
.000117187
.000242187
.000382812
.000203125
.000234375
.000109375
4.68749e-05
7.81238e-06
-.000125
4.68749e-05
-3.90626e-05
-1.56251e-05
.000296875
3.90624e-05
-2.34376e-05
-.000101563
7.81249e-05
-4.68751e-05
.00015625
.0001875
.00021875
.000203125
7.81249e-05
.000242187
.000109375
-2.34376e-05
.00021875
6.24999e-05
.000367187
.000328125
.000101562
.00028125
.000164062
-6.25001e-05
-1.56251e-05
7.03124e-05
.00021875
.000289062
.000179687
.00015625
9.37499e-05
6.24999e-05
-7.81262e-06
.000132812
7.81238e-06
.000109375
.000265625
.000257812
.000304687
-7.81262e-06
-5.46876e-05
7.81238e-06
6.24999e-05
.000117187
.000296875
.00021875
.000234375
.000226562
-3.12501e-05
-5.46876e-05
-7.81262e-06
-.000148438
.000140625
.000257812
.000328125
.0001875
1.56249e-05
-.000164063
-7.03126e-05
-.000101563
-.000117188
-1.19209e-10
8.59374e-05
.000117187
.0001875
7.81249e-05
-4.68751e-05
-.000226563
-6.25001e-05
.000109375
.000140625
.00021875
.000304687
.000203125
.000125
.000132812
-.000125
-7.03126e-05
.000140625
.000171875
.000148437
.000125
.000148437
-3.90626e-05
-4.68751e-05
-1.56251e-05
.000117187
.000101562
-4.68751e-05
7.81238e-06
.00021875
7.81249e-05
7.03124e-05
7.81249e-05
.0001875
.000203125
.000304687
.000203125
.000148437
-1.19209e-10
-7.81251e-05
-3.12501e-05
-.000117188
3.12499e-05
.000125
.000195312
.00028125
-3.12501e-05
-.000125
3.12499e-05
-9.37501e-05
7.03124e-05
1.56249e-05
7.81249e-05
.00028125
.000148437
3.90624e-05
-4.68751e-05
-9.37501e-05
-.000210938
-3.12501e-05
.000140625
.00028125
.00028125
.000226562
.000101562
-7.81262e-06
-2.34376e-05
-6.25001e-05
7.81249e-05
.000164062
.000242187
1.56249e-05
.000179687
.000125
-.000101563
-7.81262e-06
-3.12501e-05
-2.34376e-05
.000257812
.000132812
.000335937
.000171875
7.81238e-06
9.37499e-05
.000265625
.000210937
1.56249e-05
7.81249e-05
.000125
.000117187
6.24999e-05
3.90624e-05
8.59374e-05
2.34374e-05
.000171875
3.90624e-05
6.24999e-05
-8.59376e-05
-7.81262e-06
-3.90626e-05
-3.90626e-05
-7.03126e-05
3.90624e-05
2.34374e-05
.000179687
.000125
5.46874e-05
-.00015625
7.03124e-05
.00021875
.000328125
.00034375
.000257812
.000257812
.000226562
-6.25001e-05
5.46874e-05
-3.90626e-05
-7.81251e-05
3.12499e-05
.000257812
.000101562
3.90624e-05
-3.12501e-05
-7.03126e-05
-9.37501e-05
-.000132813
-.0001875
7.81249e-05
.000234375
.000226562
7.03124e-05
-1.56251e-05
-1.19209e-10
-1.56251e-05
-8.59376e-05
5.46874e-05
.000226562
.000304687
.000148437
7.81249e-05
-1.19209e-10
-1.19209e-10
.000109375
.000109375
-3.90626e-05
.000148437
.000265625
5.46874e-05
3.90624e-05
-7.81262e-06
-7.81251e-05
.000109375
.000117187
3.90624e-05
-2.34376e-05
-3.12501e-05
-3.90626e-05
-6.25001e-05
-6.25001e-05
6.24999e-05
.000101562
.000203125
.000234375
.00021875
-5.46876e-05
1.56249e-05
-3.12501e-05
-3.12501e-05
8.59374e-05
.000234375
.000242187
.000226562
.000164062
5.46874e-05
-.000273438
-6.25001e-05
-7.03126e-05
-.000101563
-1.56251e-05
8.59374e-05
.000273437
.00040625
.000257812
-.000148438
-7.81251e-05
-2.34376e-05
-1.56251e-05
.000125
.000210937
.000304687
.000296875
.000140625
2.34374e-05
-.000328125
-6.25001e-05
9.37499e-05
.000164062
7.81249e-05
.00021875
.000242187
2.34374e-05
-3.90626e-05
-5.46876e-05
-.000109375
-4.68751e-05
.000226562
6.24999e-05
7.81249e-05
4.68749e-05
8.59374e-05
7.81238e-06
.000242187
.000203125
7.81249e-05
.000117187
.000179687
-7.81251e-05
-7.81251e-05
.000109375
.000164062
.000109375
.000195312
.000164062
.000203125
4.68749e-05
7.81238e-06
1.56249e-05
-9.37501e-05
.000171875
.000304687
.00028125
.000140625
.000148437
-7.81251e-05
-9.37501e-05
-.000109375
-.000148438
-7.81251e-05
-6.25001e-05
.000132812
7.81249e-05
-7.81262e-06
-3.90626e-05
-.000101563
-4.68751e-05
-1.19209e-10
.000125
.000328125
.0003125
.000132812
-1.56251e-05
3.90624e-05
-.000234375
-.000234375
-.000171875
.000132812
.000195312
.000257812
7.03124e-05
.000195312
3.90624e-05
-1.56251e-05
-.000179688
-5.46876e-05
3.12499e-05
7.81249e-05
.000164062
9.37499e-05
.000117187
-3.12501e-05
-7.81251e-05
-3.12501e-05
.000117187
7.03124e-05
.000132812
.000289062
.000203125
.000125
-6.25001e-05
3.90624e-05
-3.90626e-05
5.46874e-05
.000210937
7.03124e-05
1.56249e-05
-1.56251e-05
-7.03126e-05
.0001875
.000242187
.00025
.000132812
.000242187
.000265625
.000117187
4.68749e-05
1.56249e-05
.000210937
7.03124e-05
.00015625
.000265625
.000164062
.000179687
5.46874e-05
7.81238e-06
-4.68751e-05
-3.90626e-05
.000203125
.000289062
7.03124e-05
.000257812
.000132812
1.56249e-05
7.03124e-05
-.000148438
-5.46876e-05
7.81238e-06
5.46874e-05
7.03124e-05
6.24999e-05
4.68749e-05
7.03124e-05
2.34374e-05
-3.12501e-05
-7.81262e-06
-2.34376e-05
.000304687
.000164062
6.24999e-05
3.12499e-05
-1.19209e-10
-5.46876e-05
-1.56251e-05
7.81249e-05
9.37499e-05
7.81249e-05
.00025
-1.19209e-10
-.00015625
-.000125
-.000101563
.00015625
-3.12501e-05
6.24999e-05
.000101562
.000132812
8.59374e-05
.000242187
-6.25001e-05
.000117187
