2500
2.e-09
250
.510345
3.90624e-05
.000101562
.000234375
.00021875
.000367187
.000359375
.00021875
.000109375
-7.03126e-05
-7.81262e-06
-7.81262e-06
3.90624e-05
.000148437
.00028125
.000125
.000234375
.00015625
7.03124e-05
3.90624e-05
-6.25001e-05
7.03124e-05
.00025
.00040625
.000210937
.000226562
.000164062
-1.19209e-10
-.000226563
-.000234375
-7.81262e-06
7.03124e-05
.000125
.00021875
.000171875
.000164062
-5.46876e-05
-.000117188
-3.12501e-05
-6.25001e-05
-1.56251e-05
.00021875
.000296875
.000375
.000179687
.000101562
-7.03126e-05
9.37499e-05
-1.19209e-10
4.68749e-05
.000164062
.000304687
.000164062
-6.25001e-05
.000234375
.00015625
.000203125
5.46874e-05
.000148437
.000125
.000171875
7.03124e-05
6.24999e-05
-7.03126e-05
7.81249e-05
9.37499e-05
.00021875
7.81249e-05
.00028125
.00015625
.0001875
6.24999e-05
6.24999e-05
.000125
1.56249e-05
.000203125
.000109375
.000109375
7.81249e-05
4.68749e-05
.000109375
7.03124e-05
.000101562
.000148437
.000242187
3.12499e-05
.000148437
.000195312
.000117187
7.81238e-06
.000101562
-7.03126e-05
.000109375
.000195312
.000242187
.000195312
.000140625
6.24999e-05
-4.68751e-05
.000148437
6.24999e-05
.000117187
3.12499e-05
.000117187
.000195312
.000148437
-1.56251e-05
7.81249e-05
8.59374e-05
.000148437
.000164062
.00021875
.00021875
.000109375
-4.68751e-05
-.000140625
-7.81262e-06
2.34374e-05
1.56249e-05
.000140625
8.59374e-05
.000179687
.000226562
5.46874e-05
.000148437
.000132812
.000179687
.000125
.000195312
.000257812
8.59374e-05
7.81249e-05
5.46874e-05
-3.90626e-05
.000140625
-7.03126e-05
5.46874e-05
.000226562
.000320312
.000273437
.000132812
7.81238e-06
-2.34376e-05
5.46874e-05
8.59374e-05
2.34374e-05
.000117187
.0003125
.000296875
3.90624e-05
5.46874e-05
1.56249e-05
7.81249e-05
.000179687
.00025
.000296875
.000398437
.000367187
8.59374e-05
3.12499e-05
-5.46876e-05
.000109375
-2.34376e-05
7.03124e-05
.000109375
.000125
2.34374e-05
.0001875
.000109375
5.46874e-05
.000101562
.000125
.00021875
.000242187
.000328125
.000304687
.000226562
.00015625
.000140625
6.24999e-05
.00015625
.000148437
-2.34376e-05
.000164062
.000320312
.000226562
.00021875
.000242187
.000203125
7.81249e-05
.000179687
2.34374e-05
8.59374e-05
2.34374e-05
.000195312
.000125
.000109375
.000117187
.0001875
.000125
8.59374e-05
.00021875
.000117187
.000125
.000148437
.000203125
.000132812
.000132812
5.46874e-05
5.46874e-05
.000109375
-7.81251e-05
-1.19209e-10
3.12499e-05
5.46874e-05
.000125
-5.46876e-05
.000140625
1.56249e-05
4.68749e-05
.00015625
2.34374e-05
8.59374e-05
6.24999e-05
.000132812
5.46874e-05
6.24999e-05
-7.81262e-06
.000109375
9.37499e-05
-3.90626e-05
-5.46876e-05
.000109375
7.81238e-06
.000203125
-3.90626e-05
3.12499e-05
3.90624e-05
-7.03126e-05
-3.90626e-05
-6.25001e-05
-.00028125
-.000375
-.0001875
7.81238e-06
-5.46876e-05
-6.25001e-05
-.000140625
2.34374e-05
-7.03126e-05
-.000164063
-.00015625
-.000203125
-.000179688
-.000117188
-8.59376e-05
-.00025
-1.19209e-10
-.000171875
-4.68751e-05
-.000140625
-.000265625
-.000289063
-4.68751e-05
-.000132813
-2.34376e-05
-.000164063
-5.46876e-05
-6.25001e-05
5.46874e-05
.000164062
4.68749e-05
.000140625
.000398437
.000679687
.000664062
.00103906
.00121875
.00153906
.00184375
.0021875
.00246875
.00319531
.00378125
.00439844
.00505469
.0056875
.00669531
.00759375
.00875781
.0100937
.0114375
.0131719
.0150156
.0171328
.0193203
.0217734
.0242344
.0270703
.0296797
.0321328
.0343906
.0367656
.0389609
.0405625
.0419219
.0432187
.0443594
.0451172
.045625
.0461484
.0465
.04675
.0465469
.0466953
.0464141
.0460234
.0454609
.0449922
.0443203
.0435
.0429141
.0420703
.0413125
.0406172
.0395391
.0386172
.0375234
.0362578
.0349687
.0339766
.0329297
.0316953
.0307187
.0293984
.0280781
.0264375
.0250781
.0235937
.0222656
.0211016
.0196953
.0183125
.0169297
.0155937
.0141406
.0128281
.0113281
.00982031
.00846094
.00704687
.00570312
.00425
.00267187
.00129687
-7.81262e-06
-.00129688
-.00283594
-.00411719
-.00571094
-.00708594
-.00854687
-.00999219
-.0112344
-.0125781
-.0137422
-.0151484
-.0164609
-.0178906
-.0195391
-.0209453
-.0222031
-.0235234
-.0248125
-.0260703
-.0273828
-.0285
-.0298203
-.0310547
-.0323125
-.0335
-.0347422
-.0357891
-.0371172
-.0382812
-.0395312
-.0408281
-.042
-.0433594
-.0444062
-.0454766
-.046625
-.0477422
-.0487812
-.0498516
-.0508906
-.0520781
-.0530703
-.0544062
-.0553672
-.0564687
-.0572969
-.0585781
-.0595781
-.0603672
-.0612578
-.0621328
-.0633516
-.0643047
-.0652031
-.0660625
-.0670469
-.0678984
-.0689687
-.0698047
-.0708047
-.0717344
-.0725937
-.0734453
-.0744687
-.0751484
-.0760078
-.0766719
-.0775156
-.0783594
-.0791016
-.0798984
-.0804844
-.0811406
-.0818828
-.0826016
-.0831719
-.0837891
-.0843984
-.0850312
-.0856484
-.0862266
-.0865703
-.087125
-.0874922
-.0878359
-.0883672
-.0888281
-.0893984
-.0896719
-.0900781
-.0902891
-.0905547
-.0906875
-.0907578
-.0907969
-.09075
-.0910625
-.0907734
-.0902344
-.0652734
.107727
.183703
.158875
.17407
.162977
.158727
.156195
.149781
.146156
.14132
.136578
.131523
.128469
.123891
.119461
.11582
.111977
.108211
.104531
.100695
.0970703
.0935625
.0901641
.0869062
.0836406
.0806953
.0775234
.0745156
.0717969
.0688437
.0657734
.0629219
.0604219
.0580156
.0552734
.0529062
.0502969
.0479844
.0453516
.0429062
.0405859
.0386797
.0363203
.0343281
.0322812
.0303437
.0282656
.0262812
.0241875
.0222187
.0203672
.0186953
.0170625
.0153828
.0136406
.0120625
.0106328
.00907031
.00761719
.00616406
.00478906
.00334375
.00200781
.000710937
-.000390625
-.00164844
-.00275781
-.003625
-.004875
-.00580469
-.00684375
-.00763281
-.00851562
-.00947656
-.0102734
-.0111406
-.0118125
-.0124453
-.0130078
-.01375
-.0141094
-.0147344
-.0152344
-.0158594
-.0160156
-.0165391
-.0167656
-.0169531
-.0172734
-.0173516
-.0175469
-.0178984
-.0181641
-.0181875
-.0181719
-.0183047
-.0181953
-.01825
-.0180547
-.0179453
-.0179766
-.0178359
-.0177656
-.0175859
-.0173203
-.0169375
-.0167969
-.0164766
-.0161484
-.0160469
-.0157109
-.0156875
-.0154219
-.0150859
-.0146641
-.0142969
-.0139609
-.0138359
-.0134922
-.013125
-.0128984
-.0126953
-.0125
-.012125
-.0119219
-.01175
-.0113437
-.0113359
-.0110625
-.0109141
-.0108047
-.0108359
-.0106328
-.0106094
-.0105547
-.0104844
-.0105156
-.0105781
-.0104062
-.0102969
-.0102656
-.0105625
-.0107422
-.0106641
-.010875
-.0108125
-.0109453
-.0110234
-.0110469
-.0109531
-.0110781
-.0112344
-.0112266
-.0114141
-.0115937
-.0113672
-.0113984
-.0114453
-.0112187
-.0111094
-.0112109
-.0113281
-.0111797
-.0109922
-.0106797
-.0105469
-.0101641
-.00977344
-.00948437
-.00902344
-.0085625
-.00824219
-.00761719
-.00710937
-.00636719
-.0056875
-.00479687
-.00408594
-.00321875
-.00255469
-.00165625
-.000851563
-6.25001e-05
.00104687
.00192187
.00305469
.00408594
.0054375
.0061875
.00727344
.00811719
.00904687
.0101406
.0108281
.0118906
.0125391
.0132734
.0141406
.0148516
.0152969
.0157812
.0163437
.0166406
.0169766
.0171953
.0173516
.0177422
.0179922
.0181016
.0181641
.0180703
.0180859
.0181016
.0175937
.0173203
.0172578
.0171406
.0169453
.0167578
.0165078
.0160234
.0155937
.0151328
.0148203
.0141953
.0138594
.0136562
.0132812
.0129297
.0124687
.0118984
.0113672
.0108828
.0103594
.00996875
.00975
.00932812
.00889062
.00849219
.008
.0075625
.00717969
.00673437
.0063125
.00603906
.00584375
.00554687
.005125
.00470312
.00458594
.00419531
.00370312
.00352344
.00322656
.00310156
.00295312
.00271094
.00248437
.00238281
.00226562
.002125
.00211719
.00184375
.00175781
.00172656
.00178125
.00178125
.00171094
.00167969
.0016875
.00166406
.00161719
.00155469
.00142187
.00153125
.00167187
.00182031
.00179687
.00189844
.0020625
.00195312
.00196094
.002
.00227344
.00210937
.0023125
.00240625
.00239844
.00245312
.00224219
.00223437
.00210937
.00192969
.0020625
.0021875
.00209375
.00207812
.0019375
.001875
.00173437
.00184375
.0015
.00135156
.00128125
.00124219
.00120312
.00096875
.000640625
.000492187
.000414062
.000164062
.000117187
-.00015625
-.000359375
-.000484375
-.000539063
-.00103125
-.0011875
-.00141406
-.00173438
-.00190625
-.00221875
-.00221875
-.00253906
-.00286719
-.00319531
-.00349219
-.003625
-.0038125
-.00388281
-.00410938
-.00446875
-.0045625
-.0049375
-.00521875
-.00528906
-.00559375
-.00566406
-.00567969
-.00585937
-.00603125
-.00630469
-.00633594
-.00633594
-.00650781
-.00675
-.00660156
-.00665625
-.00685156
-.00692969
-.00716406
-.00705469
-.00702344
-.00705469
-.00688281
-.00682031
-.00670312
-.00666406
-.006625
-.00652344
-.00649219
-.00640625
-.00607812
-.00590625
-.00571094
-.00560937
-.00528125
-.00510156
-.00490625
-.00472656
-.00439063
-.00411719
-.003875
-.0035625
-.0031875
-.00279688
-.00257031
-.00232031
-.002125
-.00190625
-.00139844
-.001125
-.000875
-.000828125
-.000484375
-.00015625
.000265625
.000460937
.000625
.000953125
.00119531
.00128125
.00126562
.00142969
.00158594
.00190625
.00214062
.00213281
.00255469
.00267969
.00258594
.00242969
.0025625
.00271094
.00282812
.00278906
.00273437
.00270312
.002625
.00266406
.00239062
.00220312
.00232031
.00222656
.00221094
.00210156
.00203906
.00198437
.00164062
.00153906
.00145312
.00124219
.00114062
.00117969
.00102344
.000914062
.000679687
.000476562
.000429687
.0003125
8.59374e-05
.000101562
1.56249e-05
-.000320313
-.000171875
-.00059375
-.000632813
-.000679688
-.000890625
-.00090625
-.00105469
-.00120313
-.0015
-.00155469
-.00165625
-.00176563
-.00165625
-.00172656
-.00160156
-.00171094
-.00189844
-.00189844
-.00196094
-.00217188
-.00207031
-.00192969
-.00192188
-.00174219
-.00189844
-.00177344
-.00188281
-.00197656
-.00179688
-.00167969
-.00167969
-.00149219
-.00129688
-.00119531
-.00110938
-.001125
-.00110938
-.00105469
-.000851563
-.000625
-.000484375
-.0004375
-.000171875
-.00015625
-3.90626e-05
.000140625
9.37499e-05
.000351562
.000570312
.000695312
.000820312
.000851562
.000921875
.001125
.00117187
.00126562
.00134375
.00142187
.00154687
.0015625
.00153125
.00153125
.00159375
.00182812
.00191406
.00179687
.00189062
.0019375
.00213281
.00176562
.00192969
.00185156
.00192969
.0020625
.00202344
.00191406
.00189844
.0018125
.0018125
.00147656
.00139844
.00144531
.00171875
.00171875
.00155469
.00136719
.00132812
.00123437
.001
.001
.000820312
.000929687
.000882812
.00078125
.000703125
.000523437
.000414062
.000304687
.000257812
.000117187
.00015625
.000195312
.00021875
7.81238e-06
-5.46876e-05
-.000203125
-.00021875
-.000320313
-.000289063
-.000398438
-.00034375
-.000460938
-.000492188
-.0005
-.000632813
-.000679688
-.000546875
-.000679688
-.000695313
-.00075
-.000789063
-.000789063
-.00065625
-.000695313
-.000710938
-.000695313
-.000757813
-.000773438
-.000695313
-.0008125
-.000703125
-.00071875
-.000734375
-.0008125
-.000679688
-.000609375
-.000617188
-.000601563
-.000585938
-.000570313
-.000453125
-.000375
-.000351563
-.000539063
-.000414063
-.000242188
-.000195313
-.000164063
-.0003125
-9.37501e-05
-1.19209e-10
5.46874e-05
-3.12501e-05
2.34374e-05
2.34374e-05
-1.56251e-05
.000117187
9.37499e-05
-4.68751e-05
.000171875
.000164062
.000109375
.000109375
.000148437
.00028125
.00028125
.000296875
.00015625
8.59374e-05
.000226562
.000320312
.000351562
.000140625
.00015625
.0003125
.000234375
.00028125
.000242187
.000296875
.000265625
.000367187
.000148437
.000304687
.000242187
.000203125
.000273437
.000242187
6.24999e-05
.000109375
.000289062
8.59374e-05
-1.19209e-10
.000125
.000171875
.000367187
.000132812
.000101562
7.81249e-05
.000125
6.24999e-05
.000140625
-.000171875
3.90624e-05
7.81249e-05
.000289062
.000203125
6.24999e-05
.00015625
.000359375
.000148437
.000304687
.000359375
.000429687
.000492187
.000359375
.0003125
.000351562
.000390625
.000382812
.0005625
.000484375
.000585937
.000679687
.000734375
.00065625
.0005625
.000421875
.000570312
.000828125
.000773437
.00075
.000757812
.000960937
.001125
.000984375
.00090625
.000976562
.00103906
.000992187
.00110156
.00108594
.00117969
.00111719
.00115625
.000992187
.000992187
.00103125
.00107812
.00103906
.000953125
.000984375
.000984375
.0011875
.00121875
.00115625
.000953125
.00103906
.000984375
.00125
.00107031
.000960937
.00111719
.000976562
.000804687
.000953125
.000875
.00102344
.000875
.0008125
.000796875
.000726562
.000851562
.000742187
.000625
.00059375
.00053125
.000421875
.000515625
.0005
.000414062
.0003125
.000328125
.000226562
.00021875
.000226562
.000226562
.000148437
2.34374e-05
1.56249e-05
-2.34376e-05
-7.81251e-05
.000164062
.000132812
3.90624e-05
-.00015625
-9.37501e-05
-.000148438
-.000210938
-.0003125
-.000320313
-4.68751e-05
-7.03126e-05
-.000265625
-.000273438
-.0004375
-.000351563
-.000476563
-.000476563
-.000328125
-.000375
-.000367188
-.000367188
-.000359375
-.00040625
-.000304688
-.000304688
-.000375
-.000328125
-.00046875
-.0003125
-.000320313
-.000335938
-.000296875
-.000195313
-.000195313
-.000195313
-.000179688
-.000328125
-.00034375
-.000265625
-.000359375
-.000304688
-.000289063
-.000171875
-3.90626e-05
-.000335938
-.000367188
-.000304688
-.000210938
-.000109375
-.000101563
-7.81262e-06
3.12499e-05
5.46874e-05
9.37499e-05
3.90624e-05
-7.03126e-05
-7.03126e-05
7.81238e-06
.000164062
7.81249e-05
3.12499e-05
-3.12501e-05
1.56249e-05
.000109375
7.81249e-05
-8.59376e-05
-1.56251e-05
1.56249e-05
-.000171875
7.81238e-06
-.00015625
-.000117188
-7.81251e-05
-.00015625
-8.59376e-05
3.90624e-05
4.68749e-05
2.34374e-05
6.24999e-05
-.000148438
-.000164063
-.000179688
-7.03126e-05
.000101562
6.24999e-05
1.56249e-05
7.81238e-06
-8.59376e-05
-.0003125
-.000429688
-.000445313
-.00025
-5.46876e-05
-7.81251e-05
-.00015625
-.000109375
-.000296875
-.0003125
-.00034375
-.000304688
-.000304688
-.000242188
-.000125
-1.19209e-10
-.000242188
-.000351563
-.000429688
-.000304688
-.00034375
-.000328125
-.000351563
-.000140625
-7.03126e-05
-.000101563
-.000335938
-.000289063
-.000164063
-.000257813
-.000390625
-.000140625
-.000109375
-8.59376e-05
-.000109375
-.000195313
-.00034375
-7.03126e-05
-.000132813
-1.56251e-05
-8.59376e-05
-7.81251e-05
.000117187
-4.68751e-05
.000117187
.000148437
-7.03126e-05
-7.81262e-06
9.37499e-05
.000117187
.000101562
.000210937
.000226562
.000289062
.000226562
8.59374e-05
.000242187
.00025
.000257812
.000296875
.000195312
.000195312
.000265625
.000257812
.000296875
.000289062
.0004375
.000375
.000375
.000335937
.00034375
.00040625
.000390625
.00025
.000328125
.000359375
.00034375
.00040625
.000351562
.000273437
.000203125
.000296875
.000242187
.000320312
.000226562
.000273437
.000140625
.000101562
.000125
.000210937
-7.81262e-06
4.68749e-05
.000101562
8.59374e-05
.000203125
9.37499e-05
4.68749e-05
3.12499e-05
3.12499e-05
-9.37501e-05
-3.90626e-05
-7.81262e-06
-.000132813
-7.81251e-05
-.000257813
-.000304688
-.000289063
-.000335938
-.000320313
-.000195313
-.00015625
-.000164063
-.000335938
-.000203125
-.000257813
-.00028125
-.0003125
-.00028125
-.000289063
-.00025
-.000414063
-.000351563
-.000382813
-.000320313
-.000335938
-.000453125
-.000476563
-.000257813
-.000351563
-.000296875
-.000273438
-.000335938
-.000296875
-.000359375
-.000375
-.0004375
-.000484375
-.000421875
-.000429688
-.000382813
-.000320313
-.000304688
-.000195313
-.0001875
-8.59376e-05
-.000179688
-3.90626e-05
-.000226563
-.000234375
-5.46876e-05
-.000351563
-.000140625
-7.03126e-05
-.00015625
-5.46876e-05
-8.59376e-05
5.46874e-05
1.56249e-05
-.000132813
1.56249e-05
3.90624e-05
9.37499e-05
4.68749e-05
1.56249e-05
2.34374e-05
.000117187
.000226562
.000125
.000257812
.000171875
.000367187
.000210937
.00040625
.000570312
.0005
.000601562
.00053125
.000484375
.000476562
.000414062
.0004375
.000507812
.000539062
.00053125
.000609375
.000546875
.00059375
.0004375
.000453125
.000445312
.000632812
.00053125
.00065625
.000539062
.000554687
.00065625
.000460937
.000320312
.00053125
.000546875
.000648437
.000789062
.000710937
.000828125
.000546875
.000460937
.000640625
.000507812
.000382812
.000375
.000453125
.00053125
.000578125
.000359375
.00040625
.000265625
7.81249e-05
.000390625
.000296875
.000289062
.000414062
.00034375
.000453125
.000226562
.000234375
.00021875
.000304687
.000273437
.00015625
.000234375
.000210937
.00028125
.00025
.000203125
.000398437
.000164062
.00021875
3.12499e-05
-1.19209e-10
5.46874e-05
.000210937
1.56249e-05
7.81249e-05
5.46874e-05
8.59374e-05
.000179687
9.37499e-05
2.34374e-05
-1.19209e-10
7.81249e-05
.000234375
.0001875
.0001875
.00025
.000304687
.000210937
9.37499e-05
.000109375
3.12499e-05
6.24999e-05
.00015625
.000210937
.000296875
.000257812
.000375
.000296875
.000195312
.000125
.000328125
.000398437
.000203125
.000375
.000351562
.000296875
.000335937
.00021875
.000304687
7.03124e-05
.000320312
.000210937
.000398437
.000414062
.000507812
.000421875
.000390625
.000453125
.0004375
.000265625
.000398437
.000328125
.000296875
.000414062
.000492187
.000429687
.000414062
.000414062
.000515625
.000382812
.0004375
.000390625
.000398437
.00034375
.000507812
.000375
.000382812
.000429687
.000539062
.000414062
.000414062
.000414062
.000578125
.000507812
.00053125
.000492187
.000554687
.000453125
.000515625
.000476562
.000515625
.000367187
.000539062
.000578125
.000671875
.00053125
.000632812
.000664062
.000578125
.0004375
.000523437
.00046875
.0004375
.000429687
.0004375
.000539062
.000445312
.00059375
.000671875
.000546875
.000523437
.000554687
.000578125
.000515625
.000507812
.000625
.000539062
.000609375
.000554687
.0005625
.000539062
.000445312
.000304687
.000367187
.000296875
.000335937
.000367187
.000460937
.0004375
.000203125
.000351562
.000179687
.000226562
.000117187
.000171875
.000351562
.000328125
.000273437
.000210937
.000179687
4.68749e-05
.000179687
.0001875
.000117187
.00028125
.000335937
.000242187
-2.34376e-05
-.000101563
-.000210938
-.000234375
-.00034375
-7.81262e-06
-1.19209e-10
-1.56251e-05
-7.81262e-06
-.000101563
-7.03126e-05
-.000210938
-.000421875
-.00028125
-.00025
-.000140625
-.000171875
-.00028125
-.000296875
-.00021875
-.0003125
-.000335938
-.000265625
-.000367188
-.000335938
-.000117188
-.00034375
-.0003125
-.000484375
-.000492188
-.00040625
-.000570313
-.0005
-.000390625
-.000359375
-.000351563
-.000476563
-.000375
-.000289063
-.000429688
-.000398438
-.000367188
-.000484375
-.000296875
-.000382813
-.00034375
-.000398438
-.000351563
-.00025
-.000148438
-.000140625
-.000421875
-.000335938
-.000234375
-.000375
-.000257813
-.000304688
-.000179688
-.000210938
-.000203125
-.00025
-.000265625
-.000492188
-.000429688
-.0004375
-.0003125
-.000273438
-.000226563
7.81238e-06
-1.56251e-05
-7.03126e-05
-9.37501e-05
-.00025
-.000179688
-.000109375
-7.81251e-05
-5.46876e-05
6.24999e-05
-7.81262e-06
-7.81262e-06
3.90624e-05
-4.68751e-05
-.000132813
-3.90626e-05
-6.25001e-05
-8.59376e-05
-7.81262e-06
.000164062
.000148437
.000148437
-1.19209e-10
-2.34376e-05
-2.34376e-05
-.00015625
-6.25001e-05
4.68749e-05
.000101562
.000109375
.000171875
.000429687
.000109375
9.37499e-05
9.37499e-05
.00015625
.000273437
.000257812
.000320312
.00025
.000195312
.000289062
.000179687
.000265625
3.90624e-05
.000351562
.000398437
.0003125
.000460937
.000460937
.000320312
.000179687
.000234375
.000289062
.000289062
.000390625
.000414062
.000421875
.0004375
.000492187
.000515625
.000476562
.000460937
.000390625
.000476562
.000585937
.000679687
.000632812
.000398437
.000523437
.000625
.000421875
.000335937
.000367187
.0004375
.000507812
.000351562
.000625
.000429687
.0005
.000445312
.000539062
.000445312
.000492187
.0004375
.000429687
.000585937
.000515625
.000429687
.000515625
.0005625
.0005625
.000429687
.00053125
.0004375
.000445312
.000367187
.000273437
.000382812
.000296875
.000320312
.000265625
.000296875
.000273437
.000171875
8.59374e-05
6.24999e-05
1.56249e-05
.000179687
.000210937
.000210937
.000179687
.000234375
-1.19209e-10
8.59374e-05
.000109375
7.03124e-05
.000117187
.000109375
.000171875
.0001875
.000109375
.000132812
7.81238e-06
-.000117188
-2.34376e-05
-.000179688
-.000226563
-.000101563
-2.34376e-05
-3.12501e-05
-.000140625
-.000179688
-.000210938
-.000148438
-.000195313
-.000171875
-.00015625
-.000148438
2.34374e-05
-1.56251e-05
6.24999e-05
-.000109375
-.000132813
-4.68751e-05
-.000257813
-.000335938
-7.03126e-05
-7.03126e-05
2.34374e-05
-1.19209e-10
-.000140625
-.000164063
-.000171875
-.000203125
-.000164063
-.000117188
1.56249e-05
-3.12501e-05
-2.34376e-05
-.00015625
-.000117188
6.24999e-05
-7.81262e-06
-2.34376e-05
-7.03126e-05
2.34374e-05
3.12499e-05
.000132812
3.90624e-05
5.46874e-05
-9.37501e-05
5.46874e-05
.000140625
1.56249e-05
.000101562
.000132812
.000132812
.000210937
.0001875
7.81249e-05
.000148437
.000375
.000125
.00021875
2.34374e-05
.000109375
7.03124e-05
.000132812
3.90624e-05
-6.25001e-05
.000164062
.00025
9.37499e-05
.000273437
.00025
9.37499e-05
.000195312
.000171875
.000125
.000234375
.000242187
.000164062
.000210937
3.12499e-05
7.81238e-06
.000117187
.000164062
.000109375
.000234375
.000171875
.000117187
.000265625
2.34374e-05
.000125
.000101562
7.81238e-06
9.37499e-05
.00021875
.000140625
.000226562
.000320312
.000171875
.000179687
.00021875
.000304687
.0003125
.000335937
.000335937
.000304687
.00028125
.000226562
.000195312
3.12499e-05
6.24999e-05
.000203125
.000257812
.000226562
.00028125
.00025
.000273437
.000242187
.000210937
.000179687
.000203125
.000125
.000195312
.000265625
.000226562
.000242187
.000335937
.000164062
.00034375
.00021875
.000273437
.000296875
.00040625
.000429687
.000304687
.000335937
.000265625
.000257812
.0001875
.000140625
.00021875
.000210937
.000148437
.000132812
.000210937
.000195312
.000367187
.0004375
.000234375
.00021875
.000304687
.00034375
.000296875
.000328125
.00028125
.000273437
.000359375
.000273437
.000273437
.0003125
.000304687
.000328125
.000203125
.000289062
.000234375
.000375
.000304687
.00021875
.000148437
.0001875
.000195312
.000125
.00015625
.000226562
.000296875
.00025
.000375
.000179687
.000179687
.00025
.000140625
.000132812
.000195312
9.37499e-05
.000140625
.000164062
.000179687
3.90624e-05
-1.19209e-10
.000210937
.000171875
9.37499e-05
.000367187
.000320312
.000203125
.000335937
.000179687
5.46874e-05
-2.34376e-05
9.37499e-05
1.56249e-05
.000125
.000140625
.000109375
.000273437
.000226562
6.24999e-05
.000132812
.000328125
.000242187
.000328125
.000125
.000132812
.000109375
.00015625
7.81249e-05
.000125
2.34374e-05
.000125
9.37499e-05
.000101562
9.37499e-05
7.03124e-05
.000101562
.000140625
.000132812
.000171875
.000140625
.000171875
.00021875
.000125
7.03124e-05
8.59374e-05
.000164062
.000367187
.000210937
.000101562
.00025
.000234375
.000148437
.000226562
.000242187
.0001875
.000242187
.000234375
.000242187
9.37499e-05
.00025
.000242187
.0001875
.000226562
.000132812
.000210937
.00034375
.00021875
2.34374e-05
.000257812
.000304687
.000289062
.000132812
5.46874e-05
.000273437
.000195312
.000304687
6.24999e-05
.000179687
.00021875
.000328125
.000117187
4.68749e-05
.00015625
3.90624e-05
7.81249e-05
.000101562
7.81249e-05
.000296875
.000109375
.000234375
.000125
7.81249e-05
.000125
.000164062
.000171875
.000234375
.00015625
.000234375
.0003125
.000109375
-6.25001e-05
-.000117188
7.03124e-05
9.37499e-05
.000140625
.000109375
-1.19209e-10
.0001875
.000171875
.000117187
3.12499e-05
7.81249e-05
5.46874e-05
5.46874e-05
9.37499e-05
2.34374e-05
.000140625
7.81238e-06
.000140625
.000179687
.000171875
.000203125
3.90624e-05
.000328125
6.24999e-05
.00015625
.000109375
7.81249e-05
.000273437
.00028125
.00015625
6.24999e-05
-7.81251e-05
3.12499e-05
-7.81251e-05
6.24999e-05
.00015625
.000242187
.000273437
.000148437
.000140625
.0001875
-1.56251e-05
7.03124e-05
1.56249e-05
9.37499e-05
.00015625
.000257812
.000273437
7.03124e-05
-4.68751e-05
5.46874e-05
9.37499e-05
.000242187
.000203125
.000210937
.000226562
.00025
8.59374e-05
-2.34376e-05
9.37499e-05
.000132812
.00025
.000296875
.000289062
.000132812
.000257812
.000179687
.000179687
-4.68751e-05
.000117187
.000132812
.000304687
.000226562
.00025
.000226562
.000195312
.000335937
.000171875
.000171875
.000203125
.000210937
.000179687
.000242187
.000164062
6.24999e-05
.000117187
7.81249e-05
.000140625
.000148437
.00025
.00025
6.24999e-05
2.34374e-05
9.37499e-05
6.24999e-05
.00028125
.00028125
.000117187
.000296875
.00025
.00015625
-7.03126e-05
5.46874e-05
.000179687
9.37499e-05
.000328125
.00025
.000125
.000382812
.00021875
8.59374e-05
6.24999e-05
.00025
.000242187
.000390625
.000195312
.000257812
.000203125
-1.56251e-05
7.81238e-06
1.56249e-05
6.24999e-05
.0001875
.000265625
.00028125
.00021875
3.90624e-05
8.59374e-05
.000273437
.000195312
.0001875
.000164062
.000203125
.000226562
.000257812
.000195312
5.46874e-05
3.90624e-05
4.68749e-05
.000164062
.000328125
.00015625
.000203125
.000164062
1.56249e-05
-3.12501e-05
8.59374e-05
.00021875
.000117187
.000210937
.000132812
.000179687
.000226562
5.46874e-05
7.81249e-05
9.37499e-05
.000109375
.000289062
.00015625
.000304687
.000179687
7.81249e-05
.000101562
7.81238e-06
.000125
.000179687
.000109375
8.59374e-05
.00015625
.000210937
.000226562
-.000117188
.0001875
.000164062
.00025
.000304687
.000296875
8.59374e-05
.00015625
.000171875
.000117187
-2.34376e-05
1.56249e-05
.000210937
.000328125
.000367187
.000296875
7.81249e-05
4.68749e-05
-3.90626e-05
7.81249e-05
4.68749e-05
.000296875
.000203125
.00034375
.000140625
.000226562
.000257812
-7.81262e-06
.000234375
.000125
.000390625
.0001875
.000226562
.000273437
.000203125
.000164062
7.81249e-05
.00025
.000125
.00021875
.00015625
9.37499e-05
.000210937
.000242187
.000320312
.000273437
.000148437
.000242187
.000203125
.00025
.000132812
8.59374e-05
2.34374e-05
.000101562
.00028125
.000171875
.00025
.00025
.000164062
.00021875
.000132812
.000164062
.000289062
.000382812
.0001875
.000242187
.000125
.000132812
5.46874e-05
.000101562
.000257812
4.68749e-05
.000226562
.00034375
.000265625
.00025
.000257812
.000234375
.000109375
.000234375
.0001875
.000226562
.000234375
.000382812
.000179687
3.90624e-05
3.90624e-05
.000101562
.00021875
1.56249e-05
.000226562
.000320312
.000382812
.00040625
.00015625
.000179687
.000132812
.000171875
.000164062
7.81249e-05
7.81249e-05
.0001875
.000273437
.000164062
.000148437
.000195312
.000171875
.000296875
.000226562
.0001875
.00025
.000242187
.000203125
6.24999e-05
3.12499e-05
3.90624e-05
.000148437
.000304687
.00025
.000164062
.00015625
.000195312
.000257812
.000210937
.000195312
.0001875
.00025
.00040625
4.68749e-05
2.34374e-05
6.24999e-05
7.81238e-06
1.56249e-05
-1.19209e-10
7.81249e-05
.0003125
.00040625
.000265625
8.59374e-05
7.03124e-05
7.81249e-05
9.37499e-05
1.56249e-05
.00015625
.000273437
.0003125
.000351562
.000171875
7.03124e-05
3.12499e-05
.000335937
.000148437
7.81249e-05
.000109375
.000234375
.000320312
.0003125
.00015625
.00021875
-2.34376e-05
4.68749e-05
9.37499e-05
3.90624e-05
.00015625
.000359375
.000226562
.000296875
.00025
.0001875
9.37499e-05
.000117187
-7.81262e-06
.000148437
.000265625
.00034375
.000296875
.000328125
.000257812
.000328125
.00021875
.000203125
.000296875
.000226562
.00028125
.0003125
.00025
.000171875
-1.19209e-10
6.24999e-05
.000132812
.000226562
.000109375
.000164062
.00025
.00025
.000390625
.0001875
.0001875
.000226562
.0001875
.00015625
.000109375
.000101562
.000109375
.000117187
