2500
2.e-09
250
.052002
-.000298438
-.000351563
-.00026875
-.000259375
-.000226563
-.000279688
-.000307813
-.000267188
-.000304688
-.00028125
-.000282813
-.000276563
-.000315625
-.000310938
-.000301563
-.000282813
-.000273438
-.00025
-.0003
-.000275
-.000282813
-.000278125
-.000239063
-.000278125
-.00025625
-.000279688
-.000259375
-.000290625
-.000284375
-.0003125
-.000271875
-.000221875
-.00028125
-.000279688
-.00028125
-.000260938
-.000257813
-.00025
-.000276563
-.000239063
-.000246875
-.000257813
-.0003125
-.000276563
-.000328125
-.000301563
-.000271875
-.000282813
-.000309375
-.00031875
-.000303125
-.000307813
-.000357813
-.000278125
-.000292188
-.000290625
-.000276563
-.000264063
-.000289063
-.000284375
-.000271875
-.000296875
-.000254688
-.000279688
-.000328125
-.00029375
-.000326563
-.0003
-.000296875
-.000323438
-.000315625
-.000273438
-.000301563
-.00025625
-.00030625
-.0002625
-.0002625
-.000304688
-.000275
-.0003
-.000276563
-.000289063
-.000301563
-.000265625
-.000301563
-.000246875
-.000228125
-.000246875
-.000254688
-.000290625
-.000259375
-.000242188
-.0002625
-.00029375
-.00024375
-.000284375
-.000301563
-.000265625
-.000289063
-.000278125
-.000260938
-.0003
-.000285938
-.000303125
-.000314063
-.000310938
-.000275
-.000276563
-.00025
-.000270313
-.00025625
-.000321875
-.000307813
-.000278125
-.000276563
-.000273438
-.000259375
-.000323438
-.000246875
-.00025
-.000320313
-.00031875
-.000289063
-.000285938
-.000354688
-.000310938
-.000267188
-.00025625
-.000359375
-.000290625
-.000298438
-.00030625
-.0003375
-.000346875
-.000314063
-.000292188
-.000348438
-.000335938
-.000259375
-.00026875
-.000303125
-.0002875
-.000251563
-.000289063
-.000298438
-.000282813
-.000265625
-.00030625
-.00031875
-.000279688
-.000307813
-.000317188
-.000335938
-.00030625
-.000321875
-.000285938
-.000289063
-.000289063
-.000296875
-.000257813
-.000273438
-.000279688
-.0002875
-.00026875
-.000276563
-.000339063
-.000304688
-.000264063
-.000257813
-.000334375
-.000326563
-.0002375
-.000279688
-.000321875
-.000267188
-.000307813
-.000310938
-.000315625
-.000304688
-.000251563
-.000315625
-.0002625
-.000260938
-.000326563
-.000317188
-.000292188
-.000240625
-.000282813
-.00029375
-.000325
-.000290625
-.00024375
-.000325
-.0003625
-.000321875
-.000303125
-.000326563
-.000295313
-.000285938
-.000296875
-.00028125
-.000346875
-.000285938
-.000285938
-.00030625
-.000345313
-.000375
-.00038125
-.000353125
-.000357813
-.000290625
-.000273438
-.000301563
-.000260938
-.000321875
-.000276563
-.000285938
-.00029375
-.000290625
-.000332813
-.00034375
-.000301563
-.000304688
-.000321875
-.000315625
-.00030625
-.000273438
-.000282813
-.000307813
-.000295313
-.0002625
-.000228125
-.00024375
-.000246875
-.000254688
-.00025
-.000270313
-.00026875
-.00021875
-.000248438
-.000282813
-.000267188
-.000307813
-.000290625
-.000275
-.000307813
-.000279688
-.000275
-.000292188
-.0002625
-.000254688
-.000273438
-.000332813
-.000314063
-.000315625
-.000296875
-.000265625
-.000298438
-.00026875
-.000245313
-.000298438
-.000257813
-.000298438
-.000304688
-.000325
-.000332813
-.000295313
-.000289063
-.000270313
-.000279688
-.000235938
-.0003125
-.00025625
-.000289063
-.000282813
-.000301563
-.000246875
-.000265625
-.000278125
-.000301563
-.000314063
-.000335938
-.000301563
-.000295313
-.000317188
-.000323438
-.0002875
-.000303125
-.000320313
-.000328125
-.000229688
-.000284375
-.000289063
-.00029375
-.000260938
-.000292188
-.000307813
-.000276563
-.000340625
-.000304688
-.000315625
-.0002875
-.000298438
-.000259375
-.000301563
-.000328125
-.0002625
-.000292188
-.00030625
-.000289063
-.000332813
-.000292188
-.000328125
-.000292188
-.000278125
-.000257813
-.000307813
-.0002625
-.000298438
-.000235938
-.000284375
-.000253125
-.000271875
-.000278125
-.000321875
-.000284375
-.000226563
-.0003
-.000279688
-.000329688
-.000253125
-.000278125
-.000276563
-.000285938
-.000325
-.000310938
-.000326563
-.000317188
-.0003
-.0003
-.000257813
-.000315625
-.000251563
-.00024375
-.000284375
-.000290625
-.000248438
-.000251563
-.00026875
-.000276563
-.000210938
-.00025625
-.000223438
-.000285938
-.000310938
-.000346875
-.000292188
-.000353125
-.000273438
-.000317188
-.000284375
-.000307813
-.000303125
-.000245313
-.0003125
-.000357813
-.00029375
-.000265625
-.00028125
-.00035625
-.000276563
-.000259375
-.000317188
-.000282813
-.00031875
-.000317188
-.000279688
-.00029375
-.000246875
-.00029375
-.000264063
-.000307813
-.000309375
-.000342188
-.000303125
-.000264063
-.000289063
-.000251563
-.000257813
-.000275
-.000254688
-.000246875
-.0003375
-.000321875
-.000276563
-.000321875
-.000282813
-.000307813
-.000304688
-.000267188
-.0002625
-.000273438
-.000304688
-.000271875
-.000279688
-.000239063
-.000229688
-.000232813
-.00026875
-.000275
-.000270313
-.000245313
-.000296875
-.000278125
-.000264063
-.0002375
-.000260938
-.000295313
-.000284375
-.000264063
-.00024375
-.0002625
-.000292188
-.000295313
-.0002625
-.000276563
-.000245313
-.000228125
-.000279688
-.000307813
-.00025
-.0003125
-.000296875
-.000367188
-.000320313
-.000267188
-.000282813
-.0002375
-.000292188
-.00026875
-.00025625
-.00035625
-.000251563
-.000292188
-.000292188
-.000307813
-.000259375
-.0003
-.000292188
-.000301563
-.000235938
-.000240625
-.000265625
-.000304688
-.000290625
-.000275
-.0002625
-.000298438
-.000221875
-.000275
-.000304688
-.000326563
-.000334375
-.000275
-.000301563
-.0003125
-.000320313
-.000340625
-.000325
-.000359375
-.000314063
-.000271875
-.0002875
-.00030625
-.00029375
-.000326563
-.000310938
-.000323438
-.000273438
-.000296875
-.00026875
-.00033125
-.0003
-.000275
-.000340625
-.000320313
-.00029375
-.000317188
-.000282813
-.000301563
-.000254688
-.000240625
-.000335938
-.000351563
-.0003125
-.00031875
-.000290625
-.000271875
-.000309375
-.000332813
-.000304688
-.00033125
-.000278125
-.000235938
-.00028125
-.000240625
-.0002375
-.000248438
-.000239063
-.000253125
-.000279688
-.000276563
-.000240625
-.000278125
-.000259375
-.000221875
-.000267188
-.000296875
-.000290625
-.0003125
-.000257813
-.000260938
-.000278125
-.000292188
-.00031875
-.00031875
-.000301563
-.000289063
-.0002875
-.000254688
-.000215625
-.000267188
-.000304688
-.00025625
-.000276563
-.000289063
-.000317188
-.000321875
-.000284375
-.000295313
-.000251563
-.000303125
-.0002625
-.000232813
-.00029375
-.000329688
-.00033125
-.000307813
-.000279688
-.000289063
-.000321875
-.000260938
-.000257813
-.000273438
-.000315625
-.000245313
-.000275
-.000285938
-.000260938
-.0003
-.000265625
-.000321875
-.000253125
-.000295313
-.000279688
-.000328125
-.000307813
-.0003
-.000301563
-.000271875
-.000270313
-.000242188
-.000246875
-.000301563
-.000259375
-.000315625
-.000273438
-.000346875
-.000315625
-.000342188
-.0003
-.000304688
-.000248438
-.00029375
-.000290625
-.000346875
-.000292188
-.000284375
-.000334375
-.000321875
-.000285938
-.0002875
-.000275
-.000264063
-.000279688
-.000259375
-.000209375
-.000321875
-.000276563
-.000259375
-.00029375
-.0003
-.000232813
-.000317188
-.000339063
-.00034375
-.00029375
-.000282813
-.000279688
-.000295313
-.000270313
-.000223438
-.000278125
-.000304688
-.000296875
-.000289063
-.000303125
-.000321875
-.000253125
-.0002875
-.0003
-.000285938
-.000232813
-.000232813
-.000267188
-.000273438
-.000275
-.00023125
-.0002875
-.000254688
-.000257813
-.00024375
-.000284375
-.000303125
-.000275
-.000278125
-.000307813
-.000275
-.000234375
-.000259375
-.000257813
-.000292188
-.000323438
-.000260938
-.00029375
-.000315625
-.000285938
-.000229688
-.000215625
-.00026875
-.000270313
-.000304688
-.00031875
-.000342188
-.0002875
-.000354688
-.0003125
-.000303125
-.000278125
-.000289063
-.000251563
-.000315625
-.00023125
-.00020625
-.000254688
-.000279688
-.000271875
-.000290625
-.000317188
-.00030625
-.0002875
-.000276563
-.000346875
-.000295313
-.000295313
-.000278125
-.000273438
-.000271875
-.00030625
-.000235938
-.000320313
-.000309375
-.000346875
-.000276563
-.000267188
-.000285938
-.0002625
-.000239063
-.000309375
-.000320313
-.000276563
-.000285938
-.000282813
-.000323438
-.0003375
-.000298438
-.000282813
-.000317188
-.000275
-.000242188
-.00024375
-.000314063
-.000321875
-.000279688
-.000334375
-.000270313
-.000260938
-.000245313
-.00029375
-.000320313
-.0003125
-.00026875
-.0002875
-.000275
-.000309375
-.000317188
-.000329688
-.000282813
-.000264063
-.000265625
-.000239063
-.000271875
-.000235938
-.000276563
-.000310938
-.0003
-.000253125
-.0002375
-.000279688
-.000304688
-.000326563
-.000309375
-.000307813
-.000335938
-.000323438
-.000315625
-.000320313
-.000276563
-.00030625
-.000239063
-.000264063
-.000296875
-.00026875
-.000267188
-.000326563
-.000279688
-.000226563
-.000245313
-.000276563
-.0002625
-.000279688
-.000303125
-.000334375
-.000270313
-.000292188
-.000325
-.000329688
-.000290625
-.000273438
-.00024375
-.000220313
-.000295313
-.000285938
-.000273438
-.000328125
-.000334375
-.000334375
-.000296875
-.000265625
-.000279688
-.000289063
-.000254688
-.000298438
-.000303125
-.00026875
-.00030625
-.000317188
-.000304688
-.00028125
-.0002375
-.000254688
-.000284375
-.00025625
-.000303125
-.000282813
-.000229688
-.000240625
-.0002625
-.000292188
-.000328125
-.00030625
-.000295313
-.000271875
-.000296875
-.000298438
-.000260938
-.000340625
-.000365625
-.000326563
-.000304688
-.000342188
-.000328125
-.000290625
-.000295313
-.0002875
-.000285938
-.000259375
-.000296875
-.0003125
-.000240625
-.000292188
-.000251563
-.000315625
-.000270313
-.0003
-.000270313
-.000251563
-.000298438
-.000260938
-.000257813
-.000264063
-.000220313
-.000240625
-.000204688
-.0002375
-.000296875
-.000275
-.000290625
-.0002875
-.000303125
-.000282813
-.000251563
-.000279688
-.0003
-.000295313
-.000279688
-.000253125
-.000304688
-.000271875
-.00025
-.000240625
-.000276563
-.00031875
-.000301563
-.000279688
-.00029375
-.000289063
-.000259375
-.0003
-.000296875
-.000276563
-.000232813
-.00030625
-.00025
-.000240625
-.0003125
-.000276563
-.0002875
-.000304688
-.000265625
-.00028125
-.00031875
-.000210938
-.000239063
-.000273438
-.000276563
-.000289063
-.00028125
-.000251563
-.000304688
-.000276563
-.000301563
-.000270313
-.000332813
-.000295313
-.000253125
-.000296875
-.000271875
-.00029375
-.000276563
-.000276563
-.000325
-.000323438
-.000265625
-.000290625
-.000317188
-.000275
-.000284375
-.000314063
-.000296875
-.0002875
-.000204688
-.000289063
-.000248438
-.000248438
-.000267188
-.00029375
-.00028125
-.000234375
-.000273438
-.000239063
-.000215625
-.0002125
-.000246875
-.000275
-.000220313
-.000220313
-.000235938
-.000264063
-.000290625
-.000214063
-.00026875
-.000278125
-.000320313
-.000309375
-.000229688
-.000251563
-.000254688
-.000282813
-.000271875
-.000298438
-.0002875
-.000298438
-.000248438
-.000276563
-.00028125
-.000296875
-.000303125
-.000296875
-.000303125
-.000317188
-.000321875
-.000317188
-.000265625
-.000304688
-.0003
-.00025
-.000251563
-.000239063
-.0002375
-.00025625
-.00025625
-.000253125
-.00026875
-.00026875
-.000270313
-.000296875
-.00021875
-.000301563
-.0003125
-.000303125
-.000246875
-.000259375
-.000273438
-.000285938
-.000214063
-.000292188
-.00025
-.000276563
-.000239063
-.00025625
-.000257813
-.00029375
-.000289063
-.000332813
-.000332813
-.0002875
-.0003
-.000325
-.000340625
-.000309375
-.000282813
-.000345313
-.000292188
-.000398438
-.000290625
-.000298438
-.000301563
-.000209375
-.000273438
-.000326563
-.000326563
-.000273438
-.000307813
-.000279688
-.0002875
-.000251563
-.000295313
-.000320313
-.000307813
-.000301563
-.000259375
-.0003125
-.000271875
-.000265625
-.0002
-.000267188
-.000257813
-.0003
-.000251563
-.0002875
-.000273438
-.00028125
-.0002875
-.00030625
-.000289063
-.000259375
-.00025625
-.000315625
-.000257813
-.000235938
-.000251563
-.000279688
-.000290625
-.0003
-.000295313
-.00030625
-.000273438
-.000298438
-.000284375
-.00029375
-.000301563
-.000275
-.0002625
-.000303125
-.0003125
-.000328125
-.000285938
-.000276563
-.000303125
-.0002375
-.000245313
-.000245313
-.0002625
-.000273438
-.000270313
-.0002875
-.000315625
-.000296875
-.000259375
-.000273438
-.00028125
-.00031875
-.000303125
-.000328125
-.000307813
-.000301563
-.000310938
-.000309375
-.000303125
-.00031875
-.0002875
-.000314063
-.000345313
-.000317188
-.000310938
-.000315625
-.000301563
-.000321875
-.000323438
-.000301563
-.000301563
-.000276563
-.000290625
-.000242188
-.000271875
-.000273438
-.00025625
-.000290625
-.000259375
-.000279688
-.000251563
-.00029375
-.000303125
-.000320313
-.000285938
-.00026875
-.000320313
-.000321875
-.000273438
-.000253125
-.000228125
-.00021875
-.000234375
-.000276563
-.00031875
-.000251563
-.000275
-.000295313
-.000315625
-.000328125
-.000329688
-.000290625
-.000298438
-.000239063
-.00023125
-.000267188
-.000284375
-.000276563
-.000314063
-.000290625
-.00031875
-.000321875
-.000270313
-.000325
-.000267188
-.000323438
-.00029375
-.0003125
-.00029375
-.000348438
-.000295313
-.00036875
-.000282813
-.00028125
-.000246875
-.000354688
-.000367188
-.000329688
-.000275
-.000279688
-.000309375
-.000296875
-.000320313
-.000339063
-.000295313
-.000257813
-.0003125
-.000242188
-.000289063
-.000275
-.000309375
-.000296875
-.000328125
-.000295313
-.000240625
-.00026875
-.000298438
-.000279688
-.000242188
-.0002625
-.000275
-.000278125
-.00025
-.0002625
-.0002625
-.00025
-.000273438
-.00031875
-.000326563
-.000325
-.000217188
-.000320313
-.000329688
-.000292188
-.000253125
-.000276563
-.000303125
-.0003125
-.000303125
-.000335938
-.000320313
-.000304688
-.000296875
-.000270313
-.0002875
-.000334375
-.000309375
-.000282813
-.00030625
-.000259375
-.0002875
-.00026875
-.00025
-.00025
-.000296875
-.000329688
-.000320313
-.000304688
-.000303125
-.000295313
-.0003
-.000259375
-.000282813
-.000309375
-.000303125
-.000296875
-.000276563
-.000276563
-.000246875
-.000234375
-.000235938
-.000223438
-.000271875
-.000323438
-.0003375
-.00033125
-.000329688
-.000339063
-.000278125
-.0003
-.000270313
-.0002625
-.000225
-.000276563
-.000245313
-.000245313
-.000260938
-.000285938
-.000265625
-.000264063
-.000290625
-.000246875
-.000279688
-.000279688
-.000346875
-.000284375
-.00033125
-.000309375
-.000278125
-.0002875
-.000290625
-.000270313
-.0002875
-.000285938
-.000335938
-.0002625
-.000296875
-.000270313
-.000284375
-.000276563
-.000267188
-.000332813
-.00033125
-.000334375
-.000325
-.00034375
-.000296875
-.000317188
-.0003
-.00026875
-.000275
-.000246875
-.000251563
-.000275
-.000292188
-.000239063
-.000240625
-.000307813
-.000303125
-.000298438
-.000240625
-.000317188
-.000253125
-.00025
-.0002625
-.000284375
-.000265625
-.000279688
-.0002625
-.000290625
-.000292188
-.000285938
-.00028125
-.000248438
-.000326563
-.0002875
-.000267188
-.000260938
-.000279688
-.000279688
-.000234375
-.000304688
-.000323438
-.000282813
-.000259375
-.000314063
-.0003125
-.000282813
-.000276563
-.000248438
-.000301563
-.000314063
-.000342188
-.000317188
-.0003
-.000264063
-.000303125
-.000295313
-.000307813
-.000296875
-.000301563
-.000334375
-.00035
-.000317188
-.000296875
-.000292188
-.000298438
-.000292188
-.000284375
-.000279688
-.000271875
-.000317188
-.000260938
-.000278125
-.00030625
-.0002875
-.000254688
-.000334375
-.000289063
-.000315625
-.000304688
-.000295313
-.000321875
-.000267188
-.000284375
-.000264063
-.000320313
-.000303125
-.000295313
-.000271875
-.000271875
-.000290625
-.000248438
-.00023125
-.000271875
-.000292188
-.000239063
-.000329688
-.000310938
-.000301563
-.000323438
-.000323438
-.000310938
-.000309375
-.000315625
-.00029375
-.000282813
-.0003
-.000304688
-.000340625
-.000296875
-.000321875
-.000348438
-.00036875
-.0003375
-.0003125
-.000301563
-.00031875
-.000342188
-.000279688
-.000279688
-.000321875
-.000296875
-.000284375
-.000328125
-.000315625
-.000329688
-.00028125
-.000254688
-.000253125
-.000282813
-.000270313
-.00028125
-.000285938
-.00029375
-.000282813
-.000253125
-.000207813
-.00024375
-.000235938
-.00024375
-.000309375
-.000282813
-.000290625
-.000246875
-.000303125
-.00029375
-.000317188
-.000271875
-.000282813
-.000309375
-.000257813
-.0002625
-.000229688
-.000270313
-.000285938
-.000290625
-.000270313
-.000323438
-.000314063
-.00029375
-.00031875
-.000314063
-.000301563
-.00028125
-.000340625
-.000310938
-.000285938
-.000307813
-.000292188
-.000275
-.000226563
-.0002625
-.000273438
-.000317188
-.000270313
-.000284375
-.000289063
-.000304688
-.000304688
-.00026875
-.000307813
-.000314063
-.000309375
-.000282813
-.000282813
-.000265625
-.0002625
-.000267188
-.000229688
-.000257813
-.000290625
-.0002625
-.000326563
-.000251563
-.000209375
-.000257813
-.000228125
-.000290625
-.00024375
-.000203125
-.0002875
-.000284375
-.000290625
-.000260938
-.000251563
-.000235938
-.000270313
-.00024375
-.000225
-.000282813
-.000290625
-.000276563
-.000292188
-.000278125
-.000245313
-.000301563
-.00028125
-.000295313
-.00024375
-.00025
-.00031875
-.00033125
-.000339063
-.000298438
-.000340625
-.000292188
-.000317188
-.000301563
-.000301563
-.00026875
-.00026875
-.000278125
-.000329688
-.0003375
-.000298438
-.000278125
-.0002625
-.0002625
-.000242188
-.00025625
-.000298438
-.000317188
-.000295313
-.000315625
-.000254688
-.000301563
-.000257813
-.000225
-.000260938
-.000267188
-.000275
-.000217188
-.000254688
-.000278125
-.000267188
-.000257813
-.000239063
-.000259375
-.000284375
-.000292188
-.00028125
-.000314063
-.000304688
-.000270313
-.000234375
-.000273438
-.000296875
-.000240625
-.000270313
-.000257813
-.000323438
-.000257813
-.000251563
-.000315625
-.000267188
-.000307813
-.000276563
-.0002625
-.000307813
-.0002625
-.00030625
-.000314063
-.000279688
-.000289063
-.000304688
-.000317188
-.0003125
-.0003125
-.000335938
-.00033125
-.000346875
-.000279688
-.000292188
-.000384375
-.000346875
-.000296875
-.000304688
-.0002875
-.0003375
-.000303125
-.000301563
-.000317188
-.000323438
-.000346875
-.000373438
-.000296875
-.000282813
-.000248438
-.00024375
-.000309375
-.00030625
-.000298438
-.0003375
-.0003375
-.000257813
-.000295313
-.000295313
-.000270313
-.000323438
-.000334375
-.000314063
-.000371875
-.000295313
-.000259375
-.000328125
-.000273438
-.00031875
-.000246875
-.000264063
-.000304688
-.000332813
-.0003
-.000321875
-.000304688
-.000292188
-.0002875
-.000254688
-.00028125
-.000260938
-.000301563
-.000348438
-.000365625
-.000289063
-.0003125
-.000314063
-.00034375
-.000317188
-.00025625
-.000325
-.000360938
-.000382813
-.00033125
-.000310938
-.000282813
-.000278125
-.000276563
-.00030625
-.000301563
-.000317188
-.000260938
-.000259375
-.0003
-.000301563
-.000234375
-.000334375
-.000364063
-.00035
-.0003
-.000267188
-.000303125
-.000303125
-.000278125
-.00030625
-.000326563
-.000364063
-.000285938
-.000271875
-.000292188
-.00028125
-.00025625
-.00028125
-.000314063
-.000292188
-.000270313
-.000354688
-.000342188
-.00033125
-.0003125
-.000320313
-.000328125
-.000292188
-.0002625
-.000334375
-.000315625
-.000307813
-.00025625
-.000303125
-.000290625
-.00031875
-.000332813
-.000339063
-.000278125
-.000239063
-.000225
-.000259375
-.000267188
-.000228125
-.000251563
-.0002125
-.000254688
-.00028125
-.000260938
-.000270313
-.00028125
-.000242188
-.00026875
-.000320313
-.000298438
-.000225
-.00025625
-.000282813
-.0003
-.00033125
-.000332813
-.000382813
-.000282813
-.0002875
-.000270313
-.000289063
-.00034375
-.000276563
-.00030625
-.000315625
-.00030625
-.000314063
-.000325
-.000325
-.000301563
-.000304688
-.000270313
-.00028125
-.0003125
-.000298438
-.00025625
-.000228125
-.000278125
-.000267188
-.000276563
-.00031875
-.00031875
-.000325
-.000260938
-.000329688
-.000276563
-.000285938
-.00034375
-.000317188
-.000304688
-.0003125
-.00031875
-.000357813
-.000303125
-.000279688
-.000282813
-.000239063
-.00029375
-.000273438
-.000279688
-.000276563
-.000275
-.000329688
-.000296875
-.000284375
-.000314063
-.000301563
-.000259375
-.000223438
-.00029375
-.000265625
-.000273438
-.000275
-.000346875
-.000320313
-.00029375
-.000317188
-.00030625
-.000235938
-.000239063
-.000276563
-.000325
-.000304688
-.000298438
-.000289063
-.000328125
-.000282813
-.000278125
-.000257813
-.000298438
-.0003
-.000285938
-.0003
-.00035
-.000282813
-.000314063
-.000339063
-.000315625
-.000301563
-.000285938
-.000304688
-.000404688
-.000314063
-.000326563
-.000298438
-.000320313
-.000275
-.000292188
-.000290625
-.0003375
-.0002625
-.000276563
-.000290625
-.00033125
-.000329688
-.00035625
-.000321875
-.000378125
-.000325
-.0003375
-.000307813
-.000321875
-.0003125
-.000314063
-.000339063
-.000329688
-.000320313
-.000265625
-.000270313
-.000279688
-.000295313
-.000315625
-.000314063
-.0002875
-.000278125
-.00033125
-.00030625
-.0002875
-.000315625
-.000273438
-.00034375
-.000348438
-.00030625
-.000251563
-.000309375
-.000335938
-.000298438
-.000239063
-.000264063
-.000221875
-.0002875
-.0002625
-.000303125
-.000342188
-.0003375
-.00029375
-.000270313
-.00031875
-.000309375
-.000292188
-.000321875
-.000321875
-.000284375
-.000275
-.000289063
-.000279688
-.0002875
-.000270313
-.000289063
-.000282813
-.000304688
-.000307813
-.00034375
-.000353125
-.00035
-.000345313
-.000284375
-.000328125
-.000292188
-.00033125
-.000284375
-.00028125
-.00025
-.0003
-.000301563
-.000334375
-.000254688
-.0002625
-.000310938
-.000370313
-.000278125
-.000265625
-.0002625
-.000307813
-.000326563
-.000273438
-.000348438
-.000370313
-.000325
-.000325
-.00029375
-.0003
-.000259375
-.000228125
-.000264063
-.0003125
-.000317188
-.000289063
-.000321875
-.000265625
-.00028125
-.000282813
-.000339063
-.0003125
-.000301563
-.000290625
-.000340625
-.000334375
-.000292188
-.000245313
-.000314063
-.0002875
-.000245313
-.000260938
-.000298438
-.000326563
-.000315625
-.0003375
-.0002375
-.000348438
-.000307813
-.000334375
-.0003
-.000353125
-.000332813
-.000326563
-.000254688
-.000298438
-.000265625
-.000315625
-.000292188
-.000290625
-.000253125
-.0003
-.000321875
-.000334375
-.0003
-.00026875
-.00028125
-.000339063
-.000334375
-.000315625
-.000314063
-.000314063
-.000275
-.000321875
-.000329688
-.000315625
-.000296875
-.000271875
-.000317188
-.000359375
-.000334375
-.000254688
-.000320313
-.000276563
-.000289063
-.000323438
-.000325
-.000289063
-.0003125
-.000267188
-.000303125
-.0003125
-.000296875
-.00028125
-.000240625
-.0002875
-.000235938
-.000275
-.000307813
-.00030625
-.000290625
-.000251563
-.000298438
-.000339063
-.000309375
-.0003125
-.000296875
-.00030625
-.000278125
-.000290625
-.000242188
-.000289063
-.0003125
-.0002875
-.00033125
-.000303125
-.000273438
-.000259375
-.000246875
-.000284375
-.000353125
-.000335938
-.000301563
-.000339063
-.000309375
-.000251563
-.0002875
-.000295313
-.000275
-.000257813
-.000284375
-.000315625
-.000290625
-.000307813
-.000301563
-.000304688
-.000339063
-.000314063
-.000339063
-.000314063
-.000304688
-.00028125
-.00034375
-.00034375
-.000292188
-.000284375
-.000259375
-.000295313
-.000285938
-.00025625
-.000317188
-.000378125
-.00030625
-.000246875
-.0002875
-.000323438
-.000309375
-.000257813
-.000264063
-.000284375
-.000251563
-.000240625
-.000290625
-.00023125
-.0002375
-.00028125
-.000267188
-.000298438
-.000229688
-.000278125
-.000270313
-.0002625
-.000292188
-.00025625
-.000310938
-.000307813
-.000264063
-.000307813
-.000232813
-.000265625
-.000248438
-.000285938
-.00031875
-.000332813
-.000314063
-.000257813
-.000284375
-.000298438
-.000298438
-.000310938
-.000317188
-.00029375
-.000271875
-.000292188
-.000295313
-.000332813
-.000326563
-.000284375
-.000273438
-.000309375
-.000265625
-.000232813
-.000320313
-.000315625
-.000346875
-.000296875
-.000315625
-.000314063
-.000354688
-.000317188
-.000298438
-.00031875
-.000282813
-.000259375
-.000289063
-.000309375
-.000253125
-.0002625
-.000265625
-.000298438
-.0003125
-.000301563
-.000335938
-.000320313
-.000265625
-.000282813
-.0002375
-.000317188
-.000340625
-.000290625
-.000275
-.000309375
-.000298438
-.00025
-.000254688
-.000276563
-.000278125
-.000253125
-.000304688
-.000290625
-.000342188
-.00029375
-.0003625
-.00030625
-.00025
-.000251563
-.000264063
-.000242188
-.0002375
-.0002375
-.000248438
-.000253125
-.000246875
-.000267188
-.000301563
-.00028125
-.000276563
-.00026875
-.000240625
-.000298438
-.000254688
-.000267188
-.000276563
-.000323438
-.00029375
-.000307813
-.00029375
-.000251563
-.000326563
-.000270313
-.000340625
-.000323438
-.000379688
-.000301563
-.00035
-.000323438
-.000303125
-.000321875
-.0002625
-.000301563
-.000290625
-.000314063
-.000301563
-.000315625
-.000304688
-.000254688
-.000315625
-.000328125
-.000317188
-.000304688
-.000334375
-.000315625
-.000303125
-.000325
-.000298438
-.000346875
-.000259375
-.000304688
-.000303125
-.000259375
-.000248438
-.000251563
-.000251563
-.0002875
-.0002625
-.000254688
-.000278125
-.000270313
-.000279688
-.000271875
-.000276563
-.000242188
-.0002625
-.000240625
-.00026875
-.000273438
-.000307813
-.000310938
-.0003375
-.000323438
-.000360938
-.000359375
-.000329688
-.000289063
-.000276563
-.00030625
-.000298438
-.000329688
-.0003
-.000276563
-.00031875
-.00028125
-.00029375
-.000254688
-.000329688
-.00030625
-.000298438
-.00028125
-.00029375
-.00030625
-.000326563
-.0002625
-.000254688
-.000321875
-.000301563
-.00029375
-.00029375
-.000334375
-.000284375
-.000298438
-.00031875
-.000271875
-.000273438
-.000267188
-.000290625
-.000289063
-.000265625
-.000264063
-.000285938
-.000321875
-.000276563
-.000195313
-.000226563
-.000301563
-.000267188
-.000276563
-.000248438
-.000264063
-.000259375
-.0002125
-.000264063
-.00025
-.00024375
-.000254688
-.000265625
-.000275
-.000296875
-.0002875
-.000301563
-.000326563
-.000290625
-.000278125
-.000264063
-.000275
-.000285938
-.000296875
-.000296875
-.00024375
-.000259375
-.00025625
-.00028125
-.000329688
-.000282813
-.000260938
-.00028125
-.000304688
-.000325
-.0002625
-.000304688
-.000282813
-.000301563
-.0002875
-.000290625
-.000235938
-.000289063
-.000298438
-.0002875
-.00033125
-.000342188
-.0003
-.00033125
-.000325
-.000290625
-.000307813
-.000379688
-.000334375
-.000321875
-.000264063
-.000296875
-.0003125
-.000276563
-.000246875
-.0003
-.0003
-.000310938
-.000292188
-.000290625
-.000301563
-.000265625
-.000253125
-.000346875
-.000382813
-.000359375
-.000325
-.000301563
-.000321875
-.00028125
-.000265625
-.000257813
-.00025625
-.000279688
-.000253125
-.000326563
-.0003375
-.000332813
-.00026875
-.000307813
-.000326563
-.000320313
-.000239063
-.000310938
-.000292188
-.000329688
-.000295313
-.00035625
-.000301563
-.0003375
-.000264063
-.000265625
-.000303125
-.000317188
-.000278125
-.000329688
-.00033125
-.000353125
-.00028125
-.000253125
-.00035625
-.000329688
-.000284375
-.00033125
-.00031875
-.000251563
-.000232813
-.000257813
-.0002875
-.000246875
-.000248438
-.000320313
-.000370313
-.000315625
-.000335938
-.0003375
-.00034375
-.000309375
-.000276563
-.000304688
-.000298438
-.00029375
-.000267188
-.000304688
-.0003125
-.000245313
-.000265625
-.000298438
-.000254688
-.000326563
-.000285938
-.000310938
-.000303125
-.000279688
-.000307813
-.000351563
-.000354688
-.00033125
-.000278125
-.000304688
-.00025
-.000254688
-.000271875
-.0003
-.000342188
-.000295313
-.000295313
-.000282813
-.000248438
-.000332813
-.000335938
-.000314063
-.000314063
-.000314063
-.00025625
-.0002875
-.000278125
-.000295313
-.00024375
-.000264063
-.000278125
-.000251563
-.000257813
-.00024375
-.000282813
-.0002875
-.000326563
-.000307813
-.0003125
-.000326563
-.00026875
-.000334375
-.000285938
-.000310938
-.000314063
-.000334375
-.0003
-.000267188
-.00029375
-.00036875
-.00034375
-.000295313
-.000307813
-.0003125
-.000335938
-.00035
-.0003
-.00028125
-.000282813
-.000285938
-.000223438
-.0003125
-.00026875
-.000276563
-.00024375
-.00031875
-.000282813
-.000325
-.000315625
-.000328125
-.000295313
-.000307813
-.000265625
-.000289063
-.000340625
-.0003375
-.000351563
-.000345313
-.000339063
-.000285938
-.00026875
-.00028125
-.000309375
-.000317188
-.0003125
-.000314063
-.000326563
-.00029375
-.000326563
-.000260938
-.00029375
-.000323438
-.000279688
-.000296875
-.000292188
-.000290625
-.00029375
-.000289063
-.00031875
-.000273438
-.000270313
-.000303125
-.000309375
-.0002625
-.000309375
-.000276563
-.00031875
-.000310938
-.00036875
-.00034375
-.000354688
-.000304688
-.000282813
-.000310938
-.000378125
-.000335938
-.000314063
-.0003
-.000357813
-.000284375
-.000315625
-.000303125
-.000307813
-.000289063
-.000303125
-.000323438
-.000295313
-.000273438
-.000278125
-.000245313
-.000359375
-.000332813
-.000275
-.0003125
-.000290625
-.000251563
-.000290625
-.000265625
-.000295313
-.0003125
-.0002875
-.000304688
-.000290625
-.000276563
-.00023125
-.000276563
-.00035
-.0003375
-.000270313
-.000296875
-.000321875
-.000285938
-.00026875
-.000292188
-.000303125
-.000270313
-.0003
-.00035
-.000279688
-.000275
-.00025
-.00025625
-.0003
-.00026875
-.000260938
-.000271875
-.000260938
-.000240625
-.000240625
-.000215625
-.000239063
-.000257813
-.000232813
-.000290625
-.000259375
-.000304688
-.000301563
-.000307813
-.000246875
-.000304688
-.000251563
