2500
2.e-09
250
.483765
-.000226563
-.000254688
-.000252344
-.000249219
-.000216406
-.000247656
-.000227344
-.000260938
-.000217969
-.000230469
-.000235938
-.000217188
-.000232813
-.00023125
-.000217188
-.000200781
-.000203906
-.000226563
-.00023125
-.000257031
-.000254688
-.000253906
-.000232031
-.000228125
-.000217188
-.000240625
-.000247656
-.000252344
-.000241406
-.000221875
-.000253125
-.000239844
-.000246875
-.000242188
-.000224219
-.00023125
-.000225
-.000227344
-.000257813
-.000257031
-.000242969
-.000228906
-.000216406
-.000246875
-.000229688
-.000225781
-.000249219
-.000214844
-.000207031
-.00024375
-.000267188
-.000188281
-.00025625
-.000238281
-.000236719
-.000267188
-.000233594
-.000259375
-.000263281
-.000242969
-.000255469
-.000223438
-.000228906
-.000213281
-.000234375
-.000214063
-.000232031
-.000234375
-.000272656
-.000219531
-.000214844
-.000224219
-.000245313
-.00025625
-.000207813
-.000219531
-.000247656
-.000240625
-.0002625
-.000253906
-.000242188
-.000245313
-.000221094
-.000235938
-.000239063
-.000230469
-.000246875
-.000279688
-.000250781
-.000235156
-.000241406
-.000246875
-.000245313
-.000235156
-.000246875
-.000234375
-.0002375
-.000250781
-.000242969
-.000213281
-.000250781
-.000248438
-.000253906
-.000236719
-.000232031
-.000226563
-.000209375
-.000220313
-.00023125
-.00025
-.000245313
-.000219531
-.000234375
-.000214063
-.0002375
-.000255469
-.000279688
-.000240625
-.000249219
-.000245313
-.000203125
-.000199219
-.000250781
-.000260156
-.000264844
-.000251563
-.000260156
-.00025
-.000242969
-.000235156
-.000246094
-.000217969
-.000238281
-.000224219
-.00020625
-.000217188
-.000234375
-.000214844
-.000234375
-.000258594
-.000264063
-.000240625
-.000219531
-.000242188
-.000249219
-.000249219
-.000260938
-.000239844
-.000264063
-.000228906
-.000225781
-.00023125
-.000257813
-.000233594
-.000239844
-.000240625
-.000259375
-.000240625
-.000221094
-.000220313
-.000246094
-.000227344
-.000254688
-.000248438
-.000230469
-.000217188
-.00024375
-.00024375
-.000226563
-.000250781
-.000238281
-.000232813
-.000245313
-.00023125
-.000226563
-.000228906
-.000257813
-.000245313
-.00024375
-.000239844
-.000226563
-.000260938
-.000199219
-.000210938
-.000233594
-.000267188
-.000227344
-.000223438
-.000260938
-.000246094
-.000241406
-.000195313
-.000271875
-.000217969
-.000259375
-.000261719
-.000250781
-.000199219
-.000258594
-.000228906
-.000242969
-.000213281
-.000220313
-.000202344
-.000228906
-.000260156
-.000258594
-.000278906
-.000264844
-.000213281
-.00025
-.000228906
-.000242969
-.00023125
-.000238281
-.000240625
-.000240625
-.000264063
-.000253906
-.00024375
-.000230469
-.000242969
-.000258594
-.000225
-.000234375
-.000220313
-.00024375
-.000283594
-.000258594
-.000240625
-.000296094
-.000242188
-.000195313
-.000204688
-.000232813
-.000240625
-.000260156
-.00025625
-.000264844
-.000240625
-.000228906
-.000244531
-.00025
-.000252344
-.00024375
-.000219531
-.000248438
-.000245313
-.000267188
-.000233594
-.000242969
-.000270313
-.000238281
-.000207813
-.00025
-.000246875
-.000257031
-.000242969
-.000255469
-.000232031
-.00023125
-.00021875
-.000214844
-.000198438
-.000221094
-.000209375
-.000224219
-.000233594
-.000225781
-.00019375
-.000214844
-.000178125
-.000184375
-.00018125
-.000150781
-.0001125
-.000116406
-.00013125
-.000108594
-8.4375e-05
-5.9375e-05
2.73437e-05
3.12499e-06
6.79687e-05
.000153125
.00016875
.000210156
.000299219
.000360937
.000441406
.000535937
.000642969
.0007625
.0009
.00104766
.00118828
.00132344
.00150937
.00170469
.00186094
.00197578
.00212187
.00223281
.00237422
.00239531
.00243516
.00243984
.00242656
.002425
.00239141
.00233203
.00226172
.00227266
.00217344
.00206719
.00198125
.00187812
.00182656
.00171797
.00160859
.00152109
.00142969
.00135391
.00122031
.00114219
.00102109
.000958594
.000866406
.000804687
.000698437
.000633594
.000565625
.000496094
.000430469
.000314062
.000278906
.000183594
.000126562
1.32812e-05
-5.15625e-05
-9.53125e-05
-.000189063
-.000222656
-.000321875
-.00038125
-.00045
-.000508594
-.000582812
-.000703906
-.000728906
-.000821094
-.000863281
-.000955469
-.00103125
-.00109297
-.00116641
-.00123047
-.00127187
-.00136406
-.00140391
-.00141484
-.00150937
-.00159141
-.00165547
-.00173984
-.00178437
-.00188672
-.00193594
-.00202031
-.00205156
-.00212344
-.0021875
-.00224609
-.00228203
-.00234219
-.00236406
-.00243594
-.00251562
-.00255156
-.00260625
-.00265156
-.00266797
-.00266875
-.00273984
-.00279297
-.00285937
-.00289141
-.00289297
-.00294219
-.00294531
-.00298828
-.00305078
-.00305625
-.00306172
-.00312734
-.00314531
-.00315391
-.00318828
-.00320859
-.00325859
-.00326953
-.00325312
-.00324687
-.00330469
-.00331875
-.00333047
-.00332734
-.00338359
-.00340859
-.00338828
-.00338203
-.00340234
-.00342578
-.00343594
-.00347969
-.00349297
-.00349141
-.00348047
-.00352969
-.00350312
-.00351484
-.0035375
-.00354609
-.00356406
-.00356719
-.00355234
-.00357344
-.00357422
-.00357812
-.00355703
-.00360078
-.00359141
-.003625
-.00361172
-.0036
-.00361719
-.00360078
-.00361562
-.00362344
-.00361406
-.00362578
-.00360859
-.00361172
-.00359375
-.00355703
-.00358437
-.00357109
-.00354375
-.00355547
-.00348672
-.00347266
-.00344922
-.00342422
-.00302891
-.000305469
.00517031
.00986016
.0124984
.0147359
.0165992
.0172352
.0168711
.0158203
.0142437
.0123961
.0107773
.00953516
.00840312
.00741875
.00678047
.00644922
.00616328
.00586328
.00556719
.00515859
.00462578
.00403125
.00336094
.00272812
.002075
.00148828
.00101641
.000660937
.000430469
.00035
.000439844
.000608594
.000854687
.00112422
.00135391
.00147578
.00149453
.00145156
.00128516
.00106016
.000821094
.000588281
.000389844
.000269531
.000229687
.000273437
.00028125
.000290625
.000285937
.000271094
.000238281
.000135937
-5.07813e-05
-.000246094
-.000471875
-.000721094
-.000908594
-.00103047
-.00114297
-.00111562
-.00109844
-.00105859
-.00100469
-.000903125
-.000841406
-.000846875
-.000907812
-.00103906
-.00121172
-.00141875
-.00167187
-.00190078
-.002175
-.00233437
-.00250391
-.00257656
-.00265469
-.00265391
-.00261797
-.00258594
-.00247344
-.00236797
-.00226875
-.00215859
-.00206797
-.00208437
-.00207969
-.00210156
-.00212812
-.00214375
-.00218359
-.00215
-.00217031
-.00213984
-.00210937
-.00207187
-.00200234
-.00197344
-.00193125
-.00191094
-.00187109
-.00185078
-.00184531
-.00183437
-.00174922
-.00168516
-.00158125
-.00147422
-.00140469
-.00125703
-.00118594
-.00107656
-.000953125
-.000857812
-.000786719
-.000700781
-.000686719
-.000667969
-.000684375
-.000633594
-.000667969
-.000677344
-.000695312
-.0006375
-.000625
-.000544531
-.000517187
-.00041875
-.000410938
-.000347656
-.000317969
-.000321094
-.000310156
-.000329688
-.000298438
-.000292188
-.000339844
-.000373438
-.0003875
-.000421094
-.000464063
-.000489062
-.000503125
-.000571094
-.000560156
-.000551562
-.000592969
-.000625
-.000646094
-.000657812
-.000696875
-.000703125
-.000674219
-.00069375
-.000689844
-.000671094
-.000685937
-.000689062
-.000633594
-.000617187
-.0006
-.000552344
-.000566406
-.000505469
-.000495312
-.000421094
-.000367969
-.000305469
-.000246875
-.000221094
-.000208594
-.000128125
-.000103906
-4.14063e-05
-3.12501e-06
1.09375e-05
4.0625e-05
8.90625e-05
.000153125
.000192187
.00026875
.000349219
.00041875
.000448437
.00053125
.000630469
.000759375
.000796094
.000871875
.000932031
.000967187
.00103047
.00103828
.00107734
.00113594
.00118203
.00123516
.00122891
.00123281
.00121406
.00124375
.00123359
.00124687
.00125156
.00119844
.00114844
.00108359
.000989062
.000969531
.000926562
.000899219
.000867969
.00081875
.000786719
.000767187
.000677344
.000674219
.000610937
.000551562
.000529687
.000486719
.000427344
.000380469
.000330469
.000303906
.000271094
.000226562
.00019375
.000148437
.000139844
.0001
3.28125e-05
-1.875e-05
-1.875e-05
-7.57813e-05
-7.34375e-05
-.0001
-.000134375
-.000133594
-.000182031
-.00020625
-.000232813
-.000224219
-.000247656
-.000255469
-.00025625
-.0002875
-.000285156
-.000290625
-.000332813
-.000334375
-.000358594
-.000370313
-.000408594
-.000403906
-.000409375
-.000407813
-.000446094
-.000467188
-.000511719
-.000551562
-.000513281
-.000566406
-.000539844
-.000553125
-.000557031
-.000597656
-.000607812
-.000648437
-.000626562
-.000632812
-.000621875
-.000657031
-.00065625
-.000610937
-.000629687
-.000653906
-.000638281
-.000651562
-.000620312
-.000611719
-.000633594
-.000629687
-.000604687
-.000582812
-.000586719
-.000569531
-.000541406
-.000533594
-.000500781
-.00051875
-.000509375
-.000491406
-.0004875
-.000459375
-.000475781
-.000469531
-.00045625
-.000439844
-.0004375
-.000432031
-.000421094
-.00041875
-.000414063
-.000424219
-.000442969
-.000465625
-.000446875
-.000430469
-.000447656
-.000459375
-.000489062
-.000460156
-.00046875
-.000435156
-.000435938
-.000400781
-.000390625
-.000410156
-.000446875
-.000467188
-.000448438
-.0004375
-.000413281
-.000480469
-.000467188
-.000480469
-.000514844
-.000477344
-.000475781
-.000503125
-.000452344
-.000483594
-.00051875
-.000485156
-.000494531
-.000460938
-.000505469
-.000507812
-.000528906
-.000541406
-.000551562
-.000529687
-.000496875
-.000486719
-.000448438
-.000476562
-.000440625
-.000464063
-.000466406
-.000429688
-.000432813
-.00044375
-.000421875
-.000410156
-.000448438
-.000411719
-.000410938
-.000352344
-.000363281
-.000335938
-.000332813
-.000332031
-.000325
-.000305469
-.0002875
-.000282813
-.000259375
-.000263281
-.000232813
-.000217188
-.000197656
-.000177344
-.000173438
-.000139844
-9.60938e-05
-8.125e-05
-7.26563e-05
-6.71875e-05
-3.67188e-05
-2.5e-05
-2.8125e-05
2.1875e-05
6.875e-05
7.8125e-05
9.29687e-05
.000107031
.0001125
.000125781
.000144531
.000163281
.000191406
.000179687
.000164844
.000176562
.000214062
.000184375
.000184375
.000180469
.000141406
.000160937
.0001375
.000103906
.000100781
9.53125e-05
8.75e-05
8.59375e-05
8.67187e-05
7.26562e-05
5.39062e-05
3.59375e-05
8.59374e-06
3.90624e-06
4.68749e-06
7.81238e-07
-1.25e-05
-6.32813e-05
-.000110938
-.000135938
-.000141406
-.000139063
-.000159375
-.000209375
-.000215625
-.000272656
-.000246875
-.000263281
-.000258594
-.000286719
-.00030625
-.000307813
-.000317969
-.000349219
-.000328906
-.000352344
-.000320313
-.000339844
-.000378906
-.000385938
-.000407031
-.000448438
-.00044375
-.000410156
-.000410938
-.000397656
-.00043125
-.000432031
-.00048125
-.000489844
-.000463281
-.000458594
-.000491406
-.000507812
-.000510156
-.000535937
-.00049375
-.000527344
-.000517187
-.000496875
-.000476562
-.000492969
-.000507031
-.0005
-.000460938
-.000471094
-.000453125
-.000439063
-.000465625
-.000457813
-.000463281
-.00043125
-.000428125
-.000414063
-.000422656
-.000396875
-.000341406
-.000366406
-.00033125
-.000299219
-.000291406
-.000310156
-.000282813
-.000289063
-.000276563
-.000295313
-.000294531
-.0002875
-.000253906
-.0003
-.00026875
-.000271875
-.000282031
-.000276563
-.000267188
-.000303125
-.000230469
-.000246875
-.000232813
-.000234375
-.000222656
-.000228125
-.000233594
-.000209375
-.000196094
-.000192188
-.000197656
-.000176563
-.000183594
-.000196875
-.000228125
-.000219531
-.000235938
-.000254688
-.000219531
-.000233594
-.000239844
-.00025
-.000247656
-.000249219
-.000282813
-.000282031
-.0002875
-.000275781
-.000254688
-.000285156
-.000263281
-.000240625
-.000253125
-.000288281
-.000275
-.000296875
-.000278125
-.000259375
-.000291406
-.000227344
-.000246875
-.000277344
-.000265625
-.000282031
-.000242969
-.000211719
-.000232813
-.000254688
-.000264844
-.000264844
-.000269531
-.000246875
-.000247656
-.000236719
-.000242188
-.000267188
-.000264063
-.000267188
-.000285938
-.000249219
-.000207813
-.0002375
-.000240625
-.000224219
-.000250781
-.000241406
-.000221094
-.000235156
-.000196875
-.000174219
-.000166406
-.000189063
-.000166406
-.000179688
-.000174219
-.000165625
-.000160938
-.000122656
-.000135938
-.000120313
-.000116406
-.000120313
-.000133594
-.000128125
-.000125
-.000114844
-.000130469
-.000100781
-.00013125
-.000102344
-9.92188e-05
-.000105469
-6.79688e-05
-4.92188e-05
-8.28125e-05
-7.8125e-05
-6.40625e-05
-7.1875e-05
-6.01563e-05
-9.53125e-05
-8.59375e-05
-8.75e-05
-6.95313e-05
-.000103906
-8.28125e-05
-.000109375
-.000111719
-9.84375e-05
-.000138281
-.000103906
-9.76563e-05
-.000125
-.000129688
-.000122656
-.000125781
-.000158594
-.000163281
-.000198438
-.000151563
-.000188281
-.000195313
-.000186719
-.000191406
-.000209375
-.000217188
-.000225
-.000220313
-.000225
-.000214844
-.000229688
-.000228906
-.000246875
-.000283594
-.000255469
-.000261719
-.000255469
-.000274219
-.000292188
-.000276563
-.000282031
-.000253125
-.000264844
-.000282813
-.000278906
-.000291406
-.000292969
-.000338281
-.000278906
-.000326563
-.00031875
-.00033125
-.000286719
-.000271094
-.000342188
-.000335938
-.00034375
-.000346094
-.000303125
-.000303125
-.000324219
-.000322656
-.000353906
-.000342188
-.000325781
-.000310938
-.000352344
-.00031875
-.000325781
-.000302344
-.000347656
-.000359375
-.000346875
-.000320313
-.000297656
-.000334375
-.00030625
-.000296094
-.000275781
-.000292969
-.000329688
-.000292188
-.000276563
-.000291406
-.000282031
-.000334375
-.000348438
-.000299219
-.000296094
-.000308594
-.000279688
-.000320313
-.000278125
-.000307031
-.000261719
-.000247656
-.000290625
-.000292188
-.000249219
-.000267188
-.000272656
-.000244531
-.000278125
-.000261719
-.000253906
-.000290625
-.000257813
-.00030625
-.000274219
-.000260938
-.000264844
-.000225781
-.00024375
-.000271094
-.000274219
-.000253125
-.000305469
-.000276563
-.000275
-.000257031
-.00025625
-.000267188
-.000263281
-.00026875
-.000232813
-.000276563
-.000260938
-.000260938
-.000269531
-.000267188
-.000260156
-.000264063
-.000248438
-.000222656
-.000219531
-.000249219
-.000267969
-.000265625
-.000213281
-.000216406
-.000200781
-.000234375
-.000216406
-.000234375
-.000241406
-.000247656
-.000239844
-.000222656
-.0002125
-.000239063
-.000252344
-.000234375
-.000245313
-.000221094
-.000223438
-.000238281
-.000246875
-.000255469
-.000257813
-.000235156
-.000203125
-.00016875
-.000195313
-.00021875
-.000232031
-.000232813
-.000207031
-.000247656
-.0002125
-.000245313
-.000203125
-.000150781
-.000164844
-.000217188
-.000225
-.000225781
-.000201563
-.000230469
-.000210938
-.000210156
-.000214063
-.000192188
-.00020625
-.000216406
-.000217969
-.000189063
-.000209375
-.000225
-.000226563
-.000215625
-.000204688
-.000214844
-.000230469
-.000210156
-.000199219
-.000200781
-.000210938
-.000192969
-.000210156
-.000182813
-.000208594
-.000235938
-.000210938
-.000213281
-.000211719
-.0002
-.000230469
-.000229688
-.000196875
-.000207031
-.000217188
-.000215625
-.000226563
-.000244531
-.000257813
-.000263281
-.00025
-.0002625
-.000250781
-.000225781
-.000257031
-.000246875
-.000235156
-.000247656
-.000235938
-.000249219
-.000302344
-.000264844
-.000257813
-.000275781
-.000244531
-.000254688
-.000214844
-.000264063
-.000265625
-.000285938
-.000275
-.000275781
-.000244531
-.000292188
-.000290625
-.000246094
-.000240625
-.000275781
-.000270313
-.000264844
-.000282813
-.000280469
-.000280469
-.000267188
-.000259375
-.000271875
-.000234375
-.000247656
-.000322656
-.000292969
-.000276563
-.000299219
-.000303906
-.000298438
-.000258594
-.000276563
-.000269531
-.000285156
-.0003375
-.000286719
-.000290625
-.000286719
-.000278125
-.00028125
-.000290625
-.000282031
-.000271875
-.000311719
-.000264844
-.000288281
-.000264063
-.000301563
-.000271094
-.000242188
-.000245313
-.000254688
-.000253906
-.000275
-.000278906
-.000285938
-.000297656
-.00029375
-.000265625
-.00025
-.000260938
-.00028125
-.000251563
-.000279688
-.000265625
-.000264844
-.000284375
-.000275781
-.000269531
-.000259375
-.000267969
-.000242969
-.000278906
-.000236719
-.000251563
-.00029375
-.000276563
-.000250781
-.000266406
-.000234375
-.000288281
-.000263281
-.000280469
-.00026875
-.000282813
-.000300781
-.000284375
-.000298438
-.000278125
-.000291406
-.000269531
-.000275781
-.000280469
-.000270313
-.000307813
-.000291406
-.000289844
-.000276563
-.000254688
-.000253125
-.000223438
-.00025625
-.000242969
-.000267969
-.00025625
-.000227344
-.000257031
-.0002625
-.000253906
-.000250781
-.000221094
-.000251563
-.000232813
-.000250781
-.000253125
-.000244531
-.000269531
-.000239063
-.000270313
-.000239063
-.000215625
-.000201563
-.000244531
-.000230469
-.000247656
-.000260156
-.000230469
-.000230469
-.000203906
-.000210156
-.000207031
-.000214844
-.000255469
-.000215625
-.000209375
-.000210938
-.000208594
-.000232031
-.000234375
-.000210156
-.000221875
-.0001875
-.000189844
-.000201563
-.000245313
-.000249219
-.00023125
-.000232813
-.000217188
-.000203125
-.000233594
-.000219531
-.000221875
-.000239063
-.000208594
-.000213281
-.000201563
-.000190625
-.00019375
-.000207031
-.000199219
-.000171875
-.000210156
-.0001875
-.000196875
-.000222656
-.000203125
-.000207031
-.000188281
-.000226563
-.00019375
-.000175
-.00019375
-.000195313
-.000250781
-.00021875
-.000223438
-.000224219
-.000220313
-.000199219
-.00020625
-.000228906
-.000172656
-.000234375
-.000204688
-.000236719
-.000223438
-.000244531
-.000234375
-.000210938
-.000221875
-.000225
-.000260156
-.000254688
-.000234375
-.000225
-.000269531
-.000257031
-.000239844
-.00024375
-.000239063
-.000252344
-.000260156
-.000229688
-.000222656
-.00025625
-.000282813
-.000246875
-.000226563
-.000228906
-.000214063
-.000242969
-.000252344
-.000240625
-.000249219
-.000278125
-.00025625
-.000251563
-.000252344
-.000246094
-.000244531
-.000253906
-.000244531
-.0002625
-.000257813
-.000238281
-.000257813
-.000245313
-.00025625
-.000263281
-.000276563
-.00025
-.000289844
-.000297656
-.000261719
-.000260938
-.000284375
-.000265625
-.000250781
-.000272656
-.00021875
-.000225
-.000226563
-.000261719
-.000285938
-.0002625
-.000278125
-.000259375
-.000252344
-.000253125
-.000249219
-.000246094
-.000260938
-.000242969
-.000246875
-.000228125
-.000216406
-.000227344
-.000226563
-.000253906
-.000257813
-.0002375
-.000221094
-.000240625
-.000245313
-.000255469
-.000259375
-.000271875
-.000251563
-.000246875
-.000209375
-.000226563
-.000225
-.000266406
-.000239844
-.000232031
-.00023125
-.000234375
-.000222656
-.0002
-.000249219
-.000261719
-.000236719
-.000244531
-.000228906
-.00025
-.000246094
-.000263281
-.000255469
-.000210156
-.000220313
-.000232813
-.000225
-.000207813
-.00023125
-.000258594
-.00025625
-.000245313
-.000233594
-.000209375
-.000208594
-.000224219
-.000226563
-.000207031
-.000224219
-.000208594
-.000228906
-.000203906
-.000222656
-.000220313
-.000217969
-.000238281
-.000208594
-.000219531
-.000220313
-.0002125
-.000226563
-.000227344
-.000208594
-.000217188
-.000224219
-.000213281
-.0002375
-.000241406
-.000209375
-.000207813
-.000217969
-.000209375
-.000242188
-.000229688
-.000214844
-.00021875
-.000236719
-.0002375
-.00025
-.000222656
-.000234375
-.000207031
-.000221875
-.000229688
-.00024375
-.000213281
-.000264063
-.000257813
-.00023125
-.0002375
-.000240625
-.000222656
-.00024375
-.000239844
-.000239063
-.000246875
-.000226563
-.000230469
-.000240625
-.000254688
-.000286719
-.000229688
-.000241406
-.000242188
-.000241406
-.000221094
-.0002375
-.000215625
-.000250781
-.000289844
-.000259375
-.00024375
-.000224219
-.000244531
-.000257813
-.000253906
-.000257813
-.000259375
-.000252344
-.000252344
-.000233594
-.00024375
-.000260938
-.000263281
-.000260156
-.00025625
-.00023125
-.000241406
-.00025625
-.000236719
-.000264063
-.000258594
-.000238281
-.000227344
-.000253125
-.000264063
-.000249219
-.000279688
-.000301563
-.000286719
-.000224219
-.000240625
-.000245313
-.000257813
-.000257031
-.000235156
-.00025625
-.000282813
-.000280469
-.00025
-.000255469
-.000276563
-.000244531
-.000249219
-.000210938
-.000242969
-.000224219
-.000232813
-.000238281
-.000242188
-.000234375
-.000257031
-.000246875
-.000226563
-.00024375
-.000224219
-.000255469
-.000239063
-.00026875
-.000240625
-.000258594
-.000240625
-.000267969
-.000233594
-.000223438
-.000228906
-.000236719
-.000261719
-.000242969
-.000263281
-.000242188
-.000263281
-.000255469
-.000230469
-.000257031
-.00026875
-.000241406
-.000271875
-.000276563
-.000249219
-.000232031
-.000229688
-.000230469
-.00026875
-.000234375
-.000264063
-.000254688
-.000273438
-.000267969
-.000266406
-.000250781
-.000257813
-.000228906
-.000221094
-.000226563
-.000222656
-.000244531
-.000216406
-.000242188
-.000240625
-.000252344
-.000255469
-.00025
-.000258594
-.000221875
-.000214844
-.00025625
-.000227344
-.000267969
-.000227344
-.000239844
-.000242969
-.000260938
-.000253125
-.000239063
-.000224219
-.000272656
-.000247656
-.0002875
-.000257813
-.000259375
-.000227344
-.000214063
-.000210938
-.000224219
-.000245313
-.000232813
-.000225781
-.000227344
-.000248438
-.000220313
-.000257813
-.000253906
-.000250781
-.000250781
-.000224219
-.000208594
-.000202344
-.000185938
-.000226563
-.000205469
-.00024375
-.000211719
-.000210156
-.000238281
-.00024375
-.000235938
-.000252344
-.000238281
-.000194531
-.000215625
-.000220313
-.00023125
-.000227344
-.000225
-.000214063
-.000219531
-.000214844
-.000221094
-.000234375
-.000224219
-.000225
-.00025
-.000210938
-.00021875
-.000192969
-.000210156
-.000242188
-.000239063
-.000247656
-.000242188
-.000240625
-.000217969
-.000215625
-.000217188
-.000240625
-.000242188
-.000283594
-.000271875
-.000271875
-.000250781
-.000224219
-.000232813
-.000203125
-.000232813
-.000214844
-.000274219
-.00025625
-.000234375
-.000245313
-.000220313
-.000272656
-.000265625
-.00023125
-.000239063
-.000221875
-.000253906
-.000228125
-.000255469
-.000235938
-.000259375
-.000253125
-.000235156
-.000247656
-.000249219
-.000286719
-.000257813
-.000253125
-.000265625
-.000251563
-.000246094
-.000228906
-.000230469
-.000248438
-.000242188
-.000235938
-.00025
-.000267188
-.000241406
-.000241406
-.000239063
-.000257031
-.000240625
-.000241406
-.000228125
-.000246094
-.000236719
-.000252344
-.000236719
-.000260156
-.000240625
-.000239844
-.000239063
-.000210938
-.000254688
-.000222656
-.00023125
-.00026875
-.000247656
-.000242188
-.000225
-.000258594
-.000233594
-.0002625
-.000242188
-.000245313
-.000246094
-.000219531
-.000236719
-.000203906
-.000225781
-.0002625
-.000271875
-.000251563
-.000240625
-.000204688
-.000228125
-.000224219
-.000245313
-.000264063
-.00025
-.0002125
-.000215625
-.000189844
-.000217969
-.000248438
-.000228125
-.000278125
-.000235938
-.000275781
-.00026875
-.000236719
-.000232031
-.000215625
-.000245313
-.000245313
-.000263281
-.000260156
-.000277344
-.000261719
-.000285156
-.00025
-.000226563
-.000246875
-.000226563
-.000267969
-.0002625
-.000258594
-.000274219
-.00025625
-.000252344
-.000263281
-.000239844
-.000248438
-.000246094
-.000253125
-.000258594
-.000288281
-.000272656
-.000249219
-.000264844
-.000259375
-.000252344
-.00028125
-.000264063
-.000253906
-.000233594
-.000265625
-.000260156
-.000246875
-.00025625
-.00025
-.000248438
-.000253906
-.000257813
-.00024375
-.000238281
-.000267188
-.000267969
-.000271875
-.000249219
-.000255469
-.000213281
-.000248438
-.00024375
-.000250781
-.000254688
-.000235156
-.000280469
-.000236719
-.000247656
-.000253125
-.000194531
-.000242188
-.000214844
-.000240625
-.000253906
-.000235938
-.0002375
-.00021875
-.00021875
-.00019375
-.000208594
-.000183594
-.000205469
-.000228125
-.000246094
-.000232031
-.000239063
-.000236719
-.000228125
-.000235156
-.000216406
-.000208594
-.000224219
-.000207813
-.000215625
-.000217969
-.000222656
-.000233594
-.000203906
-.000205469
-.000202344
-.000214063
-.000221094
-.000195313
-.000211719
-.000208594
-.000207813
-.000230469
-.000242969
-.000227344
-.000227344
-.000217188
-.000196875
-.000182813
-.000225
-.000207813
-.000249219
-.000222656
-.00020625
-.000244531
-.000242969
-.000238281
-.00021875
-.000235938
-.000222656
-.000236719
-.000242188
-.000228906
-.000210156
-.000203125
-.000225
-.000186719
-.000242188
-.000232031
-.000254688
-.000220313
-.000232031
-.000253125
-.000229688
-.000267188
-.000267969
-.000235156
-.000215625
-.000216406
-.000241406
-.000235938
-.000250781
-.0002625
-.00025
-.00026875
-.000207031
-.000217969
-.000228125
-.000242969
-.000264844
-.000257813
-.000257813
-.000271875
-.000248438
-.000240625
-.000257813
-.000260156
-.000258594
-.000274219
-.000259375
-.000257031
-.000246875
-.000238281
-.000295313
-.000242188
-.000278125
-.000261719
-.000274219
-.000244531
-.000239844
-.000220313
-.000265625
-.000270313
-.000244531
-.000246875
-.000274219
-.000259375
-.000252344
-.000257813
-.000278906
-.000264063
-.000276563
-.000244531
-.000263281
-.000252344
-.000244531
-.000259375
-.000282031
-.000238281
-.00024375
-.000236719
-.000267188
-.000248438
-.00026875
-.000242188
-.000245313
-.000235938
-.000236719
-.000238281
-.000270313
-.000273438
-.000258594
-.000266406
-.00025625
-.000263281
-.000266406
-.000217188
-.000226563
-.000225
-.000273438
-.000248438
-.000260156
-.00025625
-.000267188
-.000227344
-.000252344
-.000249219
-.000207031
-.000260938
-.000254688
-.000253906
-.000221875
-.000284375
-.000259375
-.000275
-.000272656
-.000249219
-.000282813
-.000242188
-.000253906
-.000240625
-.000234375
-.000249219
-.000267969
-.00026875
-.000249219
-.000211719
-.000239844
-.00023125
-.000232813
-.000257031
-.000247656
-.000221094
-.0002375
-.000228906
-.000238281
-.00024375
-.000247656
-.000245313
-.000235156
-.000220313
-.000232031
-.000229688
-.000203906
-.000190625
-.000242969
-.000260938
-.000199219
-.000211719
-.000232813
-.000226563
-.000228125
-.000241406
-.000223438
-.000202344
-.000201563
-.000217188
-.000195313
-.000224219
-.000222656
-.000239844
-.000221094
-.000255469
-.000248438
-.00023125
-.000229688
-.000248438
-.000230469
-.000221094
-.000225781
-.000225
-.000221875
-.000215625
-.000216406
-.000270313
-.000260938
-.000239844
-.000203906
-.000242188
-.000214844
-.000257813
-.00025625
-.000242969
-.000260156
-.00025
-.000225
-.000224219
-.000233594
-.000257813
-.00025
-.000261719
-.000275781
-.0002625
-.000233594
-.000254688
-.000228906
-.000249219
-.000253906
-.000266406
-.000239844
-.000259375
-.000249219
-.00025625
-.000245313
-.000228125
-.00025
-.000242188
-.00025
-.000258594
-.00025
-.000225781
-.000255469
-.000246875
-.000246094
-.000248438
-.000248438
-.000261719
-.000240625
-.000242969
-.000255469
-.000252344
-.000241406
-.000257031
-.000241406
-.000248438
-.000254688
-.000289063
-.000249219
-.000261719
-.000221094
-.000221875
-.000270313
-.000250781
-.000253125
-.000259375
-.000247656
-.000247656
-.000245313
-.000246094
-.000266406
-.0002625
-.000249219
-.000261719
-.000232031
-.000221094
-.000254688
-.000233594
-.000274219
-.00024375
-.000239063
-.000228906
-.0002375
-.00025
-.00025
-.000271094
-.000242969
-.000221094
-.000253125
-.000216406
-.000228906
-.000210156
-.000222656
-.00023125
-.000199219
-.000250781
-.000238281
-.000227344
-.000235156
-.000250781
-.000229688
-.000234375
-.000242188
-.000245313
-.000242969
-.000223438
-.000219531
-.000210156
-.000246875
-.000242188
-.000261719
-.000257031
-.000275
-.000257031
-.000227344
-.000235156
-.000213281
-.000210938
-.00024375
-.000239063
-.000221875
-.000257031
-.000234375
-.000216406
-.000242188
-.000223438
-.000241406
-.000261719
-.00021875
-.000236719
-.000247656
-.000214844
-.000267188
-.000241406
-.000246094
-.000217188
-.000225
-.00025
-.000221875
-.000200781
-.000228906
-.000225
-.000242969
-.000216406
-.000235938
-.000264063
-.000252344
-.000239844
-.00024375
-.0002375
-.000252344
-.000216406
-.000232031
-.000207031
-.000221094
-.000246875
-.00024375
-.000234375
-.000219531
-.000254688
-.000273438
-.000252344
-.000257031
-.000274219
-.000261719
-.000253906
-.000246094
-.000195313
-.000198438
-.000216406
-.000228906
-.000245313
-.000240625
-.000228125
-.000253125
-.000238281
-.00025
-.000230469
-.000234375
-.000230469
-.000238281
-.000228906
-.000258594
-.000227344
-.000244531
-.000239063
-.0002125
-.000196094
-.000274219
-.000226563
-.000240625
-.000229688
-.000230469
-.000214063
-.000238281
-.000220313
-.000238281
-.00023125
-.000213281
-.000260156
-.000230469
-.000233594
-.00024375
-.000240625
-.000238281
-.0002625
-.000235156
-.000239844
-.000249219
-.000203906
-.0002375
-.000245313
-.000228125
-.000230469
-.000232031
-.000258594
-.000234375
-.000241406
-.000221094
-.000215625
-.000221875
-.000205469
-.000255469
-.000228906
-.000239844
-.00025
-.00020625
-.000238281
-.000213281
-.00023125
-.000255469
-.000247656
-.000266406
-.00021875
-.000214063
-.00018125
-.000207031
-.000232813
-.000232031
-.000264844
-.000271094
-.000259375
-.000217188
-.000235156
-.000246875
-.000259375
-.000250781
-.000213281
-.000216406
-.000230469
-.000225781
-.000224219
-.000239063
-.000214063
-.000232813
-.000224219
-.000228906
-.000225781
-.000274219
-.000235156
-.000247656
-.00023125
-.000241406
-.000221094
-.00023125
-.000228906
-.000234375
-.000235938
-.000246875
-.000244531
-.000225
-.000214063
-.000245313
-.000241406
-.000228906
-.000200781
-.000210938
-.000228125
-.000215625
-.000214844
-.00025625
-.000264063
-.000248438
-.000251563
-.000246875
-.000216406
-.00020625
-.00020625
-.000224219
-.000227344
-.000238281
-.0002625
-.000261719
-.000238281
-.000245313
-.000241406
-.000235938
-.000224219
-.000229688
-.000219531
-.000202344
-.000250781
-.000244531
-.000226563
-.000230469
-.000221875
-.000222656
-.000239844
-.000259375
