2500
2.e-09
250
.499969
.000406251
.000312501
.000351563
.000265626
.000375001
.000460938
.000320313
.000382813
.000367188
.000398438
.000406251
.000382813
.000234376
.000335938
.000468751
.000445313
.000304688
.000445313
.000281251
.000289063
.000156251
.000289063
.000335938
.000429688
.000335938
.000390626
.000296876
.000429688
.000265626
.000312501
.000273438
.000359376
.000343751
.000351563
.000335938
.000218751
.000351563
.000398438
.000382813
.000320313
.000351563
.000273438
.000312501
.000429688
.000421876
.000367188
.000312501
.000226563
.000320313
.000273438
.000312501
.000296876
.000320313
.000414063
.000468751
.000335938
.000289063
.000273438
.000304688
.000312501
.000429688
.000328126
.000328126
.000367188
.000375001
.000343751
.000398438
.000335938
.000296876
.000320313
.000445313
.000187501
.000250001
.000531251
.000320313
.000375001
.000273438
.000328126
.000312501
.000335938
.000265626
.000265626
.000398438
.000414063
.000203126
.000312501
.000398438
.000359376
.000312501
.000234376
.000242188
.000398438
.000421876
.000312501
.000390626
.000164063
.000187501
.000335938
.000390626
.000171876
.000187501
.000398438
.000273438
.000281251
.000289063
.000226563
.000382813
.000242188
.000367188
.000460938
.000375001
.000476563
.000398438
.000289063
.000289063
.000351563
.000328126
.000328126
.000242188
.000375001
.000226563
.000265626
.000226563
.000367188
.000273438
.000281251
.000312501
.000242188
.000367188
.000335938
.000375001
.000328126
.000218751
.000250001
.000203126
.000320313
.000367188
.000335938
.000304688
.000304688
.000375001
.000367188
.000281251
.000250001
.000367188
.000351563
.000328126
.000281251
.000375001
.000382813
.000234376
.000218751
.000414063
.000343751
.000343751
.000250001
.000320313
.000367188
.000289063
.000281251
.000312501
.000296876
.000320313
.000304688
.000320313
.000398438
.000257813
.000382813
.000414063
.000437501
.000398438
.000429688
.000390626
.000343751
.000351563
.000375001
.000218751
.000328126
.000187501
.000265626
.000296876
.000226563
.000445313
.000328126
.000296876
.000257813
.000320313
.000453126
.000406251
.000382813
.000312501
.000500001
.000445313
.000367188
.000273438
.000398438
.000453126
.000531251
.000367188
.000367188
.000390626
.000460938
.000445313
.000367188
.000382813
.000617188
.000429688
.000359376
.000296876
.000320313
.000304688
.000367188
.000281251
.000296876
.000382813
.000320313
.000328126
.000328126
.000273438
.000164063
.000281251
.000210938
.000320313
.000265626
.000351563
.000125001
.000195313
.000195313
.000296876
.000367188
.000359376
.000335938
.000304688
.000304688
.000335938
.000406251
.000164063
.000382813
.000234376
.000195313
.000328126
.000296876
.000320313
.000296876
.000390626
.000359376
.000406251
.000421876
.000437501
.000296876
.000296876
.000328126
.000304688
.000281251
.000171876
.000265626
.000195313
.000312501
.000210938
.000195313
.000148438
.000531251
.000406251
.000171876
5.46885e-05
.000179688
.000265626
.000257813
4.6876e-05
.000125001
3.90635e-05
.000171876
7.8126e-05
.000148438
.000210938
.000156251
.000289063
.000218751
.000414063
.000218751
.000312501
.000179688
.000273438
.000390626
.000343751
.000453126
.000421876
.000468751
.000562501
.000703126
.000796876
.000875001
.00116406
.00157813
.00197656
.00228125
.00276563
.00352344
.00438281
.00516406
.00648438
.00828906
.00989844
.0123594
.0153359
.0186953
.0225391
.0272969
.0329375
.0391016
.045375
.0511562
.0562656
.0602812
.0630547
.0643594
.0646094
.0638984
.0623437
.0603047
.0576484
.0545937
.0511172
.0473359
.0435312
.0395859
.035625
.0311797
.0269531
.0227344
.0187422
.0146016
.0103516
.00614844
.00209375
-.00175
-.0059375
-.00966406
-.0133125
-.0173906
-.0210703
-.0248984
-.0284219
-.0318047
-.0349687
-.0385
-.0418516
-.0447734
-.0480078
-.0510703
-.0539922
-.0570469
-.0596172
-.0626094
-.0651719
-.0678047
-.0700469
-.0726094
-.0751562
-.0773984
-.0793672
-.0815078
-.0837031
-.0855937
-.0871953
-.0886406
-.0902656
-.0915469
-.0929609
-.0943047
-.0952422
-.0960234
-.0967578
-.0971172
-.0974219
-.0973203
-.097125
-.0968516
-.09575
-.0943672
-.0920703
-.0896719
-.0867734
-.0821094
-.0765078
-.0679219
-.0456953
.129539
.246773
.199055
.204437
.184734
.167828
.158969
.143766
.133047
.122164
.112016
.102164
.0942109
.0865625
.0782734
.072
.0652891
.0591641
.0535078
.047625
.0429531
.0381328
.0337969
.0293359
.0253125
.0220938
.0187109
.0154688
.0125078
.00967969
.00719531
.0045
.00246094
.000585938
-.00135156
-.00310156
-.00475
-.00640625
-.00745312
-.008625
-.00972656
-.01075
-.0114531
-.0120781
-.0126797
-.0130859
-.0137734
-.0138672
-.0141016
-.0143906
-.0145
-.01475
-.0147578
-.0148828
-.0148516
-.0150156
-.0150781
-.0149844
-.0149922
-.0151484
-.0149844
-.0151406
-.0154609
-.0155703
-.0157187
-.0158594
-.0157344
-.0161406
-.0163594
-.0164219
-.0165156
-.0167031
-.0167266
-.0167812
-.0168047
-.0168437
-.0165312
-.0162578
-.0159766
-.0155234
-.0151484
-.0144453
-.0137422
-.0129375
-.0121172
-.0112266
-.00999219
-.00865625
-.00725781
-.00585937
-.00401562
-.00232812
-.000554687
.00132031
.00311719
.00485938
.00671094
.00869531
.0105
.0120156
.0136719
.0150625
.0162109
.0172422
.0180313
.0184375
.0189453
.0189688
.0190391
.0189141
.0187266
.0181484
.0175078
.0167891
.0160703
.0148203
.0140469
.0130781
.0117656
.0105625
.00948438
.00834375
.00728125
.00582813
.00476563
.00395313
.00295313
.00184375
.000656251
-.000312499
-.00102344
-.00169531
-.00242187
-.00307812
-.00380469
-.00439844
-.00490625
-.00553906
-.0058125
-.00615625
-.00633594
-.00650781
-.00665625
-.00645312
-.006375
-.00628906
-.00598437
-.00567187
-.00539844
-.00491406
-.00438281
-.00378906
-.00335937
-.00299219
-.00239062
-.00184375
-.00149219
-.000992187
-.000687499
-.000257812
.000156251
.000578126
.00100781
.00148438
.00175
.0019375
.00216406
.00232813
.00257031
.00259375
.00269531
.00267969
.00267969
.00274219
.00273438
.00248438
.002375
.00228906
.002125
.00203906
.00219531
.00174219
.00172656
.00164063
.00157031
.00135156
.00144531
.00102344
.001125
.00113281
.00110156
.000890626
.000804688
.000804688
.000796876
.000812501
.000773438
.000781251
.000726563
.000796876
.000867188
.000914063
.000742188
.000835938
.000820313
.000734376
.000945313
.000976563
.000953126
.000742188
.000765626
.000851563
.000718751
.000757813
.000539063
.000281251
.000320313
.000289063
.000195313
7.03135e-05
-.000242187
-.000234374
-.000499999
-.000468749
-.000703124
-.000874999
-.000828124
-.00110156
-.00122656
-.00127344
-.00129687
-.00158594
-.00167187
-.00174219
-.00171094
-.00199219
-.00185156
-.001875
-.00172656
-.001875
-.00171875
-.00174219
-.00161719
-.00157812
-.00142187
-.00121875
-.00108594
-.00105469
-.000789062
-.000749999
-.000468749
-.000367187
-.000281249
5.46885e-05
7.8126e-05
.000382813
.000851563
.000937501
.00109375
.00129688
.00136719
.00163281
.00178906
.00180469
.00197656
.00179688
.00192969
.00210938
.00211719
.00217188
.00200781
.00208594
.00209375
.0019375
.0020625
.00169531
.00175781
.00159375
.00150781
.00153906
.00127344
.00110938
.00103906
.000859376
.000992188
.000914063
.000585938
.000492188
.000304688
.000242188
.000164063
7.8126e-05
-3.90615e-05
-.000171874
-.000210937
-.000210937
-.000210937
-.000390624
-.000406249
-.000382812
-.000320312
-.000312499
-.000367187
-.000367187
-.000453124
-.000406249
-.000523437
-.000367187
-.000382812
-.000320312
-.000328124
-.000234374
-.000195312
-.000124999
-.000234374
-9.3749e-05
-.000101562
-5.46865e-05
-6.2499e-05
-1.5624e-05
.000171876
-.000187499
3.90635e-05
9.3751e-05
.000210938
9.53674e-10
-7.8124e-05
.000242188
.000304688
.000226563
3.90635e-05
.000109376
.000335938
.000265626
.000367188
.000234376
.000210938
.000257813
.000179688
.000312501
.000257813
.000398438
.000382813
.000421876
.000445313
.000382813
.000507813
.000367188
.000437501
.000406251
.000578126
.000546876
.000632813
.000398438
.000601563
.000718751
.000796876
.000835938
.000648438
.000750001
.000796876
.000789063
.000835938
.000835938
.000773438
.000875001
.000750001
.000789063
.000820313
.000710938
.000804688
.000664063
.000562501
.000617188
.000570313
.000500001
.000593751
.000484376
.000429688
.000390626
.000296876
.000414063
.000421876
.000242188
.000429688
.000375001
.000359376
.000382813
.000312501
.000304688
.000109376
.000242188
.000242188
.000296876
.000304688
.000398438
.000281251
.000242188
.000328126
.000195313
.000132813
.000234376
.000328126
.000242188
.000179688
.000203126
.000210938
.000375001
.000187501
.000218751
.000281251
.000320313
.000265626
.000304688
.000312501
.000265626
.000429688
.000343751
.000367188
.000320313
.000265626
.000234376
.000281251
.000117188
6.2501e-05
.000265626
.000242188
.000156251
.000101563
6.2501e-05
.000171876
8.59385e-05
.000117188
.000203126
.000296876
.000203126
.000210938
5.46885e-05
.000304688
7.03135e-05
.000156251
.000304688
.000226563
.000226563
.000312501
.000179688
.000250001
.000382813
.000320313
.000281251
.000359376
.000226563
.000304688
.000523438
.000531251
.000382813
.000289063
.000351563
.000382813
.000523438
.000492188
.000406251
.000453126
.000468751
.000406251
.000437501
.000484376
.000460938
.000289063
.000625001
.000468751
.000437501
.000289063
.000273438
.000406251
.000398438
.000414063
.000343751
.000203126
.000304688
.000257813
.000406251
.000398438
.000359376
.000335938
.000210938
.000335938
.000296876
.000367188
.000242188
.000226563
.000312501
.000468751
.000375001
.000171876
.000125001
.000289063
.000304688
.000390626
.000273438
.000218751
.000351563
.000343751
.000445313
.000492188
.000343751
.000492188
.000390626
.000296876
.000187501
.000187501
.000187501
.000335938
.000343751
.000218751
.000257813
.000195313
.000273438
.000109376
.000250001
5.46885e-05
.000117188
.000203126
.000140626
7.8126e-05
9.3751e-05
.000140626
.000109376
.000156251
.000226563
9.3751e-05
.000195313
6.2501e-05
.000117188
5.46885e-05
2.34385e-05
.000171876
.000140626
.000125001
9.3751e-05
5.46885e-05
8.59385e-05
.000164063
-2.34365e-05
3.1251e-05
2.34385e-05
.000203126
.000234376
.000257813
.000101563
8.59385e-05
.000187501
.000281251
.000390626
.000250001
.000171876
.000226563
.000226563
.000250001
.000234376
.000195313
.000234376
.000335938
.000453126
.000320313
.000359376
.000343751
.000343751
.000406251
.000375001
.000351563
.000296876
.000414063
.000343751
.000375001
.000460938
.000515626
.000328126
.000375001
.000507813
.000437501
.000398438
.000453126
.000296876
.000484376
.000507813
.000429688
.000398438
.000507813
.000468751
.000445313
.000632813
.000445313
.000492188
.000500001
.000382813
.000476563
.000320313
.000460938
.000414063
.000531251
.000406251
.000359376
.000273438
.000429688
.000390626
.000390626
.000304688
.000351563
.000406251
.000359376
.000343751
.000304688
.000460938
.000250001
.000273438
.000218751
.000343751
.000359376
.000257813
.000375001
.000265626
.000414063
.000335938
.000320313
.000265626
.000257813
.000343751
.000367188
.000429688
.000476563
.000312501
.000359376
.000312501
.000523438
.000375001
.000531251
.000617188
.000484376
.000531251
.000453126
.000546876
.000554688
.000312501
.000515626
.000710938
.000382813
.000367188
.000593751
.000578126
.000554688
.000445313
.000492188
.000500001
.000421876
.000554688
.000609376
.000484376
.000648438
.000648438
.000460938
.000531251
.000289063
.000320313
.000375001
.000390626
.000265626
.000359376
.000476563
.000375001
.000335938
.000343751
.000468751
.000359376
.000367188
.000320313
.000265626
.000453126
.000406251
.000359376
.000406251
.000367188
.000382813
.000250001
.000375001
.000203126
.000351563
.000179688
.000156251
.000367188
.000218751
.000218751
.000117188
.000304688
.000281251
.000242188
.000234376
.000242188
.000117188
.000156251
.000250001
.000265626
.000296876
.000234376
.000156251
.000359376
.000351563
.000265626
.000257813
.000343751
.000296876
.000328126
.000500001
.000296876
.000226563
.000140626
.000367188
.000242188
.000250001
.000304688
.000304688
.000304688
.000265626
.000359376
7.8126e-05
.000320313
.000281251
.000257813
.000195313
.000273438
.000242188
.000203126
.000335938
.000265626
.000187501
.000250001
.000265626
.000234376
.000156251
.000320313
.000281251
.000351563
.000351563
.000359376
.000312501
.000398438
.000359376
.000414063
.000250001
.000304688
.000289063
.000304688
.000234376
.000398438
.000351563
.000421876
.000523438
.000453126
.000320313
.000359376
.000367188
.000210938
.000507813
.000328126
.000570313
.000437501
.000367188
.000468751
.000390626
.000375001
.000437501
.000484376
.000453126
.000460938
.000546876
.000375001
.000609376
.000382813
.000523438
.000585938
.000476563
.000539063
.000578126
.000648438
.000531251
.000515626
.000578126
.000554688
.000382813
.000421876
.000500001
.000585938
.000460938
.000414063
.000406251
.000421876
.000453126
.000515626
.000515626
.000429688
.000460938
.000304688
.000507813
.000468751
.000398438
.000382813
.000320313
.000351563
.000609376
.000390626
.000414063
.000390626
.000453126
.000476563
.000539063
.000500001
.000328126
.000312501
.000562501
.000421876
.000390626
.000359376
.000210938
.000460938
.000390626
.000375001
.000359376
.000398438
.000390626
.000414063
.000421876
.000328126
.000312501
.000351563
.000359376
.000281251
.000398438
.000367188
.000406251
.000375001
.000304688
.000421876
.000421876
.000375001
.000382813
.000343751
.000390626
.000375001
.000304688
.000281251
.000289063
.000359376
.000328126
.000437501
.000500001
.000492188
.000484376
.000546876
.000375001
.000234376
.000367188
.000367188
.000484376
.000351563
.000304688
.000562501
.000343751
.000250001
.000367188
.000312501
.000500001
.000445313
.000500001
.000242188
.000437501
.000343751
.000484376
.000351563
.000343751
.000492188
.000453126
.000414063
.000351563
.000453126
.000429688
.000328126
.000445313
.000421876
.000335938
.000398438
.000382813
.000460938
.000367188
.000367188
.000460938
.000390626
.000429688
.000484376
.000468751
.000492188
.000414063
.000390626
.000570313
.000429688
.000460938
.000562501
.000414063
.000414063
.000484376
.000273438
.000320313
.000367188
.000375001
.000421876
.000445313
.000351563
.000242188
.000398438
.000343751
.000375001
.000351563
.000414063
.000398438
.000335938
.000492188
.000406251
.000453126
.000359376
.000289063
.000335938
.000289063
.000554688
.000351563
.000265626
.000242188
.000507813
.000406251
.000335938
.000390626
.000312501
.000242188
.000367188
.000304688
.000578126
.000359376
.000414063
.000414063
.000312501
.000500001
.000328126
.000453126
.000414063
.000320313
.000203126
.000453126
.000484376
.000515626
.000468751
.000367188
.000460938
.000500001
.000375001
.000390626
.000429688
.000382813
.000273438
.000539063
.000406251
.000343751
.000406251
.000460938
.000507813
.000429688
.000398438
.000484376
.000476563
.000421876
.000335938
.000437501
.000539063
.000210938
.000523438
.000460938
.000414063
.000421876
.000468751
.000468751
.000335938
.000304688
.000476563
.000414063
.000367188
.000484376
.000500001
.000382813
.000414063
.000460938
.000398438
.000562501
.000335938
.000453126
.000437501
.000476563
.000226563
.000492188
.000421876
.000382813
.000273438
.000554688
.000453126
.000320313
.000468751
.000382813
.000296876
.000265626
.000343751
.000304688
.000484376
.000453126
.000398438
.000445313
.000515626
.000343751
.000382813
.000218751
.000421876
.000492188
.000539063
.000398438
.000382813
.000523438
.000523438
.000429688
.000500001
.000445313
.000390626
.000468751
.000367188
.000367188
.000523438
.000414063
.000468751
.000445313
.000390626
.000445313
.000382813
.000398438
.000460938
.000445313
.000562501
.000382813
.000421876
.000437501
.000570313
.000531251
.000453126
.000468751
.000320313
.000406251
.000578126
.000367188
.000492188
.000453126
.000382813
.000296876
.000500001
.000539063
.000421876
.000437501
.000453126
.000539063
.000484376
.000460938
.000351563
.000476563
.000429688
.000429688
.000468751
.000476563
.000414063
.000492188
.000367188
.000445313
.000539063
.000328126
.000492188
.000406251
.000437501
.000375001
.000468751
.000445313
.000500001
.000585938
.000492188
.000531251
.000390626
.000492188
.000367188
.000406251
.000414063
.000476563
.000414063
.000312501
.000445313
.000539063
.000484376
.000484376
.000468751
.000460938
.000382813
.000492188
.000515626
.000453126
.000445313
.000531251
.000460938
.000414063
.000398438
.000468751
.000390626
.000460938
.000468751
.000421876
.000539063
.000445313
.000445313
.000351563
.000515626
.000390626
.000367188
.000468751
.000382813
.000640626
.000468751
.000343751
.000359376
.000718751
.000562501
.000492188
.000351563
.000460938
.000476563
.000453126
.000273438
.000351563
.000312501
.000367188
.000507813
.000375001
.000546876
.000453126
.000546876
.000460938
.000375001
.000445313
.000460938
.000500001
.000429688
.000445313
.000437501
.000531251
.000601563
.000515626
.000437501
.000453126
.000601563
.000453126
.000304688
.000523438
.000625001
.000437501
.000476563
.000648438
.000445313
.000429688
.000515626
.000523438
.000453126
.000578126
.000437501
.000390626
.000453126
.000445313
.000351563
.000507813
.000507813
.000531251
.000390626
.000484376
.000484376
.000460938
.000476563
.000437501
.000453126
.000468751
.000531251
.000617188
.000421876
.000437501
.000367188
.000351563
.000523438
.000453126
.000468751
.000242188
.000609376
.000453126
.000539063
.000421876
.000531251
.000414063
.000500001
.000500001
.000429688
.000250001
.000437501
.000375001
.000539063
.000515626
.000554688
.000421876
.000414063
.000468751
.000507813
.000523438
.000320313
.000359376
.000335938
.000312501
.000429688
.000632813
.000484376
.000507813
.000398438
.000437501
.000421876
.000468751
.000320313
.000226563
.000453126
.000546876
.000406251
.000359376
.000414063
.000414063
.000359376
.000343751
.000468751
.000328126
.000460938
.000453126
.000296876
.000500001
.000429688
.000343751
.000390626
.000468751
.000375001
.000500001
.000445313
.000304688
.000484376
.000484376
.000500001
.000539063
.000335938
.000320313
.000468751
.000429688
.000429688
.000351563
.000390626
.000460938
.000367188
.000476563
.000507813
.000406251
.000500001
.000421876
.000468751
.000335938
.000460938
.000515626
.000515626
.000468751
.000414063
.000359376
.000453126
.000484376
.000406251
.000476563
.000375001
.000484376
.000414063
.000367188
.000539063
.000679688
.000507813
.000414063
.000421876
.000335938
.000359376
.000367188
.000421876
.000398438
.000351563
.000398438
.000484376
.000351563
.000335938
.000367188
.000523438
.000398438
.000453126
.000437501
.000523438
.000367188
.000445313
.000437501
.000625001
.000476563
.000429688
.000421876
.000476563
.000460938
.000593751
.000492188
.000375001
.000570313
.000453126
.000484376
.000421876
.000460938
.000421876
.000515626
.000523438
.000382813
.000468751
.000601563
.000523438
.000554688
.000585938
.000476563
.000468751
.000421876
.000429688
.000515626
.000507813
.000500001
.000328126
.000445313
.000546876
.000718751
.000546876
.000531251
.000570313
.000554688
.000570313
.000476563
.000515626
.000671876
.000500001
.000492188
.000453126
.000468751
.000507813
.000492188
.000578126
.000656251
.000507813
.000523438
.000484376
.000484376
.000437501
.000570313
.000609376
.000398438
.000312501
.000375001
.000500001
.000484376
.000414063
.000429688
.000367188
.000367188
.000515626
.000367188
.000445313
.000359376
.000468751
.000437501
.000476563
.000406251
.000460938
.000507813
.000593751
.000507813
.000640626
.000507813
.000445313
.000445313
.000414063
.000546876
.000414063
.000515626
.000398438
.000476563
.000414063
.000554688
.000523438
.000531251
.000523438
.000460938
.000390626
.000476563
.000468751
.000390626
.000414063
.000507813
.000453126
.000507813
.000484376
.000484376
.000296876
.000554688
.000523438
.000593751
.000492188
.000492188
.000539063
.000453126
.000500001
.000554688
.000492188
.000562501
.000320313
.000460938
.000437501
.000539063
.000515626
.000445313
.000507813
.000390626
.000570313
.000562501
.000578126
.000398438
.000500001
.000437501
.000578126
.000593751
.000507813
.000468751
.000398438
.000632813
.000609376
.000375001
.000468751
.000320313
.000554688
.000515626
.000515626
.000539063
.000546876
.000375001
.000382813
.000351563
.000398438
.000570313
.000500001
.000453126
.000460938
.000554688
.000585938
.000453126
.000523438
.000523438
.000476563
.000359376
.000531251
.000500001
.000359376
.000484376
.000398438
.000515626
.000507813
.000523438
.000460938
.000437501
.000437501
.000406251
.000460938
.000546876
.000531251
.000554688
.000500001
.000640626
.000335938
.000507813
.000398438
.000382813
.000460938
.000468751
.000656251
.000429688
.000507813
.000625001
.000578126
.000656251
.000492188
.000546876
.000437501
.000492188
.000414063
.000367188
.000546876
.000468751
.000570313
.000468751
.000468751
.000460938
.000546876
.000562501
.000468751
.000414063
.000539063
.000429688
.000476563
.000453126
.000539063
.000554688
.000578126
.000492188
.000406251
.000406251
.000484376
.000695313
.000617188
.000484376
.000507813
.000398438
.000492188
.000554688
.000453126
.000640626
.000554688
.000531251
.000617188
.000523438
.000515626
.000445313
.000484376
.000609376
.000671876
.000656251
.000507813
.000406251
.000445313
.000398438
.000484376
.000406251
.000492188
.000593751
.000429688
.000375001
.000460938
.000601563
.000585938
.000585938
.000539063
.000429688
.000523438
.000429688
.000679688
.000609376
.000367188
.000507813
.000406251
.000515626
.000453126
.000484376
.000492188
.000484376
.000640626
.000546876
.000492188
.000406251
.000523438
.000531251
.000500001
.000609376
.000601563
.000468751
.000484376
.000609376
.000398438
.000507813
.000351563
.000523438
.000437501
.000390626
.000546876
.000515626
.000445313
.000554688
.000476563
.000664063
.000476563
.000546876
.000468751
.000562501
.000445313
.000429688
.000296876
.000281251
.000554688
.000296876
.000453126
.000359376
.000390626
.000445313
.000437501
.000539063
.000539063
.000484376
.000367188
.000390626
.000507813
.000492188
.000570313
.000476563
.000562501
.000437501
.000398438
.000546876
.000468751
.000460938
.000398438
.000500001
.000343751
.000531251
.000468751
.000445313
.000562501
.000453126
.000492188
.000437501
.000421876
.000390626
.000554688
.000429688
.000406251
.000523438
.000492188
.000398438
.000406251
.000601563
.000609376
.000531251
.000570313
.000523438
.000398438
.000500001
.000468751
.000320313
.000570313
.000468751
.000523438
.000429688
.000484376
.000460938
.000500001
.000429688
.000500001
.000492188
.000476563
.000531251
.000507813
.000531251
.000453126
.000382813
.000453126
.000367188
.000468751
.000562501
.000578126
.000484376
.000468751
.000468751
.000648438
.000515626
.000367188
.000468751
.000500001
.000398438
.000531251
.000523438
.000648438
.000531251
.000578126
.000546876
.000523438
.000539063
.000492188
.000507813
.000421876
.000398438
.000367188
.000515626
.000437501
.000437501
.000500001
.000375001
.000445313
.000414063
.000468751
.000523438
.000437501
.000570313
.000335938
.000507813
.000546876
.000570313
.000476563
.000406251
.000437501
.000406251
.000601563
.000523438
.000468751
.000468751
.000414063
.000531251
.000523438
.000437501
.000429688
.000484376
.000445313
.000468751
.000398438
.000625001
.000625001
.000500001
.000523438
.000500001
.000554688
.000460938
.000453126
.000382813
.000585938
.000515626
.000523438
.000585938
.000421876
.000484376
.000640626
.000539063
.000515626
.000601563
.000601563
.000468751
.000507813
.000492188
.000398438
.000421876
.000328126
.000429688
.000445313
.000500001
.000554688
.000507813
.000343751
.000351563
.000562501
.000640626
.000500001
.000484376
.000414063
.000695313
.000531251
.000359376
.000492188
.000500001
.000539063
.000578126
.000585938
.000625001
.000406251
.000523438
.000265626
.000453126
.000484376
.000367188
.000414063
.000406251
.000335938
.000468751
.000609376
.000445313
.000367188
.000500001
.000414063
.000578126
.000679688
.000546876
.000445313
.000414063
.000406251
.000468751
.000625001
.000406251
.000437501
.000445313
.000476563
.000500001
.000398438
.000484376
.000523438
.000343751
.000625001
.000492188
.000476563
.000460938
.000593751
.000476563
.000375001
.000523438
.000601563
.000421876
.000492188
.000429688
.000492188
.000671876
.000382813
.000460938
.000578126
.000484376
.000562501
.000500001
.000468751
.000335938
.000539063
.000414063
.000539063
.000531251
.000437501
.000507813
.000437501
.000554688
.000375001
.000507813
.000476563
.000335938
.000468751
.000601563
.000617188
.000515626
.000593751
.000570313
.000492188
.000406251
.000546876
.000531251
.000500001
.000507813
.000414063
.000492188
.000437501
.000578126
.000515626
.000601563
.000507813
.000554688
.000570313
.000375001
.000671876
.000664063
.000500001
.000468751
.000492188
.000539063
.000398438
.000437501
.000375001
.000421876
.000632813
.000484376
.000546876
.000359376
.000429688
.000468751
.000640626
.000375001
.000523438
.000445313
.000531251
.000617188
.000546876
.000570313
.000570313
.000515626
.000507813
.000546876
.000570313
.000468751
.000359376
.000367188
.000421876
.000492188
.000492188
.000468751
.000492188
.000445313
.000484376
.000664063
.000406251
.000375001
.000585938
.000546876
.000648438
.000507813
.000523438
.000398438
.000421876
.000578126
.000445313
.000296876
.000554688
.000375001
.000539063
.000531251
.000507813
.000460938
.000406251
.000507813
.000531251
.000695313
.000460938
.000554688
.000453126
.000617188
.000453126
.000507813
.000546876
.000484376
.000554688
.000546876
.000507813
.000468751
.000523438
.000445313
.000453126
.000593751
.000453126
.000539063
.000382813
.000539063
.000484376
.000523438
.000390626
.000437501
.000312501
.000359376
.000437501
.000562501
.000609376
.000359376
.000468751
.000523438
.000625001
.000421876
.000484376
.000460938
.000523438
.000554688
.000492188
.000429688
.000578126
.000546876
.000468751
.000523438
.000531251
.000460938
.000390626
.000460938
.000484376
.000507813
.000531251
.000585938
.000445313
.000539063
.000570313
.000601563
.000468751
.000546876
.000554688
.000390626
.000476563
.000375001
.000468751
.000453126
.000406251
.000429688
.000437501
.000515626
.000539063
.000500001
.000468751
.000546876
.000359376
.000507813
.000445313
.000609376
.000523438
.000296876
.000437501
.000570313
.000500001
.000460938
.000445313
.000570313
.000554688
.000640626
.000515626
.000492188
.000531251
.000375001
.000476563
.000359376
.000500001
.000523438
.000492188
.000609376
.000500001
.000421876
.000601563
.000351563
.000500001
.000601563
.000515626
.000648438
.000445313
.000546876
.000562501
.000437501
.000726563
.000359376
.000421876
.000414063
.000460938
.000343751
.000468751
.000406251
.000539063
.000484376
.000679688
.000484376
.000367188
.000359376
.000601563
.000562501
.000609376
.000429688
.000359376
.000531251
.000546876
.000531251
.000453126
.000507813
.000468751
.000507813
.000296876
.000554688
.000539063
.000507813
.000507813
.000476563
.000617188
.000367188
.000453126
.000289063
.000484376
.000531251
.000539063
.000460938
.000492188
.000562501
.000523438
.000625001
.000546876
.000375001
.000226563
.000468751
.000476563
.000414063
.000390626
.000453126
.000445313
.000382813
.000453126
.000351563
.000359376
.000281251
.000523438
.000390626
.000476563
.000476563
.000398438
.000390626
.000351563
.000476563
.000445313
.000460938
