2500
2.e-09
250
.501801
-.000101562
-.000179687
-9.37492e-05
-4.68742e-05
-4.68742e-05
3.12508e-05
3.12508e-05
.000101563
-5.46867e-05
2.34383e-05
-7.81242e-05
-.000179687
8.59383e-05
1.56258e-05
-9.37492e-05
-7.81242e-05
-6.24992e-05
.000109376
-.000124999
-7.81242e-05
-.000218749
3.12508e-05
-1.56242e-05
-4.68742e-05
-.000210937
-7.81242e-05
-5.46867e-05
9.37508e-05
7.81258e-05
-5.46867e-05
-.000140624
-.000187499
.000101563
-7.81167e-06
-2.34367e-05
-6.24992e-05
-.000101562
7.81333e-06
3.12508e-05
-3.90617e-05
-.000195312
-7.81167e-06
3.12508e-05
-.000109374
-1.56242e-05
4.68758e-05
7.81258e-05
.000164063
-.000140624
1.56258e-05
-2.34367e-05
3.12508e-05
.000109376
-3.12492e-05
-.000101562
3.90633e-05
-6.24992e-05
6.25008e-05
7.81258e-05
-7.03117e-05
-4.68742e-05
.000109376
.000101563
2.34383e-05
-5.46867e-05
-5.46867e-05
4.68758e-05
-.000140624
-2.34367e-05
-7.81242e-05
-7.81167e-06
7.03133e-05
-3.90617e-05
-6.24992e-05
-8.59367e-05
3.12508e-05
.000171876
3.12508e-05
-4.68742e-05
-1.56242e-05
5.46883e-05
1.56258e-05
4.68758e-05
1.56258e-05
-8.59367e-05
3.12508e-05
6.25008e-05
-5.46867e-05
-2.34367e-05
7.81258e-05
3.90633e-05
4.68758e-05
-8.59367e-05
-4.68742e-05
2.34383e-05
.000125001
-4.68742e-05
-8.59367e-05
-3.90617e-05
-.000101562
6.25008e-05
3.90633e-05
-.000117187
-.000101562
3.12508e-05
.000171876
7.81333e-06
-5.46867e-05
5.46883e-05
.000132813
.000101563
-4.68742e-05
-7.03117e-05
-.000218749
8.59383e-05
3.12508e-05
-1.56242e-05
-2.34367e-05
8.34465e-10
5.46883e-05
-6.24992e-05
-4.68742e-05
5.46883e-05
-4.68742e-05
.000132813
-3.12492e-05
8.34465e-10
8.34465e-10
5.46883e-05
7.81333e-06
-2.34367e-05
-6.24992e-05
-3.90617e-05
-4.68742e-05
3.12508e-05
2.34383e-05
-.000171874
-.000140624
7.81258e-05
7.03133e-05
-7.81242e-05
1.56258e-05
-.000140624
5.46883e-05
-2.34367e-05
-2.34367e-05
8.34465e-10
-3.12492e-05
.000101563
-1.56242e-05
3.12508e-05
-3.12492e-05
-1.56242e-05
6.25008e-05
-7.81167e-06
-.000109374
-.000109374
-7.81167e-06
-3.12492e-05
7.81258e-05
-7.03117e-05
-.000124999
-1.56242e-05
.000140626
8.59383e-05
7.81333e-06
-7.03117e-05
7.81258e-05
-3.12492e-05
7.81258e-05
-.000109374
1.56258e-05
-1.56242e-05
.000148438
4.68758e-05
6.25008e-05
-.000117187
7.81333e-06
7.81258e-05
-6.24992e-05
-.000171874
-.000187499
-4.68742e-05
-7.81242e-05
-.000109374
-.000179687
-.000140624
-.000109374
3.90633e-05
-5.46867e-05
-3.12492e-05
-.000132812
5.46883e-05
7.03133e-05
-3.12492e-05
3.90633e-05
.000132813
.000125001
-3.12492e-05
3.12508e-05
8.59383e-05
-4.68742e-05
.000164063
4.68758e-05
5.46883e-05
2.34383e-05
.000226563
8.59383e-05
-2.34367e-05
-6.24992e-05
5.46883e-05
1.56258e-05
7.81333e-06
-5.46867e-05
8.34465e-10
2.34383e-05
-7.81167e-06
3.90633e-05
-.000156249
-4.68742e-05
-.000101562
9.37508e-05
-6.24992e-05
-.000101562
-1.56242e-05
-.000148437
-.000109374
6.25008e-05
-.000203124
-.000148437
-2.34367e-05
-1.56242e-05
-8.59367e-05
-.000156249
-.000101562
-5.46867e-05
-.000148437
5.46883e-05
-4.68742e-05
-9.37492e-05
-.000124999
-3.90617e-05
-.000101562
-7.81167e-06
-.000210937
-4.68742e-05
-7.81167e-06
-3.90617e-05
-3.90617e-05
-2.34367e-05
2.34383e-05
8.34465e-10
3.12508e-05
-3.90617e-05
-.000109374
-.000124999
8.34465e-10
-1.56242e-05
-9.37492e-05
-8.59367e-05
-.000109374
1.56258e-05
2.34383e-05
-.000164062
-.000156249
-.000156249
-2.34367e-05
1.56258e-05
-.000109374
-.000257812
7.03133e-05
7.81333e-06
-4.68742e-05
-2.34367e-05
-.000148437
-.000101562
6.25008e-05
8.34465e-10
-.000124999
-.000132812
2.34383e-05
4.68758e-05
1.56258e-05
-5.46867e-05
3.90633e-05
.000164063
.000132813
.000148438
6.25008e-05
.000218751
.000421876
.000460938
.000617188
.000671876
.000781251
.00115625
.00154688
.0018125
.00235938
.00314063
.00392969
.00478906
.00582813
.00710156
.00882813
.0108203
.0131875
.0157344
.0190078
.022625
.02675
.0304609
.0334531
.0362187
.0383047
.0393906
.0395859
.0395469
.0391406
.0380703
.0367891
.0348359
.0328281
.0309844
.0289688
.0262969
.0237422
.0213047
.018875
.0164766
.0137188
.0113438
.00875
.006375
.0039375
.000843751
-.00151562
-.00366406
-.00629687
-.00865625
-.0111641
-.0135234
-.0157266
-.0178203
-.0202109
-.0227422
-.0248516
-.0268359
-.0285078
-.0308281
-.0327031
-.034625
-.0363047
-.0380859
-.0400781
-.0418281
-.0437422
-.0451562
-.0466016
-.0479531
-.0496094
-.050875
-.0525
-.0536172
-.0547812
-.0558906
-.057
-.0580312
-.0590547
-.0599453
-.0605469
-.0611797
-.0616016
-.0620703
-.0625
-.0625312
-.0626875
-.0623281
-.0622031
-.0613281
-.0603984
-.0593359
-.0571719
-.0549375
-.0520234
-.0472422
-.0251328
.0353906
.104102
.14132
.135703
.112844
.0923906
.0857344
.0848437
.0841875
.0788437
.0711172
.0636484
.0582969
.0546562
.0512969
.047625
.0430391
.0393359
.0360234
.0327813
.0301641
.0268516
.0237266
.0212578
.0190469
.0167188
.0143984
.0121094
.0101719
.00846875
.00669531
.00510938
.00342188
.00199219
.000484376
-.000632812
-.0016875
-.00286719
-.00371875
-.00442187
-.00510937
-.0061875
-.00674219
-.00711719
-.00771094
-.00811719
-.00846875
-.00873437
-.00891406
-.00914844
-.009375
-.009625
-.00940625
-.00950781
-.00974219
-.01025
-.00997656
-.00988281
-.00957031
-.00998437
-.0101094
-.0102734
-.0102266
-.00994531
-.0103047
-.0105547
-.0106172
-.010625
-.0105
-.0109062
-.0111719
-.0111094
-.0108906
-.0110703
-.0113047
-.0112656
-.0111875
-.0107344
-.0106406
-.0105547
-.0102344
-.00974219
-.00924219
-.0088125
-.00847656
-.00775
-.00702344
-.00610937
-.00528906
-.00442187
-.003375
-.00221875
-.00128906
-.000351562
.000656251
.00197656
.00352344
.00459375
.00565625
.00667969
.00763281
.00853125
.0095625
.0100469
.0105859
.0111328
.0114219
.0117188
.0116172
.0115859
.0115078
.0113438
.0110391
.0105547
.0101484
.00972656
.00904688
.00841406
.00774219
.00724219
.00651563
.005875
.0051875
.00444531
.00380469
.0031875
.00238281
.00153906
.000984376
.000429688
-.000101562
-.000726562
-.00117187
-.00153125
-.00203906
-.0023125
-.00270312
-.0031875
-.00330469
-.0034375
-.00346875
-.00375
-.00376562
-.00399219
-.00383594
-.00364062
-.00357031
-.00339844
-.00342969
-.00314062
-.00292187
-.00275781
-.00246875
-.00228125
-.00191406
-.00151562
-.0013125
-.00107812
-.000664062
-.000562499
-.000242187
-8.59367e-05
4.68758e-05
.000226563
.000375001
.000570313
.000687501
.000906251
.000851563
.00107031
.00115625
.00109375
.000960938
.00103906
.00123438
.00119531
.00104688
.00103906
.001
.000875001
.000875001
.000757813
.000695313
.000757813
.000742188
.000703126
.000546876
.000593751
.000460938
.000484376
.000554688
.000437501
.000414063
.000406251
.000375001
.000468751
.000515626
.000398438
.000507813
.000421876
.000484376
.000328126
.000437501
.000500001
.000500001
.000328126
.000531251
.000500001
.000531251
.000531251
.000484376
.000437501
.000578126
.000523438
.000453126
.000296876
.000210938
.000335938
.000218751
3.12508e-05
1.56258e-05
-8.59367e-05
3.12508e-05
-.000164062
-.000273437
-.000476562
-.000468749
-.000421874
-.000679687
-.000851562
-.000968749
-.000937499
-.000851562
-.001125
-.00120312
-.00123437
-.00124219
-.00122656
-.00113281
-.00128125
-.00136719
-.00104687
-.00109375
-.001125
-.00108594
-.00107812
-.000820312
-.000687499
-.000851562
-.000781249
-.000609374
-.000367187
-.000171874
-.000312499
-6.24992e-05
-.000179687
.000125001
.000226563
.000179688
.000312501
.000375001
.000500001
.000507813
.000617188
.000703126
.000820313
.000726563
.000718751
.000890626
.000773438
.000867188
.001
.000867188
.000859376
.000742188
.000781251
.000835938
.000632813
.000500001
.000585938
.000406251
.000367188
.000390626
.000421876
.000304688
.000289063
3.12508e-05
.000164063
9.37508e-05
7.03133e-05
-5.46867e-05
-8.59367e-05
-2.34367e-05
-.000132812
-.000148437
-.000281249
-.000398437
-.000265624
-.000195312
-.000257812
-.000328124
-.000367187
-.000328124
-.000406249
-.000382812
-.000328124
-.000390624
-.000320312
-.000304687
-.000296874
-.000296874
-.000359374
-.000265624
-.000187499
-.000273437
-4.68742e-05
-.000132812
-.000117187
-.000249999
-7.81242e-05
-.000124999
2.34383e-05
-4.68742e-05
-8.59367e-05
7.81333e-06
9.37508e-05
-3.12492e-05
-5.46867e-05
8.34465e-10
-.000124999
7.03133e-05
4.68758e-05
-7.03117e-05
-2.34367e-05
3.12508e-05
1.56258e-05
-1.56242e-05
7.03133e-05
.000117188
.000140626
5.46883e-05
-2.34367e-05
-1.56242e-05
-2.34367e-05
4.68758e-05
.000132813
6.25008e-05
.000117188
5.46883e-05
.000101563
.000164063
.000117188
8.34465e-10
.000296876
.000257813
.000164063
.000109376
.000156251
.000421876
.000328126
.000148438
.000109376
.000148438
.000328126
.000156251
.000265626
.000195313
3.12508e-05
.000273438
.000367188
.000148438
.000218751
.000156251
.000164063
.000156251
.000171876
3.12508e-05
-7.81242e-05
.000109376
4.68758e-05
3.12508e-05
.000140626
-.000109374
-7.81167e-06
2.34383e-05
7.81258e-05
1.56258e-05
8.59383e-05
-6.24992e-05
2.34383e-05
5.46883e-05
-1.56242e-05
7.81333e-06
2.34383e-05
-.000109374
-.000210937
-6.24992e-05
-.000101562
-3.12492e-05
7.81333e-06
7.81333e-06
3.90633e-05
2.34383e-05
-.000117187
-8.59367e-05
-3.12492e-05
2.34383e-05
3.12508e-05
-.000148437
-4.68742e-05
3.90633e-05
-2.34367e-05
5.46883e-05
4.68758e-05
-8.59367e-05
-3.12492e-05
-.000124999
8.34465e-10
-7.81167e-06
6.25008e-05
-.000101562
-3.90617e-05
5.46883e-05
1.56258e-05
-3.12492e-05
7.81258e-05
-2.34367e-05
-7.03117e-05
-4.68742e-05
-.000171874
3.90633e-05
-1.56242e-05
-2.34367e-05
.000125001
2.34383e-05
9.37508e-05
-3.12492e-05
-2.34367e-05
-8.59367e-05
-.000124999
-.000124999
-6.24992e-05
7.81333e-06
-2.34367e-05
-3.12492e-05
-7.81167e-06
4.68758e-05
7.81333e-06
.000109376
-9.37492e-05
-7.81167e-06
.000125001
.000117188
-.000132812
-5.46867e-05
.000156251
.000148438
.000117188
-2.34367e-05
-3.12492e-05
.000109376
9.37508e-05
.000140626
7.81258e-05
3.90633e-05
3.12508e-05
9.37508e-05
1.56258e-05
4.68758e-05
.000132813
.000101563
.000242188
5.46883e-05
.000125001
2.34383e-05
.000148438
7.03133e-05
-2.34367e-05
3.12508e-05
.000101563
.000109376
-7.03117e-05
8.34465e-10
-7.03117e-05
-1.56242e-05
6.25008e-05
8.34465e-10
7.81333e-06
-6.24992e-05
-4.68742e-05
3.12508e-05
-7.81242e-05
-7.81167e-06
8.59383e-05
6.25008e-05
5.46883e-05
3.12508e-05
-.000179687
1.56258e-05
9.37508e-05
2.34383e-05
-1.56242e-05
5.46883e-05
4.68758e-05
7.81333e-06
9.37508e-05
1.56258e-05
-2.34367e-05
9.37508e-05
.000125001
2.34383e-05
-3.12492e-05
-3.12492e-05
4.68758e-05
8.34465e-10
-.000140624
-2.34367e-05
3.12508e-05
.000179688
4.68758e-05
-3.90617e-05
-.000281249
-8.59367e-05
-4.68742e-05
-7.03117e-05
-.000187499
-.000218749
-.000164062
-4.68742e-05
-.000101562
-.000218749
-.000289062
-4.68742e-05
8.34465e-10
-3.90617e-05
-.000281249
-.000273437
-.000195312
-.000109374
-5.46867e-05
-.000320312
-6.24992e-05
-7.03117e-05
-.000156249
-.000195312
-.000124999
-.000156249
.000101563
-7.81167e-06
-.000195312
-.000132812
-.000101562
-3.90617e-05
8.34465e-10
-.000164062
-.000124999
-4.68742e-05
6.25008e-05
.000109376
-.000164062
-.000140624
-.000117187
8.34465e-10
2.34383e-05
-.000148437
-.000117187
-3.90617e-05
.000218751
4.68758e-05
-3.90617e-05
-7.03117e-05
-9.37492e-05
.000140626
8.59383e-05
-4.68742e-05
-4.68742e-05
2.34383e-05
7.03133e-05
.000132813
-4.68742e-05
5.46883e-05
5.46883e-05
7.81258e-05
8.59383e-05
-4.68742e-05
8.34465e-10
.000187501
7.81258e-05
.000140626
-7.81167e-06
.000140626
5.46883e-05
7.03133e-05
-3.12492e-05
-7.81167e-06
.000210938
.000234376
3.90633e-05
3.12508e-05
-9.37492e-05
3.12508e-05
.000226563
.000109376
-1.56242e-05
-7.81242e-05
5.46883e-05
.000265626
-.000109374
-.000101562
1.56258e-05
3.90633e-05
4.68758e-05
-4.68742e-05
-4.68742e-05
5.46883e-05
.000101563
-1.56242e-05
2.34383e-05
-9.37492e-05
1.56258e-05
.000109376
.000234376
-7.81167e-06
1.56258e-05
-4.68742e-05
5.46883e-05
.000164063
-3.12492e-05
-.000117187
.000148438
3.90633e-05
-2.34367e-05
-7.81242e-05
-4.68742e-05
.000179688
.000250001
3.90633e-05
-.000132812
2.34383e-05
8.59383e-05
.000117188
.000101563
3.12508e-05
6.25008e-05
.000242188
.000226563
8.59383e-05
2.34383e-05
8.59383e-05
6.25008e-05
7.81258e-05
5.46883e-05
-5.46867e-05
8.59383e-05
.000226563
3.90633e-05
1.56258e-05
3.90633e-05
.000109376
.000218751
5.46883e-05
-3.12492e-05
-2.34367e-05
7.81258e-05
.000148438
7.81258e-05
-7.03117e-05
-.000117187
8.59383e-05
.000195313
-.000140624
3.90633e-05
-7.03117e-05
-2.34367e-05
4.68758e-05
5.46883e-05
-9.37492e-05
-7.81167e-06
-6.24992e-05
.000171876
-4.68742e-05
-.000117187
-.000124999
.000132813
8.59383e-05
7.81333e-06
-7.03117e-05
5.46883e-05
-7.81167e-06
1.56258e-05
-.000101562
-.000132812
-1.56242e-05
-3.12492e-05
3.12508e-05
-.000148437
-4.68742e-05
-1.56242e-05
6.25008e-05
-3.12492e-05
-.000140624
-8.59367e-05
8.59383e-05
-1.56242e-05
6.25008e-05
-.000124999
-8.59367e-05
7.81258e-05
.000101563
-.000156249
-3.12492e-05
-5.46867e-05
-7.81242e-05
3.12508e-05
-.000156249
-3.12492e-05
1.56258e-05
7.81333e-06
-4.68742e-05
-9.37492e-05
-.000156249
-9.37492e-05
1.56258e-05
-.000171874
-.000124999
-9.37492e-05
-.000109374
-9.37492e-05
-.000117187
-.000109374
-7.03117e-05
-7.81242e-05
-1.56242e-05
-6.24992e-05
-.000109374
-6.24992e-05
-8.59367e-05
-3.90617e-05
-.000140624
-.000132812
-.000164062
.000101563
-4.68742e-05
-4.68742e-05
-7.81167e-06
-7.81167e-06
-3.90617e-05
6.25008e-05
-.000140624
3.12508e-05
-.000109374
-9.37492e-05
6.25008e-05
5.46883e-05
.000101563
3.12508e-05
3.12508e-05
-8.59367e-05
-8.59367e-05
-7.81167e-06
7.03133e-05
-7.81242e-05
-.000117187
-8.59367e-05
-3.12492e-05
-1.56242e-05
.000109376
3.12508e-05
-3.90617e-05
3.12508e-05
.000257813
-3.90617e-05
8.34465e-10
-7.81167e-06
.000156251
.000140626
9.37508e-05
.000148438
.000132813
.000109376
.000156251
.000109376
5.46883e-05
.000125001
-3.12492e-05
.000148438
.000179688
.000203126
.000117188
1.56258e-05
3.90633e-05
4.68758e-05
.000140626
.000132813
-7.81167e-06
.000164063
-7.03117e-05
8.34465e-10
8.34465e-10
.000140626
.000101563
7.81258e-05
3.90633e-05
-7.81167e-06
-1.56242e-05
7.81258e-05
3.90633e-05
-1.56242e-05
1.56258e-05
.000101563
-2.34367e-05
.000156251
-7.81242e-05
-1.56242e-05
.000171876
.000125001
3.90633e-05
7.03133e-05
5.46883e-05
3.90633e-05
.000156251
3.90633e-05
7.81258e-05
8.34465e-10
-.000156249
.000148438
-4.68742e-05
8.34465e-10
3.90633e-05
-2.34367e-05
4.68758e-05
3.12508e-05
-.000124999
-.000109374
8.34465e-10
.000101563
3.90633e-05
8.34465e-10
8.34465e-10
-4.68742e-05
-7.81242e-05
-8.59367e-05
-7.81242e-05
-9.37492e-05
4.68758e-05
-5.46867e-05
-3.90617e-05
-1.56242e-05
2.34383e-05
-3.12492e-05
2.34383e-05
8.34465e-10
8.34465e-10
8.59383e-05
8.34465e-10
-.000140624
2.34383e-05
.000117188
8.59383e-05
9.37508e-05
-8.59367e-05
-.000117187
7.81258e-05
7.03133e-05
1.56258e-05
-.000117187
-4.68742e-05
1.56258e-05
5.46883e-05
-5.46867e-05
-2.34367e-05
1.56258e-05
1.56258e-05
7.81258e-05
2.34383e-05
.000101563
-7.81242e-05
2.34383e-05
4.68758e-05
7.03133e-05
8.34465e-10
8.59383e-05
5.46883e-05
3.90633e-05
1.56258e-05
3.90633e-05
6.25008e-05
.000164063
7.03133e-05
5.46883e-05
3.90633e-05
.000117188
7.81333e-06
3.90633e-05
-.000109374
5.46883e-05
1.56258e-05
-7.81167e-06
-3.90617e-05
-.000109374
6.25008e-05
1.56258e-05
-2.34367e-05
-3.90617e-05
-4.68742e-05
-4.68742e-05
-2.34367e-05
-4.68742e-05
-3.90617e-05
8.34465e-10
7.03133e-05
.000187501
-5.46867e-05
1.56258e-05
8.34465e-10
3.90633e-05
3.90633e-05
7.81258e-05
8.34465e-10
-3.12492e-05
-8.59367e-05
-3.90617e-05
1.56258e-05
1.56258e-05
-1.56242e-05
-6.24992e-05
-.000101562
9.37508e-05
3.90633e-05
-2.34367e-05
-7.81167e-06
2.34383e-05
.000117188
4.68758e-05
3.90633e-05
5.46883e-05
1.56258e-05
-.000109374
9.37508e-05
8.34465e-10
9.37508e-05
6.25008e-05
1.56258e-05
7.81333e-06
3.12508e-05
7.81333e-06
7.81333e-06
3.12508e-05
-7.81167e-06
8.34465e-10
.000117188
.000101563
-3.12492e-05
-8.59367e-05
-3.90617e-05
8.34465e-10
6.25008e-05
.000156251
-2.34367e-05
-4.68742e-05
-2.34367e-05
.000250001
7.03133e-05
.000132813
-8.59367e-05
.000218751
.000226563
-1.56242e-05
3.90633e-05
5.46883e-05
.000109376
.000109376
-1.56242e-05
4.68758e-05
-3.12492e-05
.000156251
5.46883e-05
3.12508e-05
3.90633e-05
8.59383e-05
7.81333e-06
1.56258e-05
4.68758e-05
7.81333e-06
.000179688
3.12508e-05
-.000148437
-6.24992e-05
3.90633e-05
-7.81167e-06
-3.12492e-05
-9.37492e-05
8.34465e-10
3.12508e-05
.000125001
8.34465e-10
7.81258e-05
-3.12492e-05
-8.59367e-05
.000179688
-.000101562
-6.24992e-05
-7.81167e-06
.000109376
7.81258e-05
3.12508e-05
-3.90617e-05
1.56258e-05
.000101563
9.37508e-05
2.34383e-05
-4.68742e-05
4.68758e-05
.000132813
6.25008e-05
-1.56242e-05
-.000109374
2.34383e-05
1.56258e-05
-4.68742e-05
-5.46867e-05
-.000101562
.000101563
.000148438
6.25008e-05
-7.81167e-06
-6.24992e-05
1.56258e-05
3.12508e-05
.000125001
1.56258e-05
-3.12492e-05
.000101563
1.56258e-05
-6.24992e-05
-1.56242e-05
-3.90617e-05
7.81333e-06
1.56258e-05
-3.90617e-05
1.56258e-05
2.34383e-05
.000109376
-4.68742e-05
-.000156249
7.81333e-06
-8.59367e-05
5.46883e-05
-.000148437
-6.24992e-05
-.000164062
7.03133e-05
.000101563
5.46883e-05
-6.24992e-05
-2.34367e-05
-4.68742e-05
6.25008e-05
2.34383e-05
8.34465e-10
-.000148437
.000156251
7.81333e-06
7.81258e-05
6.25008e-05
-3.12492e-05
3.90633e-05
2.34383e-05
.000210938
4.68758e-05
-7.81167e-06
3.12508e-05
8.34465e-10
-7.03117e-05
-8.59367e-05
-2.34367e-05
.000109376
5.46883e-05
-1.56242e-05
-2.34367e-05
3.12508e-05
7.81258e-05
2.34383e-05
-8.59367e-05
2.34383e-05
3.90633e-05
7.81333e-06
3.90633e-05
-.000140624
-.000132812
-.000171874
5.46883e-05
-7.81167e-06
3.90633e-05
7.81333e-06
1.56258e-05
5.46883e-05
6.25008e-05
7.81333e-06
-9.37492e-05
7.81258e-05
.000101563
-6.24992e-05
-3.90617e-05
.000132813
1.56258e-05
6.25008e-05
.000156251
-7.81167e-06
.000171876
-7.81167e-06
2.34383e-05
3.12508e-05
8.34465e-10
1.56258e-05
-2.34367e-05
-5.46867e-05
-4.68742e-05
-.000101562
1.56258e-05
3.90633e-05
4.68758e-05
-4.68742e-05
8.34465e-10
7.03133e-05
.000210938
8.34465e-10
-.000148437
-7.81167e-06
7.03133e-05
-3.12492e-05
-1.56242e-05
-.000171874
-1.56242e-05
9.37508e-05
3.12508e-05
1.56258e-05
-3.90617e-05
7.81333e-06
3.12508e-05
8.34465e-10
-6.24992e-05
-.000140624
.000132813
3.12508e-05
7.81258e-05
7.81333e-06
.000109376
4.68758e-05
.000132813
2.34383e-05
-2.34367e-05
.000164063
3.90633e-05
4.68758e-05
-8.59367e-05
-4.68742e-05
8.34465e-10
7.81258e-05
7.03133e-05
-7.81242e-05
3.12508e-05
2.34383e-05
.000148438
8.59383e-05
-1.56242e-05
-.000164062
-7.81242e-05
3.90633e-05
3.12508e-05
-5.46867e-05
-1.56242e-05
-4.68742e-05
.000179688
3.90633e-05
3.12508e-05
-7.81167e-06
3.12508e-05
6.25008e-05
9.37508e-05
-7.81242e-05
.000140626
.000109376
.000109376
9.37508e-05
5.46883e-05
9.37508e-05
3.12508e-05
1.56258e-05
-3.12492e-05
-.000124999
1.56258e-05
.000148438
8.34465e-10
-6.24992e-05
-2.34367e-05
.000164063
5.46883e-05
2.34383e-05
-5.46867e-05
-2.34367e-05
.000132813
6.25008e-05
3.90633e-05
-.000148437
-.000117187
6.25008e-05
8.59383e-05
-3.90617e-05
-5.46867e-05
8.34465e-10
.000101563
-7.81167e-06
3.90633e-05
-7.81167e-06
3.12508e-05
-3.12492e-05
-7.81167e-06
-6.24992e-05
-7.81242e-05
-5.46867e-05
1.56258e-05
3.90633e-05
7.81333e-06
-7.81242e-05
4.68758e-05
-2.34367e-05
8.34465e-10
6.25008e-05
-3.90617e-05
8.34465e-10
8.34465e-10
3.90633e-05
3.90633e-05
-7.81167e-06
-.000117187
3.12508e-05
.000125001
7.03133e-05
-4.68742e-05
6.25008e-05
6.25008e-05
-.000124999
6.25008e-05
-1.56242e-05
-2.34367e-05
-3.90617e-05
2.34383e-05
-4.68742e-05
1.56258e-05
-.000148437
.000101563
-4.68742e-05
2.34383e-05
-.000140624
7.03133e-05
4.68758e-05
-1.56242e-05
-4.68742e-05
1.56258e-05
5.46883e-05
7.81333e-06
-4.68742e-05
-.000109374
7.81258e-05
7.81258e-05
-1.56242e-05
-7.03117e-05
-.000101562
2.34383e-05
1.56258e-05
7.81333e-06
-2.34367e-05
-5.46867e-05
-.000140624
6.25008e-05
9.37508e-05
6.25008e-05
8.34465e-10
-7.81167e-06
4.68758e-05
.000171876
3.12508e-05
-4.68742e-05
5.46883e-05
-6.24992e-05
-4.68742e-05
-.000101562
-.000171874
-1.56242e-05
-7.81167e-06
-7.03117e-05
2.34383e-05
7.03133e-05
1.56258e-05
5.46883e-05
7.81333e-06
8.34465e-10
1.56258e-05
-.000101562
2.34383e-05
1.56258e-05
.000101563
.000148438
-2.34367e-05
1.56258e-05
-8.59367e-05
-.000117187
-1.56242e-05
9.37508e-05
8.34465e-10
-3.12492e-05
2.34383e-05
7.03133e-05
7.81258e-05
3.12508e-05
3.90633e-05
1.56258e-05
3.90633e-05
7.81258e-05
.000117188
4.68758e-05
-1.56242e-05
8.59383e-05
-4.68742e-05
2.34383e-05
3.90633e-05
4.68758e-05
8.34465e-10
6.25008e-05
1.56258e-05
2.34383e-05
.000140626
3.12508e-05
-1.56242e-05
9.37508e-05
-8.59367e-05
.000187501
9.37508e-05
-7.03117e-05
1.56258e-05
-.000124999
4.68758e-05
9.37508e-05
-4.68742e-05
.000101563
5.46883e-05
.000156251
.000156251
7.03133e-05
.000156251
5.46883e-05
.000125001
-2.34367e-05
7.81333e-06
7.03133e-05
-9.37492e-05
7.81333e-06
.000101563
.000195313
2.34383e-05
-7.81167e-06
8.34465e-10
8.59383e-05
4.68758e-05
-2.34367e-05
7.81333e-06
-.000101562
2.34383e-05
6.25008e-05
-2.34367e-05
9.37508e-05
.000101563
8.59383e-05
.000179688
7.81258e-05
3.12508e-05
3.90633e-05
9.37508e-05
3.90633e-05
4.68758e-05
8.59383e-05
.000234376
-7.03117e-05
7.81333e-06
-3.90617e-05
.000187501
-2.34367e-05
3.90633e-05
-3.90617e-05
-3.12492e-05
7.81333e-06
-7.81242e-05
5.46883e-05
7.81258e-05
-2.34367e-05
8.59383e-05
3.12508e-05
1.56258e-05
5.46883e-05
5.46883e-05
-7.81167e-06
8.59383e-05
3.90633e-05
-.000124999
-6.24992e-05
-7.81242e-05
7.81258e-05
2.34383e-05
-7.81167e-06
3.12508e-05
7.03133e-05
7.81258e-05
1.56258e-05
-.000124999
9.37508e-05
.000148438
-.000117187
9.37508e-05
8.34465e-10
7.81258e-05
2.34383e-05
8.59383e-05
-7.81242e-05
4.68758e-05
6.25008e-05
3.12508e-05
-3.12492e-05
3.12508e-05
7.81333e-06
.000179688
2.34383e-05
5.46883e-05
-8.59367e-05
-7.81167e-06
4.68758e-05
8.34465e-10
7.81258e-05
-7.81242e-05
-4.68742e-05
.000226563
.000156251
-1.56242e-05
-7.81167e-06
.000203126
-2.34367e-05
7.81333e-06
5.46883e-05
-7.03117e-05
-7.81242e-05
.000187501
5.46883e-05
7.03133e-05
-6.24992e-05
2.34383e-05
.000187501
.000203126
3.12508e-05
6.25008e-05
3.90633e-05
3.12508e-05
1.56258e-05
-2.34367e-05
4.68758e-05
6.25008e-05
-1.56242e-05
.000132813
-2.34367e-05
-8.59367e-05
2.34383e-05
6.25008e-05
.000101563
3.12508e-05
-7.81242e-05
3.90633e-05
8.59383e-05
2.34383e-05
7.81333e-06
-6.24992e-05
4.68758e-05
.000179688
9.37508e-05
-.000101562
-3.12492e-05
7.03133e-05
3.12508e-05
8.34465e-10
-.000140624
-4.68742e-05
-3.12492e-05
3.12508e-05
.000101563
1.56258e-05
2.34383e-05
.000109376
-7.81167e-06
-.000124999
-7.81167e-06
3.90633e-05
-.000124999
2.34383e-05
-2.34367e-05
-5.46867e-05
4.68758e-05
-8.59367e-05
-.000101562
8.34465e-10
8.34465e-10
.000203126
.000156251
-2.34367e-05
-.000124999
3.90633e-05
.000125001
3.12508e-05
-.000132812
2.34383e-05
-1.56242e-05
.000101563
9.37508e-05
-3.90617e-05
-2.34367e-05
3.90633e-05
7.03133e-05
3.90633e-05
7.81258e-05
8.34465e-10
-3.12492e-05
.000210938
8.59383e-05
-7.81167e-06
-1.56242e-05
-7.81167e-06
7.81258e-05
-7.81242e-05
7.81333e-06
-7.81167e-06
7.81258e-05
9.37508e-05
3.12508e-05
-.000109374
.000109376
.000179688
3.12508e-05
-4.68742e-05
-7.81167e-06
.000164063
4.68758e-05
6.25008e-05
-7.03117e-05
-9.37492e-05
2.34383e-05
.000117188
4.68758e-05
8.34465e-10
-7.03117e-05
6.25008e-05
.000265626
-2.34367e-05
-2.34367e-05
-5.46867e-05
.000117188
7.81333e-06
8.59383e-05
7.81333e-06
-7.81167e-06
3.12508e-05
.000164063
.000101563
5.46883e-05
3.12508e-05
4.68758e-05
5.46883e-05
4.68758e-05
-5.46867e-05
2.34383e-05
.000140626
5.46883e-05
2.34383e-05
1.56258e-05
8.34465e-10
-5.46867e-05
3.90633e-05
2.34383e-05
-3.90617e-05
3.90633e-05
.000148438
3.90633e-05
2.34383e-05
8.34465e-10
.000187501
1.56258e-05
7.03133e-05
-7.81242e-05
-5.46867e-05
5.46883e-05
.000156251
7.81258e-05
7.81258e-05
9.37508e-05
.000218751
-5.46867e-05
-6.24992e-05
3.12508e-05
.000179688
7.03133e-05
.000109376
8.59383e-05
7.81333e-06
.000140626
7.81333e-06
-9.37492e-05
-7.81167e-06
-6.24992e-05
3.90633e-05
6.25008e-05
2.34383e-05
-1.56242e-05
-.000101562
3.12508e-05
6.25008e-05
7.81258e-05
-8.59367e-05
-.000109374
8.34465e-10
3.90633e-05
-7.81242e-05
-.000109374
-7.81167e-06
.000117188
7.03133e-05
-4.68742e-05
-.000132812
-.000148437
6.25008e-05
1.56258e-05
-.000109374
2.34383e-05
-5.46867e-05
8.59383e-05
7.03133e-05
-5.46867e-05
-7.03117e-05
6.25008e-05
4.68758e-05
1.56258e-05
-8.59367e-05
-7.81242e-05
2.34383e-05
9.37508e-05
8.34465e-10
-.000101562
2.34383e-05
.000156251
3.12508e-05
-.000117187
-9.37492e-05
1.56258e-05
7.81258e-05
6.25008e-05
-.000148437
-3.90617e-05
-4.68742e-05
8.34465e-10
7.03133e-05
-4.68742e-05
-7.81167e-06
-7.81242e-05
7.81258e-05
7.81333e-06
.000101563
3.12508e-05
-7.81167e-06
5.46883e-05
8.34465e-10
3.12508e-05
.000117188
2.34383e-05
1.56258e-05
-1.56242e-05
-9.37492e-05
3.90633e-05
.000101563
3.90633e-05
-.000101562
-4.68742e-05
.000203126
.000101563
-1.56242e-05
-7.81242e-05
5.46883e-05
8.34465e-10
.000187501
-9.37492e-05
-.000148437
2.34383e-05
.000125001
.000187501
-9.37492e-05
6.25008e-05
4.68758e-05
4.68758e-05
5.46883e-05
-3.12492e-05
-7.81167e-06
9.37508e-05
7.03133e-05
.000109376
1.56258e-05
7.03133e-05
-2.34367e-05
.000125001
7.81333e-06
2.34383e-05
4.68758e-05
7.03133e-05
5.46883e-05
9.37508e-05
7.81333e-06
3.12508e-05
.000109376
-7.81167e-06
6.25008e-05
-.000140624
.000187501
-5.46867e-05
.000156251
.000132813
-4.68742e-05
2.34383e-05
2.34383e-05
7.81333e-06
3.12508e-05
8.34465e-10
6.25008e-05
3.90633e-05
8.59383e-05
6.25008e-05
.000179688
5.46883e-05
7.03133e-05
.000140626
6.25008e-05
-7.81242e-05
3.12508e-05
7.03133e-05
9.37508e-05
.000101563
.000140626
7.81333e-06
.000148438
6.25008e-05
-7.81167e-06
-3.90617e-05
.000117188
.000132813
3.90633e-05
5.46883e-05
-7.81167e-06
-6.24992e-05
2.34383e-05
5.46883e-05
-3.90617e-05
-.000101562
.000132813
.000140626
-7.81242e-05
-.000101562
-.000171874
3.12508e-05
.000117188
3.12508e-05
-.000164062
2.34383e-05
7.81333e-06
4.68758e-05
-3.90617e-05
-.000109374
7.81333e-06
4.68758e-05
-4.68742e-05
-8.59367e-05
-7.81242e-05
1.56258e-05
.000171876
-1.56242e-05
3.12508e-05
1.56258e-05
3.12508e-05
.000125001
1.56258e-05
-3.90617e-05
4.68758e-05
8.34465e-10
.000101563
1.56258e-05
7.81258e-05
-4.68742e-05
.000210938
.000101563
8.34465e-10
-4.68742e-05
-3.12492e-05
.000218751
.000132813
-2.34367e-05
-9.37492e-05
-1.56242e-05
3.90633e-05
1.56258e-05
-3.12492e-05
-4.68742e-05
3.12508e-05
.000179688
.000140626
3.12508e-05
3.12508e-05
1.56258e-05
7.81258e-05
1.56258e-05
-6.24992e-05
-.000132812
.000140626
.000148438
8.34465e-10
-7.81167e-06
6.25008e-05
7.81258e-05
.000109376
-7.81242e-05
-2.34367e-05
.000140626
.000234376
-3.12492e-05
-3.12492e-05
-2.34367e-05
1.56258e-05
.000117188
.000125001
7.81258e-05
3.12508e-05
3.12508e-05
.000250001
.000148438
-7.81167e-06
.000117188
.000203126
6.25008e-05
5.46883e-05
.000140626
1.56258e-05
.000179688
-5.46867e-05
3.90633e-05
.000132813
4.68758e-05
2.34383e-05
7.03133e-05
-2.34367e-05
8.59383e-05
.000117188
3.90633e-05
.000140626
8.59383e-05
7.81258e-05
.000117188
.000210938
.000101563
1.56258e-05
7.03133e-05
.000125001
.000109376
.000132813
.000148438
6.25008e-05
5.46883e-05
.000171876
.000101563
1.56258e-05
1.56258e-05
2.34383e-05
-1.56242e-05
.000179688
5.46883e-05
1.56258e-05
4.68758e-05
7.81333e-06
.000226563
-3.12492e-05
4.68758e-05
.000140626
7.03133e-05
3.12508e-05
-4.68742e-05
-2.34367e-05
5.46883e-05
.000140626
5.46883e-05
-1.56242e-05
8.34465e-10
3.90633e-05
8.59383e-05
3.12508e-05
7.81333e-06
.000101563
3.90633e-05
.000117188
7.03133e-05
-.000109374
3.90633e-05
7.03133e-05
.000226563
.000195313
8.34465e-10
-7.81167e-06
5.46883e-05
8.34465e-10
.000117188
-.000109374
-7.81167e-06
5.46883e-05
8.59383e-05
2.34383e-05
-1.56242e-05
.000125001
.000164063
2.34383e-05
7.03133e-05
2.34383e-05
5.46883e-05
.000148438
.000117188
.000101563
-4.68742e-05
1.56258e-05
.000140626
3.90633e-05
2.34383e-05
-3.90617e-05
4.68758e-05
8.59383e-05
3.12508e-05
5.46883e-05
-1.56242e-05
.000140626
8.59383e-05
.000109376
-.000101562
-4.68742e-05
.000179688
7.81333e-06
-7.03117e-05
-2.34367e-05
-4.68742e-05
.000156251
.000132813
-7.81167e-06
-.000117187
6.25008e-05
-.000109374
7.03133e-05
-.000117187
-.000117187
3.90633e-05
.000179688
8.59383e-05
-7.03117e-05
7.03133e-05
8.59383e-05
5.46883e-05
6.25008e-05
2.34383e-05
6.25008e-05
8.34465e-10
7.81258e-05
8.34465e-10
3.12508e-05
6.25008e-05
4.68758e-05
3.90633e-05
2.34383e-05
-1.56242e-05
3.90633e-05
.000109376
1.56258e-05
3.12508e-05
-5.46867e-05
7.81333e-06
.000148438
8.59383e-05
-5.46867e-05
7.03133e-05
.000140626
.000125001
.000117188
-6.24992e-05
3.12508e-05
8.59383e-05
5.46883e-05
2.34383e-05
.000156251
7.81333e-06
7.81258e-05
7.81333e-06
-4.68742e-05
-5.46867e-05
6.25008e-05
8.34465e-10
.000171876
-.000171874
5.46883e-05
.000109376
.000179688
8.59383e-05
7.81333e-06
4.68758e-05
5.46883e-05
.000148438
3.90633e-05
2.34383e-05
-7.81167e-06
3.90633e-05
8.59383e-05
6.25008e-05
-9.37492e-05
7.03133e-05
7.03133e-05
7.03133e-05
3.90633e-05
-5.46867e-05
2.34383e-05
.000125001
.000187501
3.12508e-05
8.34465e-10
1.56258e-05
7.81333e-06
.000164063
3.12508e-05
1.56258e-05
3.90633e-05
9.37508e-05
-7.81167e-06
3.12508e-05
-.000101562
-6.24992e-05
8.59383e-05
.000148438
-7.03117e-05
-8.59367e-05
-.000117187
.000195313
9.37508e-05
5.46883e-05
2.34383e-05
3.90633e-05
.000203126
.000101563
4.68758e-05
-7.03117e-05
4.68758e-05
3.90633e-05
4.68758e-05
-8.59367e-05
1.56258e-05
5.46883e-05
.000101563
.000226563
-.000101562
-7.81167e-06
3.12508e-05
-1.56242e-05
8.34465e-10
-9.37492e-05
-3.90617e-05
.000234376
.000117188
7.81333e-06
2.34383e-05
5.46883e-05
.000273438
.000171876
1.56258e-05
8.59383e-05
.000117188
.000218751
.000320313
4.68758e-05
7.03133e-05
2.34383e-05
.000179688
7.81258e-05
-2.34367e-05
-7.81167e-06
5.46883e-05
.000187501
-2.34367e-05
-7.81167e-06
-4.68742e-05
6.25008e-05
-6.24992e-05
-7.81242e-05
1.56258e-05
2.34383e-05
.000187501
-8.59367e-05
-7.81167e-06
-2.34367e-05
7.81258e-05
7.81258e-05
-3.12492e-05
7.03133e-05
6.25008e-05
