2500
2.e-09
250
.0562744
.000343751
.000250001
.000492188
.000539063
.000250001
.000328126
.000546876
.000156251
.000304688
.000257813
.000484376
.000515626
.000164063
.000429688
.000281251
.000265626
.000421876
.000164063
.000265626
.000179688
.000281251
.000367188
.000554688
.000554688
.000390626
.000382813
.000453126
.000421876
.000390626
.000304688
.000492188
.000335938
.000398438
.000343751
.000437501
.000179688
.000242188
.000484376
.000367188
.000507813
.000265626
.000179688
.000382813
.000382813
.000375001
.000375001
.000367188
.000328126
.000328126
.000593751
.000343751
.000210938
.000343751
.000500001
.000531251
.000335938
.000234376
.000375001
.000468751
.000429688
.000601563
.000273438
.000500001
.000406251
.000367188
.000484376
.000437501
.000414063
.000195313
.000492188
.000343751
.000406251
.000421876
.000320313
.000351563
.000140626
.000414063
.000406251
.000203126
.000312501
.000296876
.000515626
.000500001
.000406251
.000484376
.000328126
.000304688
.000406251
.000437501
.000273438
.000343751
.000312501
.000312501
.000351563
.000421876
.000398438
.000531251
.000140626
.000320313
.000539063
.000476563
.000312501
.000507813
.000546876
.000304688
.000468751
.000531251
.000640626
.000414063
.000281251
.000359376
.000343751
.000515626
.000492188
.000484376
.000421876
.000531251
.000539063
.000359376
.000476563
.000406251
.000289063
.000406251
.000468751
.000335938
.000320313
.000312501
.000390626
.000140626
.000382813
.000273438
.000382813
.000289063
.000492188
.000625001
.000359376
.000375001
.000460938
.000421876
.000523438
.000406251
.000242188
.000312501
.000398438
.000445313
.000375001
.000476563
.000453126
.000289063
.000320313
.000539063
.000367188
.000429688
.000335938
.000343751
.000539063
.000445313
.000406251
.000492188
.000335938
.000492188
.000484376
.000609376
.000460938
.000523438
.000343751
.000484376
.000390626
.000445313
.000492188
.000406251
.000515626
.000312501
.000359376
.000437501
.000398438
.000273438
.000390626
.000492188
.000523438
.000367188
.000265626
.000523438
.000406251
.000289063
.000492188
.000375001
.000218751
.000343751
.000468751
.000664063
.000453126
.000281251
.000281251
.000304688
.000453126
.000460938
.000476563
.000390626
.000562501
.000289063
.000343751
.000429688
.000289063
.000335938
.000265626
.000632813
.000414063
.000460938
.000359376
.000484376
.000484376
.000625001
.000382813
.000226563
.000343751
.000343751
.000492188
.000554688
.000234376
.000304688
.000289063
.000585938
.000445313
.000289063
.000289063
.000257813
.000484376
.000546876
.000546876
.000296876
.000406251
.000390626
.000148438
.000500001
.000187501
.000351563
.000210938
.000523438
.000476563
.000453126
.000406251
.000312501
.000421876
.000421876
.000109376
.000265626
.000398438
.000585938
.000304688
.000359376
.000414063
.000359376
.000390626
.000562501
.000304688
.000343751
.000156251
.000507813
.000398438
.000195313
.000375001
.000343751
.000382813
.000296876
.000281251
.000601563
.000507813
.000289063
.000468751
.000593751
.000179688
.000343751
.000390626
.000507813
.000195313
.000265626
.000187501
.000507813
.000382813
.000562501
.000296876
.000476563
.000492188
.000382813
.000437501
.000460938
.000328126
.000468751
.000570313
.000406251
.000429688
.000140626
.000421876
.000453126
.000312501
.000351563
.000328126
.000414063
.000335938
.000320313
.000437501
.000460938
.000507813
.000484376
.000265626
.000390626
.000406251
.000429688
.000421876
.000515626
.000445313
.000406251
.000429688
.000453126
.000367188
.000414063
.000367188
.000507813
.000617188
.000351563
.000554688
.000671876
.000210938
.000312501
.000343751
.000304688
.000414063
.000257813
.000578126
.000515626
.000546876
.000257813
.000281251
.000570313
.000414063
.000546876
.000445313
.000492188
.000539063
.000375001
.000390626
.000648438
.000273438
.000453126
.000210938
.000390626
.000304688
.000304688
.000265626
.000343751
.000210938
.000429688
.000359376
.000656251
.000257813
.000234376
.000304688
.000523438
.000328126
.000429688
.000476563
.000429688
.000195313
.000382813
.000273438
.000429688
.000453126
.000328126
.000375001
.000562501
.000367188
.000289063
.000367188
.000460938
.000273438
.000578126
.000304688
.000398438
.000359376
.000289063
.000210938
.000468751
.000296876
.000359376
.000109376
.000453126
.000304688
.000125001
.000351563
.000312501
.000398438
.000273438
.000429688
.000421876
.000507813
.000460938
.000367188
.000437501
.000289063
.000171876
.000218751
.000484376
.000531251
.000320313
.000390626
.000406251
.000312501
.000421876
.000500001
.000546876
.000125001
.000570313
.000296876
.000546876
.000617188
.000453126
.000367188
.000476563
.000453126
.000546876
.000515626
.000218751
.000554688
.000359376
.000312501
.000468751
.000468751
.000585938
.000273438
.000648438
.000351563
.000539063
.000406251
.000406251
.000312501
.000351563
.000312501
.000648438
.000492188
.000132813
.000343751
.000625001
.000507813
.000382813
.000312501
.000351563
.000312501
.000609376
.000484376
.000562501
.000414063
.000296876
.000437501
.000382813
.000445313
.000257813
.000296876
.000195313
.000250001
.000453126
.000375001
.000546876
.000437501
.000507813
.000382813
.000500001
.000304688
.000492188
.000398438
.000585938
.000523438
.000421876
.000304688
.000359376
.000367188
.000492188
.000351563
.000343751
.000250001
.000273438
.000289063
.000421876
.000406251
.000484376
.000320313
.000328126
.000359376
.000445313
.000406251
.000281251
.000312501
.000367188
.000453126
.000523438
.000500001
.000242188
.000335938
.000625001
.000578126
.000445313
.000265626
.000203126
.000351563
.000414063
.000351563
.000468751
.000335938
.000335938
.000234376
.000476563
.000203126
.000250001
.000281251
.000375001
.000273438
.000312501
.000195313
.000398438
.000367188
.000460938
.000257813
.000398438
.000296876
.000187501
.000398438
.000179688
.000257813
.000390626
.000320313
.000484376
.000210938
.000406251
.000289063
.000296876
.000281251
.000242188
.000234376
.000507813
.000312501
.000414063
.000257813
.000328126
.000257813
.000562501
.000398438
.000523438
.000484376
.000218751
.000382813
.000445313
.000335938
.000335938
.000234376
.000421876
.000476563
.000453126
.000500001
.000351563
.000546876
7.03135e-05
.000539063
.000531251
.000609376
.000242188
.000359376
.000265626
.000390626
.000312501
.000250001
.000242188
.000406251
.000476563
.000492188
.000585938
.000359376
.000445313
.000585938
.000507813
.000375001
.000367188
.000367188
.000476563
.000679688
.000210938
.000210938
.000453126
.000531251
.000625001
.000453126
.000492188
.000468751
.000359376
.000484376
.000531251
.000554688
.000484376
.000328126
.000445313
.000406251
.000414063
.000242188
.000437501
.000414063
.000406251
.000351563
.000625001
.000398438
.000640626
.000492188
.000578126
.000382813
.000273438
.000296876
.000367188
.000570313
.000664063
.000414063
.000515626
.000343751
.000398438
.000476563
.000546876
.000289063
.000250001
.000492188
.000460938
.000585938
.000570313
.000312501
.000226563
.000515626
.000554688
.000476563
.000578126
.000468751
.000382813
.000226563
.000359376
.000492188
.000445313
.000257813
.000390626
.000414063
.000312501
.000570313
.000500001
.000476563
.000460938
.000273438
.000453126
.000546876
.000210938
.000312501
.000406251
.000359376
.000398438
.000359376
.000312501
.000421876
.000406251
.000539063
.000359376
.000343751
.000312501
.000242188
.000476563
.000429688
.000328126
.000289063
.000382813
.000265626
.000250001
.000273438
.000476563
.000125001
.000351563
.000453126
.000531251
.000601563
.000406251
.000500001
.000531251
.000304688
.000398438
.000343751
.000500001
.000273438
.000554688
.000468751
.000500001
.000351563
.000289063
.000515626
.000546876
.000273438
.000406251
.000406251
.000554688
.000468751
.000390626
.000351563
.000351563
.000382813
.000515626
.000367188
.000609376
.000218751
.000296876
.000406251
.000695313
.000476563
.000257813
.000500001
.000296876
.000500001
.000406251
.000460938
.000429688
.000117188
.000539063
.000289063
.000539063
.000523438
.000273438
.000445313
.000312501
.000382813
.000414063
.000421876
.000429688
.000390626
.000273438
.000304688
.000609376
.000437501
.000406251
.000632813
.000585938
.000523438
.000507813
.000320313
.000609376
.000390626
.000242188
.000460938
.000460938
.000531251
.000546876
.000484376
.000523438
.000429688
.000359376
.000398438
.000351563
.000304688
.000515626
.000375001
.000250001
.000445313
.000382813
.000507813
.000320313
.000398438
.000406251
.000437501
.000601563
.000195313
.000507813
.000460938
.000554688
.000398438
.000476563
.000453126
.000531251
.000437501
.000281251
.000273438
.000500001
.000468751
.000484376
.000523438
.000546876
.000664063
.000343751
.000359376
.000546876
.000414063
.000375001
.000257813
.000640626
.000703126
.000375001
.000273438
.000273438
.000359376
.000554688
.000382813
.000515626
.000304688
.000367188
.000187501
.000492188
.000375001
.000320313
.000484376
.000320313
.000312501
.000335938
.000296876
.000531251
.000281251
.000390626
.000421876
.000421876
.000273438
.000437501
.000343751
.000265626
.000382813
.000414063
.000335938
.000273438
.000289063
.000226563
.000343751
.000382813
.000226563
.000328126
.000445313
.000273438
.000359376
.000304688
.000351563
.000421876
.000359376
.000632813
.000367188
.000437501
.000406251
.000390626
.000406251
.000320313
.000406251
.000375001
.000210938
.000484376
.000328126
.000281251
.000398438
.000460938
.000453126
.000289063
.000265626
.000476563
.000500001
.000273438
.000406251
.000320313
.000554688
.000375001
.000359376
.000640626
.000382813
.000453126
.000406251
.000375001
.000382813
.000570313
.000429688
.000437501
.000648438
.000359376
.000320313
.000328126
.000289063
.000398438
.000492188
.000484376
.000390626
.000312501
.000367188
.000367188
.000453126
.000539063
.000406251
.000179688
.000414063
.000390626
.000476563
.000484376
.000296876
.000484376
.000226563
.000445313
.000257813
.000523438
.000320313
.000312501
.000445313
.000578126
.000343751
.000421876
.000367188
.000429688
.000460938
.000398438
.000625001
.000351563
.000429688
.000617188
.000351563
.000148438
.000390626
.000414063
.000523438
.000656251
.000359376
.000390626
.000234376
.000375001
.000382813
.000507813
.000609376
.000351563
.000398438
.000632813
.000515626
.000289063
.000328126
.000476563
.000554688
.000359376
.000398438
.000515626
.000375001
.000453126
.000531251
.000531251
.000507813
.000445313
.000289063
.000476563
.000617188
.000382813
.000320313
.000296876
.000390626
.000437501
.000351563
.000500001
.000492188
.000500001
.000406251
.000453126
.000539063
.000242188
.000312501
.000453126
.000351563
.000351563
.000367188
.000359376
.000375001
.000289063
.000460938
.000500001
.000515626
.000320313
.000328126
.000539063
.000523438
.000359376
.000320313
.000492188
.000281251
.000500001
.000484376
.000476563
.000484376
.000515626
.000335938
.000648438
.000476563
.000554688
.000203126
.000515626
.000375001
.000257813
.000382813
.000351563
.000281251
.000218751
.000484376
.000375001
.000328126
.000367188
.000390626
.000460938
.000437501
.000421876
.000343751
.000507813
.000507813
.000539063
.000531251
.000585938
.000203126
.000609376
.000601563
.000328126
.000414063
.000343751
.000289063
.000398438
.000273438
.000640626
.000382813
.000375001
.000382813
.000414063
.000281251
.000484376
.000523438
.000296876
.000242188
.000375001
.000265626
.000304688
.000343751
.000398438
.000492188
.000476563
.000328126
.000500001
.000320313
.000453126
.000453126
.000601563
.000468751
.000398438
.000351563
.000203126
.000265626
.000414063
.000304688
.000382813
.000476563
.000343751
.000507813
.000585938
.000437501
.000375001
.000312501
.000406251
.000335938
.000359376
.000234376
.000468751
.000546876
.000367188
.000382813
.000445313
.000437501
.000406251
.000398438
.000406251
.000453126
.000460938
.000375001
.000531251
.000398438
.000609376
.000578126
.000453126
.000335938
.000234376
.000359376
.000531251
.000382813
.000460938
.000437501
.000546876
.000554688
.000382813
.000414063
.000343751
.000515626
.000437501
.000289063
.000335938
.000421876
.000250001
.000242188
.000140626
.000250001
.000460938
.000265626
.000453126
.000250001
.000500001
.000507813
.000578126
.000390626
.000406251
.000492188
.000445313
.000382813
.000484376
.000445313
.000414063
.000328126
.000359376
.000218751
.000523438
.000437501
.000382813
.000351563
.000296876
.000523438
.000390626
.000398438
.000414063
.000218751
.000406251
.000312501
.000296876
.000625001
.000523438
.000476563
.000484376
.000453126
.000523438
.000335938
.000242188
.000617188
.000500001
.000476563
.000375001
.000429688
.000359376
.000250001
.000320313
.000460938
.000539063
.000617188
.000398438
.000296876
.000515626
.000406251
.000453126
.000445313
.000468751
.000359376
.000335938
.000445313
.000312501
.000507813
.000445313
.000296876
.000382813
.000460938
.000429688
.000476563
.000429688
.000515626
.000468751
.000429688
.000328126
.000562501
.000656251
.000484376
.000343751
.000437501
.000507813
.000531251
.000414063
.000515626
.000585938
.000484376
.000320313
.000476563
.000515626
.000210938
.000484376
.000484376
.000414063
.000273438
.000289063
.000507813
.000695313
.000296876
.000406251
.000453126
.000468751
.000359376
.000406251
.000257813
.000203126
.000328126
.000406251
.000515626
.000484376
.000468751
.000351563
.000343751
.000460938
.000492188
.000429688
.000265626
.000625001
.000351563
.000445313
.000429688
.000437501
.000265626
.000593751
.000406251
.000507813
.000375001
.000234376
.000359376
.000695313
.000531251
.000382813
.000429688
.000320313
.000257813
.000414063
.000500001
.000617188
.000539063
.000546876
.000593751
.000484376
.000546876
.000304688
.000351563
.000609376
.000437501
.000312501
.000476563
.000445313
.000414063
.000289063
.000500001
.000687501
.000429688
.000312501
.000257813
.000359376
.000593751
.000414063
.000429688
.000437501
.000375001
.000382813
.000203126
.000531251
.000203126
.000335938
.000367188
.000562501
.000460938
.000343751
.000437501
.000359376
.000265626
.000398438
.000343751
.000390626
.000546876
.000257813
.000289063
.000640626
.000304688
.000320313
.000265626
.000492188
.000507813
.000453126
.000312501
.000515626
.000257813
.000359376
.000585938
.000320313
.000320313
.000273438
.000343751
.000546876
.000234376
.000382813
.000250001
.000531251
.000593751
.000343751
.000351563
.000226563
.000359376
.000492188
.000406251
.000414063
.000507813
.000406251
.000375001
.000468751
.000398438
.000437501
.000359376
.000453126
.000359376
.000414063
.000515626
.000406251
.000312501
.000500001
.000492188
.000453126
.000250001
.000304688
.000406251
.000484376
.000281251
.000242188
.000273438
.000421876
.000437501
.000398438
.000273438
.000453126
.000531251
.000445313
.000359376
.000601563
.000359376
.000406251
.000390626
.000375001
.000484376
.000289063
.000304688
.000539063
.000304688
.000460938
.000265626
.000242188
.000539063
.000562501
.000445313
.000375001
.000414063
.000398438
.000492188
.000601563
.000453126
.000359376
.000406251
.000593751
.000437501
.000296876
.000539063
.000500001
.000601563
.000375001
.000507813
.000242188
.000531251
.000437501
.000429688
.000539063
.000429688
.000617188
.000429688
.000460938
.000289063
.000359376
.000546876
.000382813
.000406251
.000210938
.000320313
.000539063
.000429688
.000453126
.000304688
.000406251
.000375001
.000500001
.000210938
.000335938
.000421876
.000664063
.000390626
.000507813
.000523438
.000406251
.000539063
.000507813
.000546876
.000320313
.000406251
.000312501
.000398438
.000460938
.000265626
.000687501
.000531251
.000523438
.000421876
.000546876
.000429688
.000312501
.000484376
.000343751
.000390626
.000289063
.000531251
.000328126
.000390626
.000429688
.000515626
.000484376
.000539063
.000437501
.000664063
.000468751
.000375001
.000414063
.000234376
.000390626
.000406251
.000367188
.000250001
.000328126
.000398438
.000351563
.000351563
.000218751
.000585938
.000328126
.000296876
.000507813
.000476563
.000531251
.000367188
.000281251
.000390626
.000445313
.000226563
.000554688
.000390626
.000382813
.000484376
.000515626
.000367188
.000367188
.000484376
.000523438
.000421876
.000281251
.000367188
.000390626
.000429688
.000421876
.000250001
.000351563
.000375001
.000304688
.000257813
.000406251
.000304688
.000281251
.000203126
.000492188
.000328126
.000140626
.000382813
.000445313
.000242188
.000367188
.000507813
.000351563
.000304688
.000382813
.000351563
.000390626
.000281251
.000382813
.000523438
.000593751
.000320313
.000437501
.000351563
.000406251
.000234376
.000414063
.000109376
.000648438
.000507813
.000468751
.000484376
.000406251
.000421876
.000281251
.000554688
.000562501
.000421876
.000335938
.000203126
.000453126
.000351563
.000578126
.000335938
.000625001
.000328126
.000312501
.000265626
.000328126
.000375001
.000398438
.000281251
.000632813
.000351563
.000375001
.000421876
.000226563
.000375001
.000523438
.000539063
.000398438
.000515626
.000187501
.000312501
.000382813
.000437501
.000289063
.000195313
.000523438
.000289063
.000289063
.000257813
.000328126
.000335938
.000281251
.000406251
.000531251
.000320313
.000273438
.000257813
.000546876
.000289063
.000414063
.000328126
.000312501
.000382813
.000695313
.000382813
.000398438
.000507813
.000429688
.000421876
.000437501
.000406251
.000242188
.000390626
.000664063
.000500001
.000343751
.000406251
.000359376
.000273438
.000484376
.000289063
.000242188
.000257813
.000312501
.000375001
.000492188
.000523438
.000296876
.000187501
.000390626
.000382813
.000390626
.000273438
.000296876
.000195313
.000281251
.000523438
.000343751
.000421876
.000109376
.000414063
.000445313
.000234376
.000414063
.000265626
.000296876
.000320313
.000445313
.000507813
.000210938
.000156251
.000257813
.000390626
.000406251
.000515626
.000414063
.000367188
.000328126
.000429688
.000406251
.000250001
.000414063
.000429688
.000429688
.000359376
.000367188
.000210938
.000492188
.000273438
.000390626
.000492188
.000312501
.000257813
.000328126
.000437501
.000359376
.000406251
.000460938
.000257813
.000554688
.000500001
.000445313
.000468751
.000460938
.000218751
.000296876
.000492188
.000437501
.000421876
.000203126
.000382813
.000382813
.000265626
.000570313
.000289063
.000234376
.000375001
.000375001
.000312501
.000375001
.000296876
.000359376
.000250001
.000359376
.000312501
.000625001
.000351563
.000187501
.000445313
.000468751
.000320313
.000390626
.000140626
.000554688
.000304688
.000406251
.000234376
.000210938
.000257813
.000367188
.000406251
.000460938
.000359376
.000414063
.000335938
.000523438
.000578126
.000578126
.000289063
.000335938
.000335938
.000265626
.000335938
.000320313
.000367188
.000382813
.000421876
.000414063
.000367188
.000328126
.000390626
.000406251
.000359376
.000414063
.000328126
.000429688
.000359376
.000140626
.000257813
.000406251
.000398438
.000382813
.000359376
.000296876
.000187501
.000429688
.000375001
.000429688
.000429688
.000507813
.000453126
.000265626
.000367188
.000210938
.000320313
.000492188
.000500001
.000414063
.000351563
.000421876
.000359376
.000257813
.000312501
.000453126
.000265626
.000453126
.000460938
.000507813
.000523438
.000250001
.000367188
.000468751
.000578126
.000445313
.000203126
.000570313
.000289063
.000359376
.000328126
.000312501
.000289063
.000296876
.000320313
.000609376
.000406251
.000351563
8.59385e-05
.000375001
.000273438
.000492188
.000390626
.000304688
.000289063
.000250001
.000312501
.000492188
.000335938
.000312501
.000109376
.000453126
.000257813
.000187501
.000234376
.000414063
.000390626
.000421876
.000539063
.000601563
.000390626
.000382813
.000226563
.000359376
.000132813
.000257813
.000343751
.000546876
.000265626
.000421876
.000312501
.000257813
.000460938
.000390626
.000304688
.000328126
.000328126
.000500001
.000351563
.000609376
.000523438
.000562501
.000406251
.000421876
.000398438
.000609376
.000312501
.000359376
.000320313
.000593751
.000500001
.000453126
.000632813
.000203126
.000328126
.000289063
.000328126
.000398438
.000265626
.000382813
.000390626
.000398438
.000226563
.000398438
.000304688
.000218751
.000210938
.000296876
.000500001
.000320313
.000523438
.000210938
.000320313
.000335938
.000320313
.000351563
.000125001
.000359376
.000500001
.000335938
.000570313
.000281251
.000320313
.000273438
.000390626
.000304688
.000468751
.000492188
.000492188
.000289063
.000242188
.000320313
.000484376
.000492188
.000437501
.000453126
.000539063
.000320313
.000468751
.000421876
.000414063
.000437501
.000218751
.000632813
.000429688
.000375001
.000359376
.000265626
.000226563
.000335938
.000203126
.000226563
.000414063
.000406251
.000531251
.000445313
.000367188
.000539063
.000257813
.000398438
.000484376
.000312501
.000320313
.000484376
.000421876
.000593751
.000382813
.000500001
.000484376
.000273438
.000414063
.000421876
.000390626
.000390626
.000375001
.000351563
.000289063
.000296876
.000281251
.000320313
.000359376
.000453126
.000359376
.000460938
.000234376
.000398438
.000468751
.000632813
.000367188
.000429688
.000351563
.000398438
.000492188
.000539063
.000242188
.000257813
.000445313
.000234376
.000335938
.000539063
.000328126
.000296876
.000398438
.000460938
.000484376
.000343751
.000296876
.000203126
.000343751
.000492188
.000281251
.000375001
.000453126
.000265626
.000250001
.000281251
.000359376
.000242188
.000382813
.000484376
.000398438
.000335938
.000265626
.000367188
.000117188
.000460938
.000429688
.000289063
.000429688
.000367188
.000265626
.000414063
.000335938
.000375001
.000242188
.000367188
.000414063
.000468751
.000398438
.000562501
.000359376
.000187501
.000343751
.000500001
.000515626
.000351563
.000359376
.000328126
.000382813
.000406251
.000328126
.000289063
.000335938
.000460938
.000382813
.000531251
.000406251
.000109376
.000132813
.000492188
.000320313
.000460938
.000296876
.000343751
.000523438
.000367188
.000343751
.000296876
.000367188
.000468751
.000296876
.000570313
.000476563
.000289063
.000296876
.000218751
.000343751
.000453126
.000500001
.000296876
.000414063
.000398438
.000257813
.000554688
.000289063
.000460938
.000195313
.000312501
.000617188
.000406251
.000250001
.000273438
.000367188
.000453126
.000531251
.000390626
.000242188
.000617188
.000265626
.000437501
.000328126
.000257813
.000296876
.000453126
.000375001
.000273438
.000218751
.000351563
.000460938
.000375001
.000335938
.000359376
.000406251
.000421876
.000343751
.000265626
.000445313
.000429688
.000468751
.000351563
.000554688
.000203126
.000312501
.000500001
.000203126
.000109376
.000367188
.000445313
.000351563
.000453126
.000226563
.000234376
.000281251
.000296876
.000421876
.000523438
.000406251
.000414063
.000343751
.000265626
.000320313
.000406251
.000351563
.000500001
.000398438
.000398438
.000328126
.000164063
.000250001
.000375001
.000406251
.000460938
.000335938
.000460938
.000429688
.000351563
.000304688
.000367188
.000500001
.000406251
.000515626
.000218751
.000289063
.000250001
.000507813
.000210938
.000289063
.000492188
.000492188
.000257813
.000335938
.000406251
.000296876
.000429688
.000375001
.000218751
.000234376
.000390626
.000429688
.000625001
.000304688
.000429688
.000343751
.000359376
.000398438
.000578126
.000398438
.000359376
.000398438
.000343751
.000210938
.000382813
.000398438
.000382813
.000398438
.000437501
.000273438
.000195313
.000187501
.000414063
.000429688
.000492188
.000421876
.000398438
7.03135e-05
.000390626
.000500001
.000375001
.000398438
.000421876
.000476563
.000460938
.000390626
.000476563
.000437501
.000507813
.000585938
.000351563
.000406251
.000437501
.000375001
.000398438
.000140626
.000570313
.000429688
.000562501
.000335938
.000117188
.000328126
.000265626
.000429688
.000445313
.000367188
.000234376
.000289063
.000664063
.000234376
.000312501
.000179688
.000421876
.000367188
.000429688
8.59385e-05
.000507813
.000406251
.000281251
.000398438
.000531251
.000328126
.000203126
.000250001
.000484376
.000562501
.000523438
.000273438
.000195313
.000367188
.000585938
.000476563
.000328126
.000414063
.000257813
.000539063
.000601563
.000328126
.000398438
.000445313
.000531251
.000343751
.000234376
.000289063
.000281251
.000468751
.000296876
.000390626
.000382813
.000445313
.000414063
.000289063
.000601563
.000296876
.000273438
.000242188
.000359376
.000359376
.000367188
.000273438
.000343751
.000343751
.000281251
.000593751
.000554688
.000281251
.000367188
.000210938
.000328126
.000484376
.000500001
.000398438
.000351563
.000265626
.000281251
.000367188
.000265626
.000367188
.000335938
.000343751
.000562501
.000515626
.000539063
.000343751
.000367188
.000421876
.000601563
.000289063
.000484376
.000476563
.000453126
.000429688
.000632813
.000453126
.000421876
.000351563
.000476563
.000406251
.000375001
.000335938
.000453126
.000343751
.000460938
.000484376
.000492188
.000320313
.000437501
.000242188
.000515626
.000390626
.000398438
.000304688
.000414063
.000601563
.000453126
.000398438
.000312501
.000351563
.000117188
.000281251
.000484376
.000273438
.000453126
.000312501
.000335938
.000421876
.000414063
.000281251
.000515626
.000273438
.000468751
.000593751
.000406251
.000289063
.000281251
.000265626
.000445313
.000671876
.000351563
.000281251
.000578126
.000429688
.000468751
.000625001
.000546876
.000382813
.000414063
.000507813
.000585938
.000179688
.000476563
.000406251
.000492188
.000406251
.000390626
.000343751
.000406251
.000304688
.000226563
.000335938
.000156251
.000367188
.000265626
.000320313
.000312501
.000390626
.000437501
.000304688
.000367188
.000265626
.000335938
.000382813
.000328126
.000234376
.000445313
.000382813
.000460938
.000289063
.000429688
.000406251
.000437501
.000257813
.000382813
.000179688
.000242188
.000148438
.000226563
.000234376
.000546876
.000320313
.000343751
.000359376
.000531251
.000359376
.000632813
.000546876
.000414063
.000242188
.000445313
.000359376
.000382813
.000421876
.000382813
.000351563
.000421876
.000585938
.000195313
.000281251
.000351563
.000367188
.000296876
.000273438
.000203126
.000414063
.000273438
.000445313
.000203126
.000242188
.000390626
.000359376
.000382813
.000406251
.000468751
.000382813
.000210938
.000421876
.000468751
.000476563
.000273438
.000460938
.000304688
.000226563
.000273438
.000328126
.000226563
.000132813
.000406251
.000406251
.000265626
.000289063
.000273438
.000351563
.000226563
.000242188
.000273438
.000343751
.000414063
.000445313
.000468751
.000476563
.000382813
.000492188
.000265626
.000460938
.000203126
.000390626
.000390626
.000375001
.000187501
.000390626
.000453126
.000531251
.000265626
.000289063
.000296876
.000429688
.000546876
.000445313
.000359376
.000242188
.000273438
.000398438
.000562501
.000367188
.000273438
.000343751
.000476563
.000437501
.000289063
.000453126
.000421876
.000382813
.000398438
.000367188
.000351563
.000335938
.000406251
.000593751
.000500001
.000250001
.000257813
.000132813
.000312501
.000476563
.000250001
.000312501
.000328126
.000328126
.000546876
.000304688
.000398438
.000414063
.000273438
.000328126
.000570313
.000554688
.000335938
.000414063
.000335938
.000320313
.000406251
.000335938
.000429688
.000281251
.000367188
.000460938
.000351563
.000367188
.000539063
.000406251
.000429688
.000437501
.000367188
.000359376
.000601563
.000453126
.000312501
.000257813
.000460938
.000390626
.000656251
.000460938
.000421876
.000460938
.000234376
.000453126
.000476563
.000390626
.000328126
.000148438
.000406251
.000429688
.000429688
.000320313
.000554688
.000414063
.000210938
.000515626
.000523438
.000460938
.000382813
.000398438
.000492188
.000476563
.000523438
.000289063
.000492188
.000398438
.000398438
.000390626
.000445313
.000210938
