2500
2.e-09
250
.490326
9.99996e-05
8.12496e-05
.000126562
9.99996e-05
.000103125
.000125
.0001375
.000129687
.000145312
.000114062
.000107812
.00011875
.000115625
.00010625
6.40621e-05
9.06246e-05
9.53121e-05
.00010625
.000121875
.000117187
.0001125
.00010625
.00015625
.000110937
.000125
9.99996e-05
.0001125
.000159375
.000117187
8.43746e-05
.00010625
.000107812
.000104687
8.12496e-05
.000117187
.000109375
.0001375
.000117187
.000103125
9.99996e-05
.000175
9.37496e-05
.000121875
.000117187
.000126562
9.21871e-05
8.43746e-05
8.12496e-05
8.12496e-05
.000123437
.000128125
.0001125
9.68746e-05
7.65621e-05
.000115625
.000125
.000140625
.000145312
.000114062
.000151562
9.21871e-05
7.81246e-05
9.53121e-05
.000142187
5.46871e-05
.000107812
7.81246e-05
9.68746e-05
8.59371e-05
.000123437
.00010625
.000135937
.00011875
8.28121e-05
9.21871e-05
9.21871e-05
7.34371e-05
.000107812
.000173437
.00011875
.000135937
.00013125
.000115625
.000125
.000103125
.00014375
.000139062
9.53121e-05
.000125
.000110937
7.18746e-05
.000103125
.00013125
.000114062
8.59371e-05
.000109375
.0001375
.000115625
8.43746e-05
9.06246e-05
6.09371e-05
9.53121e-05
.000132812
.00011875
.000159375
.000153125
.000125
.00011875
.000121875
7.03121e-05
8.90621e-05
.000125
.000139062
.000160937
.0001125
9.84371e-05
.000114062
.000101562
8.59371e-05
6.87496e-05
.000109375
.000134375
.000145312
.000101562
.000129687
.000184375
.000146875
.000145312
.000139062
.000170312
.000107812
.000128125
.000110937
9.53121e-05
.000139062
.00013125
.0001125
8.74996e-05
9.99996e-05
.000109375
.00011875
.000129687
.0001125
.00015625
.00010625
.000114062
.000121875
.000139062
.000117187
.00011875
.000140625
9.84371e-05
.0001375
.000126562
.000121875
.00011875
9.06246e-05
9.99996e-05
.00011875
.000117187
.000140625
.00015625
.000165625
.00015625
.000175
.0001625
.000146875
.000139062
.000178125
.000157812
.000140625
.000120312
.000148437
.000103125
.000104687
.000146875
.000145312
.00013125
.00010625
9.06246e-05
.000107812
9.06246e-05
6.09371e-05
4.99996e-05
8.90621e-05
6.87496e-05
.000117187
.000107812
.000114062
.00010625
7.81246e-05
.000103125
8.74996e-05
.000103125
.000110937
8.12496e-05
.000103125
.00013125
9.68746e-05
6.09371e-05
8.12496e-05
.00010625
.000129687
.00011875
.000120312
.0001375
.000139062
.000151562
.000145312
.000142187
.00013125
.0001625
.0002
.000134375
8.43746e-05
7.96871e-05
9.37496e-05
.000126562
.000123437
.000196875
.00011875
.000121875
8.12496e-05
.000128125
.000173437
.000151562
.000148437
.0002125
.000159375
.000160937
.00013125
.000104687
8.28121e-05
6.56246e-05
8.74996e-05
9.37496e-05
8.74996e-05
.000101562
5.78121e-05
5.15621e-05
8.28121e-05
7.18746e-05
.00011875
.000104687
.000107812
9.68746e-05
8.74996e-05
.000125
.000142187
.000142187
.000135937
.00011875
9.53121e-05
.00013125
8.90621e-05
.000114062
.000101562
.000101562
9.21871e-05
8.90621e-05
.0001125
.000104687
9.06246e-05
.000104687
.00011875
.000103125
.00016875
.00014375
.000135937
.000120312
.00010625
9.99996e-05
.000107812
8.90621e-05
.000109375
9.84371e-05
.000107812
.000121875
.000142187
.000125
.00010625
.0001125
.000142187
.000110937
.000125
.000139062
.0001625
.000110937
.000120312
.000103125
6.40621e-05
7.18746e-05
.000107812
.000109375
.00011875
.00010625
7.81246e-05
.000101562
6.40621e-05
9.53121e-05
6.87496e-05
.00015625
.000121875
9.53121e-05
.000123437
.00014375
8.90621e-05
.00011875
9.99996e-05
.000125
.000125
7.03121e-05
.000123437
6.40621e-05
.00013125
8.59371e-05
.000107812
.00010625
9.53121e-05
8.28121e-05
7.96871e-05
.00011875
.000125
.000134375
8.74996e-05
9.06246e-05
.000114062
.000110937
.000114062
.000123437
8.59371e-05
.00014375
.000125
.000107812
.000120312
.000103125
.000117187
9.84371e-05
.000103125
.000115625
9.06246e-05
.000140625
.000121875
.00014375
.000164062
.000148437
.000103125
.000120312
.00013125
.000151562
.000117187
.000159375
.000160937
.000103125
.000140625
.000145312
.0001375
.000145312
.000117187
.0001625
.0001125
.000123437
8.12496e-05
9.21871e-05
.00014375
.000154687
.000132812
.000148437
.0001375
.000146875
.000121875
.000135937
.0001375
.000129687
.000145312
9.99996e-05
.0001125
.000145312
.000129687
.000129687
7.81246e-05
.000110937
9.84371e-05
.00010625
.000121875
9.53121e-05
.000117187
.000104687
.000117187
.000135937
.00011875
.00013125
.000115625
.00013125
.000142187
.000120312
8.90621e-05
9.06246e-05
.000103125
.00010625
9.99996e-05
8.74996e-05
8.74996e-05
8.74996e-05
.000134375
.0001375
.00013125
.000146875
.000125
7.34371e-05
.000103125
.000101562
.000101562
.000114062
8.74996e-05
.000104687
.000101562
9.21871e-05
9.68746e-05
.000104687
.0001125
.000117187
.000104687
.000153125
.000103125
.000145312
.000123437
.000128125
.000145312
.000121875
8.90621e-05
9.99996e-05
.000103125
.000101562
8.43746e-05
.000101562
.00015625
.000128125
.000170312
9.53121e-05
.000151562
.000132812
.000142187
.000148437
.0001125
.000101562
.00015
.000140625
.000117187
.000103125
.000107812
7.65621e-05
9.84371e-05
9.21871e-05
9.84371e-05
9.21871e-05
.000101562
.000117187
.000103125
.000125
.000114062
.000128125
.000128125
.000129687
8.74996e-05
8.59371e-05
.000125
.000101562
.000104687
.000121875
8.12496e-05
.00010625
.000134375
.000114062
6.24996e-05
.00010625
8.28121e-05
8.74996e-05
.00013125
.0001125
.0001125
.000142187
.000132812
.000145312
.0001625
.000142187
9.37496e-05
.000114062
.00011875
.000135937
8.43746e-05
9.99996e-05
9.06246e-05
.000107812
8.43746e-05
.000129687
9.99996e-05
.000125
.000134375
.000146875
.00011875
.000104687
9.68746e-05
.0001125
.000123437
.00010625
.00011875
.000123437
.000139062
.000110937
.000103125
.000115625
9.21871e-05
.000128125
.000117187
8.12496e-05
.0001125
9.06246e-05
.000123437
8.43746e-05
.00010625
.000104687
.000123437
.000117187
.000146875
.000128125
.000140625
.000142187
.000164062
.0001375
.000120312
.00015625
.000159375
.000114062
.000121875
.000109375
8.90621e-05
.000110937
.000103125
.000125
.000132812
.0001125
.000109375
.000125
7.49996e-05
.000103125
.000110937
9.06246e-05
.000128125
.0001625
.000135937
.000128125
.000126562
.000126562
.000126562
.000110937
8.28121e-05
6.56246e-05
.000109375
9.37496e-05
9.84371e-05
.000101562
9.53121e-05
.000120312
.00010625
.000121875
.000134375
.000153125
.000157812
.00014375
.00014375
.000120312
.000128125
.000117187
.000140625
.000145312
.000170312
.000145312
.000151562
.000114062
.000125
.000125
.000109375
.000123437
9.53121e-05
9.99996e-05
.000126562
9.21871e-05
.00010625
7.18746e-05
.000103125
.0001125
.000120312
.000114062
.00014375
.000129687
.000101562
.000104687
.00013125
.000115625
7.49996e-05
9.21871e-05
7.81246e-05
8.28121e-05
7.34371e-05
.000110937
.000154687
9.53121e-05
.000103125
6.87496e-05
.000110937
.000114062
.000107812
.000114062
.0001125
.000126562
.000110937
.000121875
9.21871e-05
.000103125
.0001125
.000125
.000101562
.000103125
7.81246e-05
9.99996e-05
7.81246e-05
.000107812
.000126562
7.81246e-05
.000110937
.000115625
.000129687
.000121875
.000171875
.000140625
.000154687
.000154687
.000125
.000110937
.000121875
.00010625
.000120312
.000145312
9.53121e-05
.000123437
.000125
9.68746e-05
9.53121e-05
.000110937
.000129687
.000129687
.000101562
.000109375
.000179687
.000154687
.000135937
.000107812
8.90621e-05
.000109375
5.46871e-05
9.99996e-05
.000128125
.000135937
.000103125
.000132812
.000135937
.000107812
.000129687
9.99996e-05
.000120312
9.06246e-05
8.12496e-05
7.96871e-05
7.18746e-05
.000117187
9.37496e-05
8.43746e-05
.000126562
.000142187
8.74996e-05
7.96871e-05
.000115625
.000129687
.000142187
.000101562
.000178125
.000107812
.000115625
7.65621e-05
.0001125
.000134375
9.99996e-05
.000146875
.000125
.000104687
.0001375
9.99996e-05
.000123437
.000120312
.000107812
.000132812
9.68746e-05
9.37496e-05
.000110937
9.53121e-05
8.28121e-05
7.34371e-05
9.84371e-05
8.90621e-05
.000132812
.000107812
9.53121e-05
9.99996e-05
9.84371e-05
9.53121e-05
.000151562
.000123437
8.28121e-05
.000104687
.000114062
.00014375
.000134375
.000129687
.000114062
9.06246e-05
.000134375
.000114062
.000129687
.0001375
.000129687
9.06246e-05
4.84371e-05
8.59371e-05
9.37496e-05
.000123437
.000109375
.000148437
.0001375
.000165625
.000114062
.000135937
.0001125
.000103125
.000117187
.000115625
9.84371e-05
.000132812
.000120312
.000109375
.000190625
.000134375
.000189062
.000128125
.000120312
.000139062
8.90621e-05
6.71871e-05
9.68746e-05
.000125
.00011875
.000120312
.000114062
6.71871e-05
8.74996e-05
.000104687
.000117187
.000128125
.000140625
.000157812
.000160937
.000157812
.000125
.000126562
.000140625
.000121875
.000110937
.000114062
9.37496e-05
.000101562
9.37496e-05
.000109375
.000114062
.000107812
.0001125
8.28121e-05
8.28121e-05
6.71871e-05
8.74996e-05
9.99996e-05
.000128125
.000107812
.00015
9.53121e-05
9.37496e-05
.000101562
.000115625
9.06246e-05
.0001375
.000146875
.000110937
.000104687
.000153125
.00014375
.000159375
.000148437
8.43746e-05
.000145312
9.84371e-05
.000140625
.00011875
.000160937
.00015625
.0001375
9.53121e-05
.00011875
6.71871e-05
6.40621e-05
8.74996e-05
6.71871e-05
9.84371e-05
8.28121e-05
.000128125
.0001375
.00013125
.00014375
.000103125
.000132812
.000121875
.000164062
.000109375
9.37496e-05
.000135937
.000129687
.000139062
.00011875
.000157812
.000139062
.00013125
.000114062
.000121875
9.84371e-05
9.21871e-05
.00011875
.00010625
.000101562
.0001125
.000125
.000140625
.000134375
.000160937
.00016875
.000171875
.000110937
9.84371e-05
9.68746e-05
7.03121e-05
.000110937
.000145312
7.65621e-05
9.68746e-05
.000120312
7.34371e-05
8.90621e-05
.000110937
.000104687
.000121875
.000121875
.000126562
.000145312
.000220312
.00015
.00014375
.000154687
.0001375
.000140625
.000109375
8.28121e-05
.000103125
.000109375
.000125
.000117187
.000126562
.000179687
.000120312
.00010625
7.81246e-05
8.43746e-05
.000128125
.0001125
.000126562
.0001375
.0001125
.000139062
9.06246e-05
.000121875
.000104687
.000117187
.000104687
.000115625
.000125
.000101562
.000132812
.000101562
.000120312
.000104687
.000125
.00011875
.000151562
.000154687
.000142187
.000129687
.000121875
.000109375
8.74996e-05
8.74996e-05
8.90621e-05
8.12496e-05
7.81246e-05
.000109375
8.43746e-05
9.21871e-05
.00010625
7.96871e-05
8.28121e-05
.00010625
.000107812
9.37496e-05
.000139062
.000121875
.000139062
.000117187
.000142187
.000109375
9.37496e-05
.000123437
.000110937
.0001375
9.53121e-05
.000128125
.000120312
.000104687
.000135937
.000125
.0001875
.000125
.000109375
.000103125
7.81246e-05
.000115625
.000109375
.00011875
.000125
.000151562
.000134375
.000123437
.000129687
.000128125
8.90621e-05
6.71871e-05
7.96871e-05
6.56246e-05
6.87496e-05
8.43746e-05
9.68746e-05
9.99996e-05
.000107812
9.99996e-05
.000129687
.000125
.000135937
.000148437
.000129687
.000114062
.00014375
.000120312
.000126562
9.21871e-05
.000117187
.000104687
9.68746e-05
9.99996e-05
7.18746e-05
8.28121e-05
.000104687
9.06246e-05
.000129687
.000154687
.000128125
.000145312
.000128125
.000115625
.000145312
.000123437
.000126562
.000101562
.000128125
.000101562
.000109375
.000104687
.000128125
7.34371e-05
9.53121e-05
.000101562
.000154687
.000140625
.000153125
.000148437
.0001125
.00011875
.00015
.000109375
.00010625
.00011875
.000104687
.000101562
7.49996e-05
.00010625
8.28121e-05
.000151562
9.84371e-05
.000117187
9.99996e-05
9.99996e-05
.000126562
.000134375
.000164062
.000146875
9.99996e-05
7.65621e-05
.000110937
8.59371e-05
.000104687
.000104687
.000128125
.000139062
.000101562
9.06246e-05
9.37496e-05
.00011875
.00014375
.000135937
.000151562
.000145312
.000125
9.84371e-05
.000128125
.000142187
9.68746e-05
9.84371e-05
.00011875
.000128125
.000101562
9.53121e-05
.000132812
.000151562
.000114062
.000126562
.000123437
.000151562
.000114062
.000159375
9.53121e-05
.000134375
.0001125
8.74996e-05
9.53121e-05
.000110937
9.37496e-05
.000110937
8.74996e-05
9.84371e-05
.000129687
.00013125
.0001375
.000103125
.000104687
.000115625
.000142187
.000134375
.000160937
.000134375
9.37496e-05
9.99996e-05
.000104687
.000114062
.000142187
.000121875
.000117187
6.71871e-05
6.87496e-05
.00013125
.0001375
.000189062
.000175
.000117187
.000132812
8.43746e-05
9.06246e-05
8.43746e-05
6.56246e-05
8.12496e-05
.000110937
9.06246e-05
.00011875
.000110937
.000142187
9.06246e-05
.000128125
6.87496e-05
9.06246e-05
.00013125
.00011875
.000148437
.000121875
9.21871e-05
7.03121e-05
.000104687
9.84371e-05
.000114062
.000164062
.000135937
.000151562
9.68746e-05
.00014375
.00015625
.000134375
.00015
.000125
.000123437
.000103125
.000104687
6.09371e-05
5.31246e-05
4.68746e-05
9.53121e-05
7.03121e-05
9.53121e-05
.000101562
8.74996e-05
.000128125
.000123437
.000129687
.000125
8.43746e-05
.000107812
.000101562
9.68746e-05
7.49996e-05
3.74996e-05
3.74996e-05
7.34371e-05
6.56246e-05
8.28121e-05
9.21871e-05
.000123437
.000110937
.000104687
9.06246e-05
.00013125
.000126562
.000115625
.000114062
.000132812
.000164062
.000104687
.000123437
9.06246e-05
4.21871e-05
5.93746e-05
9.21871e-05
7.65621e-05
7.34371e-05
8.74996e-05
.000101562
9.84371e-05
.000109375
.000114062
.000101562
7.18746e-05
.00013125
.000139062
.000121875
.000115625
6.71871e-05
9.84371e-05
.000123437
.000101562
.00011875
8.12496e-05
9.99996e-05
.000110937
8.43746e-05
8.28121e-05
6.40621e-05
.000153125
.000142187
.000110937
9.21871e-05
.000101562
.000120312
.000132812
.000107812
6.71871e-05
9.84371e-05
.000109375
9.84371e-05
9.06246e-05
9.68746e-05
9.99996e-05
.000101562
.000107812
.000120312
8.59371e-05
7.81246e-05
.000123437
.000123437
6.87496e-05
7.81246e-05
7.96871e-05
8.74996e-05
8.28121e-05
8.90621e-05
8.74996e-05
.000132812
.000109375
.000165625
.0001375
.000159375
.000132812
.000146875
.000134375
.000109375
.000134375
.000109375
.00014375
.000135937
9.21871e-05
.000123437
9.84371e-05
.000101562
.000140625
.000126562
.000140625
.000154687
.0001125
.000145312
.000153125
.000114062
.000134375
.000110937
8.74996e-05
7.65621e-05
7.49996e-05
1.24996e-05
5.93746e-05
4.99996e-05
6.71871e-05
7.34371e-05
6.87496e-05
.000107812
7.18746e-05
.000114062
.00013125
.000114062
.000128125
.000160937
.000153125
.000142187
.000140625
.000114062
9.99996e-05
.000121875
.000110937
.000153125
9.37496e-05
.000126562
.0001375
.000123437
.000129687
.000101562
.0001125
9.53121e-05
.0001125
.000125
.000115625
.000115625
.000160937
.000126562
.000107812
9.68746e-05
.000135937
.000104687
9.99996e-05
.000125
.00010625
.000109375
.000125
.000154687
.000160937
.000132812
.0001375
.000104687
7.18746e-05
9.99996e-05
.000109375
.000123437
.000142187
.000120312
.000121875
.000120312
.000142187
.0001125
.000135937
.0001375
.000132812
.000125
.000117187
9.53121e-05
9.68746e-05
6.09371e-05
7.49996e-05
5.31246e-05
.000110937
.000117187
8.74996e-05
8.43746e-05
7.03121e-05
8.12496e-05
.000146875
.000128125
.000146875
.000134375
.000107812
.000142187
.000128125
9.99996e-05
.000103125
7.34371e-05
6.71871e-05
7.03121e-05
8.28121e-05
9.53121e-05
.000115625
.000128125
.000164062
.000145312
.000125
.000115625
.000125
9.99996e-05
.000107812
.000126562
.000135937
.0001125
8.43746e-05
.000104687
8.28121e-05
.0001125
.000109375
9.53121e-05
4.68746e-05
7.65621e-05
.00010625
8.12496e-05
9.53121e-05
.000121875
.000151562
.000153125
9.37496e-05
.000125
9.99996e-05
.000128125
9.84371e-05
9.99996e-05
9.21871e-05
9.53121e-05
.000103125
.000132812
.000117187
.00010625
.000123437
.000117187
.000134375
9.99996e-05
9.99996e-05
8.59371e-05
.000128125
.00010625
.000126562
.0001125
.00010625
.000110937
.00011875
.000120312
.000121875
.000107812
7.49996e-05
7.96871e-05
8.12496e-05
8.12496e-05
.00015625
.000120312
.00011875
9.84371e-05
9.99996e-05
.000109375
.000140625
.000107812
7.49996e-05
7.65621e-05
.0001125
.000114062
9.21871e-05
9.84371e-05
9.84371e-05
.000140625
.000135937
9.68746e-05
.000128125
7.49996e-05
9.99996e-05
7.96871e-05
.000126562
.000109375
9.53121e-05
.000103125
9.21871e-05
.000109375
.000123437
.00011875
.000107812
.000115625
.000132812
.000121875
.0001125
.000121875
7.96871e-05
.00011875
9.99996e-05
9.37496e-05
.000101562
8.74996e-05
9.21871e-05
.00010625
.000125
.000103125
7.96871e-05
.000117187
.000134375
.0001125
.000109375
9.68746e-05
8.90621e-05
7.96871e-05
.000110937
9.53121e-05
6.71871e-05
.000114062
.000125
.00010625
.000129687
.00016875
.000121875
.00010625
.000175
.000121875
.000115625
.000148437
.000148437
.000109375
9.84371e-05
.0001125
8.28121e-05
7.03121e-05
.000109375
8.90621e-05
4.68746e-05
.000101562
7.34371e-05
6.40621e-05
7.96871e-05
.000110937
7.03121e-05
8.74996e-05
.000104687
.000120312
9.06246e-05
.000117187
.000134375
.00011875
9.53121e-05
.000123437
6.71871e-05
9.68746e-05
9.37496e-05
8.43746e-05
9.84371e-05
.000125
.00013125
.000145312
.000125
.000171875
.000115625
.000146875
.000107812
8.74996e-05
.000128125
.000104687
9.68746e-05
.000103125
9.21871e-05
.000126562
.000115625
7.96871e-05
7.34371e-05
6.56246e-05
6.71871e-05
7.18746e-05
8.74996e-05
4.21871e-05
9.99996e-05
.000115625
.00010625
.00011875
.000101562
.000114062
9.06246e-05
9.21871e-05
7.34371e-05
.000117187
.000125
.000107812
.000139062
.000107812
.000142187
.000175
.000134375
.000126562
.000117187
5.31246e-05
5.78121e-05
.000109375
9.53121e-05
.00013125
.000107812
.000115625
.00010625
9.99996e-05
9.68746e-05
9.99996e-05
.00013125
7.96871e-05
9.37496e-05
.000120312
5.93746e-05
.0001375
.000154687
.0001375
.000139062
.0001375
.000117187
5.46871e-05
8.74996e-05
9.99996e-05
7.96871e-05
.000107812
8.90621e-05
6.40621e-05
5.93746e-05
.000115625
7.81246e-05
.000128125
.000123437
.000123437
8.12496e-05
.000117187
9.84371e-05
.000110937
.000117187
7.34371e-05
.000128125
4.68746e-05
.00010625
.000125
.000109375
.000153125
6.24996e-05
8.12496e-05
8.12496e-05
8.74996e-05
9.84371e-05
9.84371e-05
9.84371e-05
6.56246e-05
8.90621e-05
.000120312
9.53121e-05
6.71871e-05
9.37496e-05
7.49996e-05
7.96871e-05
.000125
.0001125
.000101562
9.21871e-05
.0001375
.000126562
9.53121e-05
.000125
.000121875
.000104687
.000132812
.000175
.00015625
.000189062
.000115625
.00015625
.00016875
.00011875
.00010625
7.65621e-05
6.87496e-05
6.87496e-05
7.03121e-05
8.74996e-05
5.46871e-05
8.90621e-05
4.68746e-05
.000109375
.00011875
.000126562
.000154687
.000139062
.000148437
.0001375
.00010625
.00014375
.000117187
.000104687
.000132812
.000159375
6.24996e-05
9.53121e-05
9.84371e-05
.000107812
9.53121e-05
.000126562
.000117187
.000120312
.000121875
.000120312
.000107812
.000103125
.000109375
.000110937
.000121875
9.99996e-05
4.99996e-05
5.31246e-05
6.87496e-05
.000101562
.000121875
9.37496e-05
8.74996e-05
.000129687
.000104687
.000132812
9.99996e-05
.000115625
.00010625
.00015
.000115625
9.37496e-05
.000107812
9.53121e-05
.000104687
6.71871e-05
.000107812
9.53121e-05
8.12496e-05
.000101562
.000153125
.00010625
.000142187
.000128125
.000146875
8.43746e-05
9.06246e-05
5.31246e-05
.000139062
.000103125
.000139062
.000103125
.00010625
.000109375
.000125
.000128125
.000129687
.000160937
.000135937
.000145312
.000117187
.000114062
.000167187
.000151562
.000148437
.000140625
.0001125
.000139062
.000117187
.000121875
.00013125
.000128125
.00015
.000101562
7.81246e-05
9.21871e-05
1.71871e-05
.000104687
.00015
.000128125
9.84371e-05
8.90621e-05
7.81246e-05
.000109375
6.56246e-05
.000157812
.000120312
9.06246e-05
9.37496e-05
9.53121e-05
.00011875
.000110937
.000128125
.000154687
.000128125
.0001125
.000129687
.000159375
9.99996e-05
9.99996e-05
.0001125
7.96871e-05
9.99996e-05
.000128125
.00010625
.000101562
.000103125
.000104687
.000125
.000107812
.000142187
.000103125
8.90621e-05
.000104687
.000104687
.000129687
.000128125
.000109375
7.96871e-05
.0001125
.000110937
8.12496e-05
.000103125
9.68746e-05
9.06246e-05
.000134375
.000110937
.000117187
6.71871e-05
6.71871e-05
5.15621e-05
.000115625
.000128125
.000145312
4.06246e-05
4.84371e-05
7.03121e-05
7.81246e-05
8.74996e-05
9.21871e-05
.000114062
.00011875
.000145312
.000132812
.000135937
.000125
.000154687
.000145312
.00015625
.0001375
.000126562
.000146875
.000132812
9.84371e-05
9.21871e-05
9.37496e-05
9.21871e-05
7.03121e-05
.0001125
7.96871e-05
9.21871e-05
.000121875
.0001375
.000171875
.000134375
.000140625
.000114062
8.12496e-05
.000117187
.000115625
.000101562
9.84371e-05
.000139062
.000129687
.000125
8.43746e-05
7.34371e-05
.000134375
.00013125
.000109375
9.06246e-05
9.84371e-05
5.46871e-05
.000114062
9.99996e-05
.000114062
.000110937
6.09371e-05
6.71871e-05
9.99996e-05
.000128125
.000101562
.000103125
.000125
.000125
.000114062
7.96871e-05
8.59371e-05
8.59371e-05
7.18746e-05
.000103125
8.12496e-05
7.65621e-05
8.74996e-05
.00010625
5.46871e-05
7.96871e-05
7.96871e-05
.000110937
9.06246e-05
8.59371e-05
.000104687
.000126562
.000120312
.00015
.000115625
9.99996e-05
.000134375
.0001125
8.12496e-05
8.74996e-05
6.56246e-05
.0001375
.000121875
.000142187
.000148437
.000135937
.000128125
.0001125
9.37496e-05
.000121875
.000129687
8.90621e-05
6.24996e-05
7.34371e-05
4.53121e-05
8.74996e-05
9.99996e-05
9.53121e-05
7.65621e-05
.00014375
.000114062
.000117187
.000145312
.000153125
.000123437
.000121875
.000110937
.000121875
.000129687
.000135937
.000101562
9.99996e-05
7.65621e-05
.000110937
.000115625
.000109375
9.37496e-05
.0001625
.000135937
8.12496e-05
.000104687
.000126562
.000101562
.000134375
.000145312
.000153125
.000179687
.000139062
.000101562
.000109375
6.24996e-05
7.34371e-05
.000125
.000179687
.000164062
.000115625
9.99996e-05
.000154687
.000128125
9.37496e-05
.000157812
.00010625
.00013125
9.99996e-05
.000114062
7.34371e-05
.000115625
.000129687
.000134375
.000139062
.000145312
.000114062
.000148437
.0001375
.000148437
.000126562
.000126562
.0001375
.000142187
.000120312
.000151562
.000146875
.000120312
.0001375
.000103125
.00010625
.000117187
.000126562
9.99996e-05
7.81246e-05
7.65621e-05
.0001375
.00010625
.0001375
.000140625
.000125
.000109375
8.43746e-05
.000117187
.000110937
.000104687
.000114062
.00014375
8.43746e-05
.000107812
.0001375
9.99996e-05
8.74996e-05
.00015
.000146875
.000159375
.000121875
.000121875
.000139062
.000146875
.000132812
.00011875
.000145312
.000128125
9.21871e-05
.000148437
.000145312
.000115625
.00013125
.000140625
.000129687
.000120312
.000117187
.0001125
.0001125
.0001375
8.28121e-05
8.12496e-05
.000104687
8.90621e-05
7.49996e-05
.000103125
8.74996e-05
8.43746e-05
.000101562
.000142187
.000121875
.000115625
.000121875
.000125
9.06246e-05
.000134375
.000125
.00013125
.000107812
.000134375
8.59371e-05
8.90621e-05
.00011875
8.28121e-05
.000125
.000107812
.000103125
.000129687
.000121875
7.34371e-05
9.06246e-05
.000101562
.000148437
.000142187
.000109375
.000125
.000151562
.000153125
.000142187
.000101562
7.96871e-05
7.96871e-05
5.93746e-05
.000109375
9.06246e-05
.00011875
.000121875
.000132812
.0001375
.000139062
.000104687
.000128125
.000123437
.000139062
.00010625
.00010625
.000110937
.000107812
.000103125
5.31246e-05
2.34371e-05
5.46871e-05
8.59371e-05
9.84371e-05
8.59371e-05
6.71871e-05
.000115625
.000110937
8.59371e-05
.000120312
.000129687
9.53121e-05
.00010625
9.68746e-05
.000134375
.00014375
9.99996e-05
.00011875
9.53121e-05
.00010625
.000134375
.00011875
.000135937
.000114062
.000109375
9.99996e-05
.0001125
9.21871e-05
.000115625
.000103125
9.37496e-05
.000104687
.000125
.000123437
.000114062
9.99996e-05
7.49996e-05
.000134375
8.12496e-05
.000120312
8.90621e-05
.000132812
8.43746e-05
7.96871e-05
8.59371e-05
8.90621e-05
.000128125
.00010625
.000114062
8.43746e-05
8.74996e-05
8.43746e-05
9.99996e-05
9.06246e-05
5.93746e-05
6.09371e-05
6.40621e-05
6.87496e-05
7.03121e-05
.000104687
.0001125
.000107812
.000117187
7.81246e-05
6.71871e-05
5.78121e-05
8.43746e-05
9.99996e-05
8.28121e-05
8.43746e-05
9.99996e-05
.000104687
.000115625
.000129687
.00014375
.000151562
.000148437
.00014375
.000109375
.000128125
9.68746e-05
7.49996e-05
8.43746e-05
.000123437
5.78121e-05
1.09371e-05
4.99996e-05
5.15621e-05
8.59371e-05
6.09371e-05
.000109375
.000129687
.000123437
.000123437
.000103125
9.68746e-05
8.59371e-05
.000103125
.000154687
.000110937
9.06246e-05
.000139062
.000146875
.000157812
.000132812
9.68746e-05
6.56246e-05
7.49996e-05
9.21871e-05
7.96871e-05
9.06246e-05
.000103125
.000114062
.000123437
.000125
.000145312
.000129687
.000123437
.000104687
.00011875
.000115625
.000107812
.000115625
7.65621e-05
.00013125
.00010625
7.49996e-05
3.90621e-05
6.71871e-05
.000101562
5.62496e-05
8.90621e-05
.000121875
.00018125
.00015
.000132812
.00013125
.000135937
.00014375
.000104687
.0001125
.000139062
.000140625
.000129687
.000123437
7.49996e-05
8.28121e-05
5.31246e-05
5.78121e-05
7.96871e-05
7.65621e-05
6.87496e-05
.000109375
7.65621e-05
.00011875
.000103125
.000107812
.000101562
.000140625
8.12496e-05
6.24996e-05
.0001125
.000101562
.000128125
.000117187
9.84371e-05
.000103125
.000128125
9.99996e-05
9.21871e-05
9.68746e-05
.000107812
8.59371e-05
.00015625
.000115625
.000142187
.000117187
.000120312
9.37496e-05
5.15621e-05
3.90621e-05
7.65621e-05
7.96871e-05
8.43746e-05
4.53121e-05
7.34371e-05
8.28121e-05
5.78121e-05
9.21871e-05
7.81246e-05
6.24996e-05
.000104687
9.99996e-05
.000103125
.000120312
.000145312
.000142187
.000115625
.000125
9.37496e-05
.000120312
.0001125
.000121875
8.74996e-05
7.81246e-05
9.84371e-05
9.84371e-05
9.99996e-05
8.43746e-05
8.90621e-05
.000121875
.000121875
.000110937
.00014375
7.65621e-05
8.12496e-05
9.99996e-05
.000107812
.000128125
.000101562
7.96871e-05
.000134375
9.84371e-05
.000140625
9.06246e-05
8.74996e-05
.000115625
.000110937
.000123437
.000153125
.000125
9.84371e-05
8.90621e-05
.000107812
9.06246e-05
9.53121e-05
9.68746e-05
.000110937
7.03121e-05
.000103125
.000125
.000129687
.000117187
.000164062
.000132812
.000123437
8.59371e-05
.000114062
.000101562
9.84371e-05
9.06246e-05
8.12496e-05
9.06246e-05
9.84371e-05
4.99996e-05
9.99996e-05
9.99996e-05
.000117187
.000114062
8.28121e-05
.00010625
.000115625
.000132812
.000153125
9.99996e-05
.000128125
.000123437
8.74996e-05
9.37496e-05
8.28121e-05
.000129687
.00011875
.000109375
.000160937
.000128125
7.03121e-05
8.59371e-05
9.99996e-05
.00010625
.000128125
.000134375
7.65621e-05
.000120312
.0001125
9.68746e-05
7.96871e-05
6.24996e-05
8.43746e-05
.000115625
.000123437
.000139062
.000107812
.000104687
.000129687
9.53121e-05
9.99996e-05
.000120312
9.06246e-05
.0001125
9.53121e-05
8.12496e-05
4.99996e-05
7.18746e-05
7.96871e-05
.000107812
.000139062
.000132812
.0001375
.000125
9.99996e-05
.000129687
.000153125
.00011875
.00010625
.000107812
.000132812
.000164062
.0001875
.000154687
9.84371e-05
.00015625
.000103125
.000110937
.0001125
.0001125
9.21871e-05
.000125
.000125
.000110937
.000107812
9.06246e-05
.00010625
.000125
.000142187
.00011875
9.37496e-05
.00010625
.000101562
7.18746e-05
7.96871e-05
8.43746e-05
7.65621e-05
8.74996e-05
5.46871e-05
6.56246e-05
.00011875
.000110937
9.84371e-05
.000142187
9.37496e-05
8.59371e-05
9.99996e-05
.000126562
.000114062
6.09371e-05
.000114062
9.21871e-05
5.93746e-05
6.71871e-05
.000135937
8.43746e-05
.000114062
.000121875
.000134375
.000151562
.000121875
.00011875
.000104687
.000109375
.000114062
.000128125
9.84371e-05
.000121875
.000126562
.000107812
9.99996e-05
.0001125
8.28121e-05
9.68746e-05
.000135937
.000117187
.00010625
.000115625
.0001125
9.06246e-05
9.37496e-05
.000104687
9.06246e-05
.000121875
9.99996e-05
.000139062
7.65621e-05
4.21871e-05
5.78121e-05
9.99996e-05
9.99996e-05
.000135937
.000114062
.000114062
8.28121e-05
.000101562
.000101562
9.68746e-05
.000132812
6.40621e-05
9.06246e-05
5.62496e-05
7.81246e-05
5.62496e-05
.000103125
.000135937
6.87496e-05
8.43746e-05
.000115625
9.84371e-05
.000123437
.000110937
.000110937
.000171875
.00013125
.000117187
.000126562
.000107812
.000126562
.000104687
7.49996e-05
5.31246e-05
2.96871e-05
4.53121e-05
9.53121e-05
7.18746e-05
.000115625
.000126562
.000125
.000110937
.000114062
.000128125
.0001375
.000121875
.000123437
.000115625
.000109375
.000107812
.000101562
.000103125
.000114062
