2500
2.e-09
250
.459381
.000445314
.000437502
.000648439
.000515627
.000656252
.000429689
.000523439
.000554689
.000632814
.000359377
.000398439
.000750002
.000546877
.000570314
.000406252
.000445314
.000765627
.000437502
.000609377
.000554689
.000484377
.000500002
.000531252
.000539064
.000531252
.000554689
.000609377
.000546877
.000578127
.000445314
.000554689
.000492189
.000492189
.000531252
.000593752
.000718752
.000523439
.000546877
.000507814
.000609377
.000523439
.000554689
.000453127
.000515627
.000546877
.000664064
.000406252
.000617189
.000476564
.000507814
.000632814
.000507814
.000531252
.000539064
.000562502
.000445314
.000507814
.000593752
.000617189
.000500002
.000539064
.000320314
.000531252
.000570314
.000445314
.000492189
.000492189
.000585939
.000609377
.000539064
.000421877
.000460939
.000570314
.000531252
.000468752
.000492189
.000367189
.000640627
.000468752
.000437502
.000398439
.000453127
.000546877
.000335939
.000468752
.000421877
.000585939
.000546877
.000468752
.000453127
.000554689
.000625002
.000515627
.000515627
.000476564
.000601564
.000546877
.000539064
.000500002
.000460939
.000648439
.000679689
.000531252
.000523439
.000460939
.000484377
.000593752
.000554689
.000593752
.000617189
.000546877
.000601564
.000492189
.000609377
.000570314
.000468752
.000546877
.000429689
.000515627
.000679689
.000687502
.000523439
.000343752
.000492189
.000656252
.000695314
.000546877
.000484377
.000554689
.000523439
.000531252
.000460939
.000562502
.000484377
.000640627
.000507814
.000531252
.000476564
.000578127
.000609377
.000507814
.000492189
.000453127
.000648439
.000585939
.000554689
.000468752
.000476564
.000601564
.000437502
.000476564
.000460939
.000585939
.000570314
.000554689
.000570314
.000437502
.000609377
.000671877
.000453127
.000507814
.000492189
.000554689
.000421877
.000523439
.000484377
.000578127
.000539064
.000554689
.000484377
.000476564
.000632814
.000492189
.000406252
.000531252
.000687502
.000507814
.000554689
.000460939
.000562502
.000562502
.000523439
.000601564
.000593752
.000437502
.000617189
.000656252
.000343752
.000359377
.000445314
.000476564
.000593752
.000453127
.000554689
.000609377
.000515627
.000507814
.000492189
.000664064
.000554689
.000445314
.000585939
.000484377
.000546877
.000578127
.000656252
.000453127
.000546877
.000570314
.000359377
.000570314
.000398439
.000460939
.000554689
.000593752
.000507814
.000523439
.000437502
.000554689
.000390627
.000476564
.000515627
.000460939
.000828127
.000570314
.000507814
.000304689
.000523439
.000484377
.000468752
.000406252
.000585939
.000546877
.000515627
.000437502
.000468752
.000625002
.000765627
.000625002
.000476564
.000601564
.000664064
.000609377
.000546877
.000437502
.000453127
.000593752
.000562502
.000429689
.000500002
.000453127
.000546877
.000671877
.000523439
.000562502
.000539064
.000460939
.000625002
.000609377
.000562502
.000726564
.000632814
.000476564
.000484377
.000507814
.000570314
.000476564
.000351564
.000625002
.000476564
.000476564
.000570314
.000445314
.000460939
.000570314
.000656252
.000500002
.000382814
.000656252
.000585939
.000578127
.000406252
.000632814
.000601564
.000507814
.000617189
.000453127
.000507814
.000539064
.000484377
.000445314
.000523439
.000570314
.000523439
.000515627
.000453127
.000468752
.000609377
.000664064
.000445314
.000570314
.000406252
.000570314
.000523439
.000421877
.000640627
.000500002
.000492189
.000515627
.000453127
.000468752
.000617189
.000585939
.000601564
.000554689
.000609377
.000648439
.000585939
.000507814
.000601564
.000531252
.000484377
.000468752
.000234377
.000742189
.000648439
.000570314
.000406252
.000492189
.000523439
.000648439
.000656252
.000500002
.000585939
.000609377
.000593752
.000562502
.000476564
.000570314
.000484377
.000531252
.000632814
.000648439
.000554689
.000546877
.000359377
.000617189
.000460939
.000617189
.000546877
.000609377
.000460939
.000562502
.000601564
.000507814
.000617189
.000382814
.000531252
.000601564
.000640627
.000476564
.000554689
.000578127
.000648439
.000515627
.000507814
.000554689
.000507814
.000562502
.000585939
.000585939
.000546877
.000617189
.000640627
.000453127
.000539064
.000617189
.000507814
.000484377
.000382814
.000562502
.000625002
.000710939
.000507814
.000578127
.000531252
.000781252
.000593752
.000601564
.000679689
.000359377
.000601564
.000546877
.000625002
.000515627
.000656252
.000632814
.000578127
.000585939
.000554689
.000562502
.000492189
.000351564
.000484377
.000562502
.000335939
.000523439
.000414064
.000632814
.000593752
.000609377
.000531252
.000570314
.000554689
.000500002
.000523439
.000500002
.000476564
.000539064
.000539064
.000640627
.000531252
.000523439
.000554689
.000601564
.000445314
.000546877
.000718752
.000523439
.000546877
.000593752
.000531252
.000523439
.000445314
.000570314
.000601564
.000507814
.000593752
.000617189
.000671877
.000523439
.000515627
.000601564
.000468752
.000476564
.000570314
.000500002
.000726564
.000484377
.000187502
.000585939
.000687502
.000609377
.000500002
.000406252
.000601564
.000523439
.000648439
.000476564
.000531252
.000468752
.000554689
.000679689
.000601564
.000523439
.000601564
.000554689
.000515627
.000492189
.000593752
.000554689
.000742189
.000546877
.000546877
.000578127
.000718752
.000593752
.000585939
.000429689
.000585939
.000585939
.000539064
.000500002
.000484377
.000617189
.000718752
.000507814
.000375002
.000507814
.000625002
.000617189
.000523439
.000531252
.000546877
.000562502
.000476564
.000515627
.000546877
.000710939
.000695314
.000578127
.000375002
.000328127
.000578127
.000578127
.000453127
.000609377
.000492189
.000640627
.000500002
.000531252
.000492189
.000570314
.000625002
.000453127
.000640627
.000359377
.000507814
.000507814
.000531252
.000531252
.000476564
.000609377
.000671877
.000476564
.000500002
.000429689
.000625002
.000531252
.000539064
.000523439
.000554689
.000500002
.000656252
.000703127
.000507814
.000476564
.000484377
.000531252
.000593752
.000625002
.000617189
.000476564
.000500002
.000546877
.000718752
.000523439
.000453127
.000515627
.000601564
.000625002
.000515627
.000562502
.000546877
.000460939
.000546877
.000500002
.000625002
.000554689
.000609377
.000515627
.000570314
.000492189
.000640627
.000609377
.000679689
.000460939
.000460939
.000734377
.000500002
.000460939
.000351564
.000500002
.000554689
.000507814
.000445314
.000562502
.000523439
.000523439
.000554689
.000523439
.000335939
.000609377
.000453127
.000476564
.000312502
.000539064
.000601564
.000382814
.000406252
.000562502
.000601564
.000554689
.000593752
.000593752
.000484377
.000570314
.000570314
.000343752
.000531252
.000476564
.000601564
.000625002
.000382814
.000437502
.000429689
.000492189
.000625002
.000421877
.000421877
.000687502
.000601564
.000468752
.000343752
.000679689
.000671877
.000515627
.000500002
.000523439
.000468752
.000578127
.000539064
.000570314
.000648439
.000546877
.000625002
.000531252
.000367189
.000468752
.000648439
.000585939
.000507814
.000484377
.000523439
.000609377
.000585939
.000601564
.000601564
.000578127
.000476564
.000578127
.000585939
.000601564
.000515627
.000492189
.000437502
.000500002
.000523439
.000593752
.000648439
.000445314
.000570314
.000539064
.000734377
.000562502
.000500002
.000640627
.000656252
.000570314
.000640627
.000468752
.000625002
.000500002
.000570314
.000585939
.000593752
.000476564
.000601564
.000515627
.000632814
.000500002
.000437502
.000625002
.000500002
.000398439
.000687502
.000601564
.000492189
.000421877
.000500002
.000468752
.000617189
.000460939
.000453127
.000617189
.000523439
.000593752
.000617189
.000546877
.000695314
.000570314
.000437502
.000515627
.000570314
.000617189
.000546877
.000460939
.000601564
.000500002
.000648439
.000531252
.000546877
.000453127
.000671877
.000507814
.000500002
.000531252
.000546877
.000593752
.000484377
.000554689
.000484377
.000546877
.000679689
.000718752
.000585939
.000445314
.000351564
.000390627
.000539064
.000539064
.000703127
.000656252
.000523439
.000507814
.000523439
.000578127
.000476564
.000578127
.000500002
.000664064
.000671877
.000570314
.000585939
.000414064
.000414064
.000531252
.000570314
.000578127
.000648439
.000500002
.000695314
.000640627
.000445314
.000406252
.000617189
.000593752
.000640627
.000601564
.000515627
.000546877
.000703127
.000695314
.000476564
.000562502
.000656252
.000445314
.000500002
.000664064
.000570314
.000585939
.000593752
.000593752
.000375002
.000625002
.000648439
.000492189
.000578127
.000515627
.000617189
.000671877
.000492189
.000453127
.000601564
.000585939
.000515627
.000601564
.000421877
.000507814
.000562502
.000671877
.000578127
.000578127
.000593752
.000554689
.000625002
.000789064
.000703127
.000585939
.000531252
.000421877
.000601564
.000671877
.000554689
.000531252
.000476564
.000570314
.000648439
.000679689
.000468752
.000601564
.000648439
.000531252
.000601564
.000578127
.000601564
.000570314
.000593752
.000507814
.000453127
.000687502
.000671877
.000507814
.000515627
.000453127
.000585939
.000703127
.000562502
.000609377
.000539064
.000601564
.000710939
.000570314
.000585939
.000593752
.000617189
.000632814
.000585939
.000679689
.000562502
.000539064
.000578127
.000570314
.000414064
.000750002
.000640627
.000656252
.000507814
.000609377
.000609377
.000695314
.000679689
.000671877
.000546877
.000562502
.000632814
.000695314
.000507814
.000601564
.000429689
.000515627
.000367189
.000523439
.000656252
.000515627
.000617189
.000382814
.000593752
.000617189
.000664064
.000351564
.000523439
.000500002
.000664064
.000710939
.000554689
.000460939
.000460939
.000718752
.000671877
.000625002
.000625002
.000539064
.000515627
.000554689
.000609377
.000562502
.000601564
.000476564
.000421877
.000500002
.000554689
.000585939
.000726564
.000554689
.000500002
.000625002
.000679689
.000578127
.000484377
.000460939
.000601564
.000625002
.000671877
.000515627
.000445314
.000679689
.000546877
.000570314
.000539064
.000460939
.000593752
.000593752
.000710939
.000585939
.000617189
.000656252
.000476564
.000492189
.000632814
.000742189
.000703127
.000437502
.000414064
.000726564
.000742189
.000484377
.000539064
.000507814
.000531252
.000703127
.000554689
.000523439
.000523439
.000742189
.000601564
.000570314
.000523439
.000671877
.000570314
.000585939
.000531252
.000460939
.000453127
.000632814
.000601564
.000687502
.000695314
.000609377
.000437502
.000492189
.000656252
.000632814
.000632814
.000648439
.000429689
.000539064
.000578127
.000585939
.000546877
.000617189
.000648439
.000554689
.000515627
.000656252
.000718752
.000445314
.000593752
.000601564
.000593752
.000695314
.000742189
.000609377
.000437502
.000585939
.000632814
.000531252
.000585939
.000398439
.000476564
.000640627
.000609377
.000523439
.000640627
.000695314
.000734377
.000718752
.000601564
.000460939
.000679689
.000664064
.000617189
.000664064
.000679689
.000734377
.000703127
.000562502
.000554689
.000656252
.000539064
.000523439
.000625002
.000617189
.000460939
.000593752
.000601564
.000468752
.000796877
.000609377
.000726564
.000492189
.000562502
.000554689
.000765627
.000562502
.000562502
.000476564
.000507814
.000531252
.000625002
.000664064
.000546877
.000476564
.000687502
.000578127
.000515627
.000640627
.000671877
.000562502
.000507814
.000507814
.000609377
.000554689
.000648439
.000515627
.000484377
.000562502
.000789064
.000687502
.000554689
.000437502
.000703127
.000554689
.000570314
.000500002
.000617189
.000648439
.000671877
.000578127
.000437502
.000609377
.000593752
.000750002
.000414064
.000562502
.000507814
.000562502
.000585939
.000515627
.000695314
.000554689
.000601564
.000664064
.000539064
.000500002
.000453127
.000648439
.000710939
.000718752
.000656252
.000671877
.000539064
.000664064
.000750002
.000460939
.000617189
.000570314
.000734377
.000679689
.000609377
.000554689
.000546877
.000703127
.000601564
.000656252
.000578127
.000710939
.000625002
.000585939
.000507814
.000554689
.000500002
.000687502
.000593752
.000609377
.000539064
.000484377
.000500002
.000664064
.000601564
.000609377
.000546877
.000531252
.000609377
.000609377
.000492189
.000585939
.000632814
.000546877
.000593752
.000539064
.000570314
.000617189
.000414064
.000640627
.000562502
.000664064
.000531252
.000664064
.000476564
.000484377
.000617189
.000664064
.000695314
.000593752
.000546877
.000437502
.000507814
.000710939
.000687502
.000617189
.000765627
.000429689
.000421877
.000632814
.000640627
.000585939
.000390627
.000460939
.000664064
.000593752
.000703127
.000546877
.000484377
.000562502
.000656252
.000796877
.000421877
.000500002
.000625002
.000695314
.000585939
.000562502
.000617189
.000640627
.000664064
.000484377
.000632814
.000750002
.000664064
.000500002
.000468752
.000546877
.000562502
.000500002
.000523439
.000593752
.000695314
.000578127
.000539064
.000546877
.000539064
.000750002
.000609377
.000648439
.000531252
.000656252
.000671877
.000679689
.000531252
.000507814
.000671877
.000812502
.000648439
.000539064
.000757814
.000625002
.000632814
.000453127
.000453127
.000632814
.000546877
.000593752
.000492189
.000593752
.000617189
.000539064
.000531252
.000585939
.000429689
.000656252
.000562502
.000539064
.000421877
.000507814
.000781252
.000585939
.000460939
.000593752
.000687502
.000570314
.000554689
.000679689
.000601564
.000570314
.000617189
.000632814
.000546877
.000710939
.000523439
.000554689
.000562502
.000703127
.000515627
.000601564
.000617189
.000609377
.000578127
.000578127
.000632814
.000734377
.000437502
.000625002
.000687502
.000679689
.000445314
.000609377
.000664064
.000671877
.000617189
.000617189
.000515627
.000562502
.000656252
.000570314
.000453127
.000601564
.000585939
.000437502
.000570314
.000570314
.000632814
.000632814
.000500002
.000609377
.000476564
.000671877
.000585939
.000773439
.000523439
.000648439
.000750002
.000687502
.000648439
.000562502
.000617189
.000507814
.000523439
.000664064
.000570314
.000593752
.000703127
.000625002
.000679689
.000570314
.000648439
.000679689
.000468752
.000437502
.000335939
.000617189
.000554689
.000531252
.000523439
.000609377
.000593752
.000609377
.000468752
.000601564
.000695314
.000671877
.000445314
.000406252
.000578127
.000523439
.000531252
.000367189
.000570314
.000625002
.000585939
.000554689
.000625002
.000562502
.000445314
.000617189
.000492189
.000546877
.000617189
.000773439
.000648439
.000531252
.000585939
.000554689
.000593752
.000570314
.000492189
.000531252
.000429689
.000562502
.000546877
.000570314
.000570314
.000562502
.000625002
.000523439
.000664064
.000718752
.000578127
.000484377
.000640627
.000632814
.000640627
.000406252
.000484377
.000414064
.000632814
.000554689
.000539064
.000593752
.000625002
.000476564
.000742189
.000593752
.000531252
.000531252
.000546877
.000570314
.000523439
.000562502
.000484377
.000539064
.000531252
.000585939
.000585939
.000546877
.000640627
.000492189
.000609377
.000656252
.000710939
.000601564
.000500002
.000554689
.000703127
.000609377
.000625002
.000570314
.000507814
.000632814
.000539064
.000617189
.000507814
.000562502
.000484377
.000664064
.000609377
.000617189
.000562502
.000648439
.000554689
.000484377
.000539064
.000539064
.000664064
.000539064
.000515627
.000593752
.000609377
.000546877
.000492189
.000476564
.000500002
.000601564
.000507814
.000421877
.000468752
.000585939
.000601564
.000718752
.000476564
.000414064
.000617189
.000539064
.000585939
.000437502
.000570314
.000515627
.000562502
.000414064
.000484377
.000359377
.000632814
.000570314
.000484377
.000523439
.000531252
.000578127
.000601564
.000601564
.000546877
.000695314
.000539064
.000484377
.000515627
.000515627
.000570314
.000718752
.000500002
.000468752
.000601564
.000476564
.000515627
.000546877
.000546877
.000445314
.000500002
.000484377
.000593752
.000617189
.000601564
.000507814
.000539064
.000679689
.000492189
.000664064
.000375002
.000414064
.000640627
.000625002
.000640627
.000531252
.000656252
.000617189
.000484377
.000539064
.000468752
.000531252
.000617189
.000570314
.000476564
.000445314
.000476564
.000718752
.000578127
.000460939
.000476564
.000523439
.000625002
.000585939
.000585939
.000382814
.000492189
.000539064
.000460939
.000421877
.000484377
.000601564
.000562502
.000515627
.000375002
.000632814
.000593752
.000523439
.000515627
.000507814
.000617189
.000492189
.000523439
.000453127
.000593752
.000617189
.000382814
.000539064
.000492189
.000648439
.000500002
.000500002
.000468752
.000695314
.000375002
.000609377
.000593752
.000460939
.000609377
.000679689
.000609377
.000687502
.000398439
.000648439
.000570314
.000554689
.000398439
.000437502
.000632814
.000648439
.000578127
.000656252
.000539064
.000468752
.000664064
.000578127
.000617189
.000609377
.000484377
.000671877
.000578127
.000578127
.000468752
.000609377
.000531252
.000585939
.000398439
.000757814
.000585939
.000687502
.000562502
.000562502
.000632814
.000679689
.000625002
.000570314
.000695314
.000593752
.000546877
.000570314
.000710939
.000671877
.000398439
.000500002
.000671877
.000507814
.000679689
.000562502
.000429689
.000406252
.000453127
.000671877
.000656252
.000539064
.000585939
.000703127
.000500002
.000562502
.000460939
.000632814
.000812502
.000710939
.000507814
.000500002
.000539064
.000625002
.000531252
.000570314
.000476564
.000523439
.000531252
.000687502
.000421877
.000500002
.000562502
.000781252
.000539064
.000460939
.000531252
.000546877
.000523439
.000593752
.000593752
.000585939
.000562502
.000601564
.000617189
.000484377
.000601564
.000695314
.000460939
.000546877
.000593752
.000562502
.000757814
.000570314
.000593752
.000632814
.000632814
.000492189
.000609377
.000617189
.000617189
.000492189
.000593752
.000523439
.000539064
.000703127
.000500002
.000625002
.000523439
.000648439
.000742189
.000554689
.000656252
.000406252
.000601564
.000585939
.000562502
.000679689
.000531252
.000531252
.000500002
.000601564
.000531252
.000585939
.000703127
.000585939
.000351564
.000625002
.000507814
.000750002
.000539064
.000421877
.000617189
.000531252
.000468752
.000531252
.000515627
.000554689
.000484377
.000531252
.000593752
.000523439
.000585939
.000453127
.000460939
.000562502
.000539064
.000562502
.000625002
.000445314
.000468752
.000601564
.000601564
.000500002
.000570314
.000515627
.000742189
.000570314
.000515627
.000718752
.000585939
.000734377
.000593752
.000609377
.000531252
.000507814
.000523439
.000710939
.000492189
.000406252
.000500002
.000539064
.000476564
.000507814
.000312502
.000523439
.000671877
.000453127
.000421877
.000507814
.000500002
.000640627
.000476564
.000453127
.000617189
.000703127
.000539064
.000539064
.000390627
.000507814
.000632814
.000625002
.000375002
.000351564
.000468752
.000640627
.000500002
.000601564
.000492189
.000515627
.000429689
.000578127
.000382814
.000460939
.000593752
.000578127
.000375002
.000671877
.000421877
.000726564
.000468752
.000523439
.000570314
.000656252
.000734377
.000515627
.000492189
.000562502
.000609377
.000671877
.000539064
.000468752
.000718752
.000726564
.000601564
.000539064
.000632814
.000468752
.000609377
.000492189
.000484377
.000453127
.000554689
.000390627
.000531252
.000539064
.000609377
.000554689
.000507814
.000609377
.000609377
.000664064
.000421877
.000414064
.000601564
.000578127
.000585939
.000562502
.000468752
.000601564
.000554689
.000437502
.000445314
.000554689
.000750002
.000718752
.000453127
.000523439
.000523439
.000515627
.000671877
.000484377
.000468752
.000515627
.000734377
.000539064
.000476564
.000539064
.000710939
.000585939
.000523439
.000351564
.000625002
.000585939
.000460939
.000515627
.000437502
.000531252
.000703127
.000492189
.000507814
.000500002
.000445314
.000671877
.000609377
.000445314
.000500002
.000609377
.000507814
.000492189
.000460939
.000507814
.000640627
.000546877
.000554689
.000484377
.000585939
.000445314
.000601564
.000359377
.000648439
.000656252
.000570314
.000546877
.000335939
.000539064
.000562502
.000515627
.000617189
.000539064
.000476564
.000453127
.000632814
.000617189
.000500002
.000578127
.000570314
.000523439
.000375002
.000523439
.000664064
.000617189
.000523439
.000554689
.000679689
.000593752
.000703127
.000554689
.000656252
.000593752
.000570314
.000585939
.000476564
.000484377
.000445314
.000687502
.000578127
.000546877
.000523439
.000500002
.000570314
.000460939
.000539064
.000531252
.000578127
.000484377
.000585939
.000679689
.000531252
.000523439
.000476564
.000593752
.000531252
.000484377
.000515627
.000546877
.000585939
.000593752
.000562502
.000484377
.000546877
.000632814
.000656252
.000398439
.000437502
.000578127
.000554689
.000625002
.000562502
.000500002
.000593752
.000609377
.000648439
.000445314
.000640627
.000531252
.000632814
.000554689
.000437502
.000593752
.000484377
.000609377
.000609377
.000445314
.000468752
.000703127
.000546877
.000492189
.000429689
.000460939
.000625002
.000617189
.000507814
.000523439
.000398439
.000578127
.000492189
.000500002
.000539064
.000531252
.000546877
.000609377
.000578127
.000492189
.000585939
.000609377
.000492189
.000578127
.000632814
.000617189
.000507814
.000406252
.000593752
.000695314
.000640627
.000609377
.000601564
.000585939
.000648439
.000765627
.000492189
.000453127
.000507814
.000539064
.000492189
.000546877
.000460939
.000437502
.000648439
.000734377
.000562502
.000500002
.000515627
.000625002
.000546877
.000437502
.000593752
.000625002
.000656252
.000507814
.000492189
.000484377
.000554689
.000593752
.000601564
.000492189
.000617189
.000585939
.000367189
.000515627
.000484377
.000640627
.000578127
.000507814
.000429689
.000359377
.000515627
.000562502
.000570314
.000578127
.000617189
.000578127
.000640627
.000429689
.000445314
.000531252
.000578127
.000578127
.000585939
.000632814
.000406252
.000625002
.000296877
.000312502
.000609377
.000554689
.000593752
.000492189
.000523439
.000515627
.000609377
.000710939
.000445314
.000523439
.000601564
.000609377
.000554689
.000429689
.000609377
.000609377
.000593752
.000500002
.000554689
.000585939
.000500002
.000617189
.000531252
.000593752
.000562502
.000539064
.000468752
.000523439
.000554689
.000539064
.000476564
.000484377
.000460939
.000523439
.000523439
.000554689
.000546877
.000593752
.000578127
.000500002
.000445314
.000570314
.000601564
.000593752
.000500002
.000351564
.000437502
.000500002
.000515627
.000398439
.000515627
.000500002
.000500002
.000585939
.000406252
.000546877
.000492189
.000585939
.000546877
.000453127
.000585939
.000585939
.000609377
.000484377
.000554689
.000546877
.000531252
.000679689
.000476564
.000421877
.000593752
.000593752
.000460939
.000539064
.000523439
.000593752
.000648439
.000554689
.000601564
.000492189
.000632814
.000546877
.000617189
.000546877
.000476564
.000570314
.000445314
.000601564
.000632814
.000531252
.000445314
.000367189
.000570314
.000523439
.000546877
.000554689
.000476564
.000554689
.000664064
.000523439
.000398439
.000453127
.000554689
.000570314
.000648439
.000718752
.000367189
.000531252
.000656252
.000656252
.000609377
.000328127
.000484377
.000585939
.000679689
.000468752
.000648439
.000742189
.000671877
.000578127
.000453127
.000578127
.000656252
.000648439
.000695314
.000679689
.000593752
.000617189
.000515627
.000476564
.000546877
.000531252
.000484377
.000507814
.000398439
.000625002
.000617189
.000554689
.000539064
.000539064
.000515627
.000460939
.000601564
.000429689
.000632814
.000531252
.000562502
.000562502
.000585939
.000632814
.000515627
.000671877
.000585939
.000640627
.000593752
.000554689
.000585939
.000414064
.000609377
.000765627
.000617189
.000507814
.000515627
.000687502
.000609377
.000656252
.000578127
.000390627
.000648439
.000507814
.000593752
.000570314
.000507814
.000554689
.000507814
.000640627
.000546877
.000679689
.000617189
.000617189
.000640627
.000585939
.000539064
.000578127
.000601564
.000640627
.000625002
.000695314
.000507814
.000585939
.000578127
.000570314
.000656252
.000492189
.000554689
.000492189
.000570314
.000687502
.000546877
.000585939
.000460939
.000500002
.000554689
.000531252
.000351564
.000523439
.000617189
.000546877
.000476564
.000609377
.000593752
.000593752
.000679689
.000492189
.000484377
.000546877
.000554689
.000578127
.000476564
.000632814
.000546877
.000703127
.000531252
.000539064
.000710939
.000460939
.000742189
.000476564
.000421877
.000601564
.000671877
.000617189
.000335939
.000562502
.000539064
.000585939
.000515627
.000406252
.000539064
.000601564
.000664064
.000406252
.000390627
.000679689
.000632814
.000539064
.000632814
.000570314
.000625002
.000539064
.000656252
.000664064
.000531252
.000492189
.000742189
.000445314
.000500002
.000664064
.000671877
.000539064
.000468752
.000539064
.000679689
.000562502
.000460939
.000453127
.000414064
.000664064
.000718752
.000445314
.000492189
.000515627
.000625002
.000625002
.000500002
.000585939
.000468752
.000679689
.000640627
.000453127
.000484377
.000453127
.000562502
.000445314
.000453127
.000523439
.000367189
.000492189
.000523439
.000601564
.000664064
.000617189
.000578127
.000468752
.000609377
.000523439
.000703127
.000453127
.000578127
.000585939
.000531252
.000554689
.000585939
.000554689
.000601564
.000539064
.000703127
.000601564
.000507814
.000531252
.000554689
.000585939
.000648439
.000570314
.000523439
.000585939
.000578127
.000492189
.000601564
.000679689
.000664064
.000500002
.000476564
.000664064
.000554689
.000500002
.000523439
.000625002
.000578127
.000515627
.000484377
.000523439
.000570314
.000492189
.000664064
.000375002
.000375002
.000539064
.000546877
.000578127
.000445314
.000546877
.000781252
.000343752
.000578127
.000710939
.000453127
.000445314
.000664064
.000578127
.000515627
.000609377
.000523439
.000468752
.000523439
.000679689
.000640627
.000523439
.000515627
.000375002
.000554689
.000578127
.000687502
.000570314
.000585939
.000523439
.000484377
.000523439
.000625002
.000460939
.000546877
.000625002
.000437502
.000578127
.000546877
.000546877
.000531252
.000414064
.000640627
.000625002
.000570314
.000695314
.000640627
.000500002
.000531252
.000453127
.000375002
.000492189
.000531252
.000601564
.000593752
.000539064
.000539064
.000578127
.000617189
.000546877
.000609377
.000578127
.000593752
.000484377
.000390627
.000695314
.000515627
.000484377
.000476564
.000468752
.000570314
.000648439
.000554689
.000585939
.000687502
.000593752
.000687502
.000585939
.000343752
.000453127
.000617189
.000539064
.000421877
.000437502
.000453127
.000640627
.000531252
.000476564
.000539064
.000570314
.000656252
.000593752
.000445314
.000531252
.000585939
.000585939
.000585939
.000593752
.000593752
.000539064
.000453127
.000414064
.000539064
.000617189
.000554689
.000695314
.000507814
.000367189
.000546877
.000617189
.000671877
.000523439
.000484377
.000570314
.000484377
.000562502
.000625002
.000609377
.000601564
.000531252
.000531252
.000523439
.000695314
.000664064
.000382814
.000515627
.000585939
.000531252
.000609377
.000476564
.000445314
.000421877
.000593752
.000531252
.000492189
.000531252
.000664064
.000578127
.000671877
.000414064
.000421877
.000546877
.000632814
.000515627
.000476564
.000523439
.000585939
.000484377
.000539064
.000437502
.000554689
.000437502
.000523439
.000484377
.000468752
.000609377
.000718752
.000523439
.000468752
.000375002
.000492189
.000578127
.000585939
.000679689
.000593752
.000539064
.000585939
.000554689
.000570314
.000515627
.000578127
.000757814
.000429689
.000351564
.000570314
.000554689
.000515627
.000429689
.000500002
.000445314
.000593752
.000476564
.000562502
.000640627
.000625002
.000539064
.000468752
.000554689
.000656252
.000421877
.000429689
.000437502
.000585939
