2500
2.e-09
250
.473877
.0001125
.000159375
.000148437
.000154687
.000196875
.000170312
.000135937
.000145312
.000160937
.000167187
.000125
.000109375
.000129687
.00014375
.00014375
.000109375
.000126562
.000153125
.000164062
.000190625
.000175
.000160937
.0001125
.000151562
.000179687
.000157812
.000109375
.000154687
.000125
.000145312
.000110937
.000148437
.000148437
.00015
.000117187
9.84371e-05
.000115625
.00010625
.000142187
.000132812
.000145312
.000159375
.000142187
.00013125
.0001375
.0001625
.000154687
.000154687
.000139062
.000117187
.00015625
.00014375
.000165625
.000134375
.000151562
.00014375
8.90621e-05
.000145312
.000165625
.00011875
.000145312
.000154687
.0001625
.000140625
.000157812
.000159375
.00015
.000154687
.000154687
.00016875
.00016875
.000189062
.000142187
.000146875
.000159375
.0001375
.000117187
.000128125
.000157812
.000171875
.000159375
.0001875
.000157812
.000154687
.00016875
.00011875
.000128125
.000140625
.000126562
.000123437
.00014375
.000110937
.00014375
.00016875
.000139062
.000173437
.000159375
.000167187
.000107812
.00013125
.000103125
.000121875
.00013125
.000103125
.000117187
.000123437
.000135937
.000160937
.00015
.000179687
.00016875
.000170312
.000170312
.000151562
.000160937
.00015625
.000110937
.000178125
.000170312
.0001625
.000145312
.000178125
.000151562
.000157812
.000145312
.0001375
.000135937
.000145312
.000171875
.000135937
.000157812
.000151562
.000135937
.00014375
.000135937
.000129687
.000104687
9.06246e-05
8.28121e-05
.000145312
.00016875
.000129687
.000139062
.000175
.000134375
.000164062
.00014375
.000135937
.000146875
.000135937
.000129687
.0001375
.00011875
.000128125
.00014375
.000170312
.0001625
.000160937
.000164062
.000114062
.000117187
.000139062
9.21871e-05
.000135937
.000140625
.000126562
.000140625
.00015
.000153125
.000154687
.00013125
.000135937
.000170312
.000175
.000160937
.000139062
.000101562
.000154687
.000114062
.000134375
.00018125
.000148437
.000160937
.000189062
.000173437
.000196875
.000178125
.000145312
.000140625
.000159375
.000151562
.000128125
.00010625
.000125
.000121875
.00015
.000145312
.0001375
.000182812
.00015
.000129687
.000154687
.000185937
.00018125
.000110937
.000134375
.000125
8.74996e-05
.000120312
.000140625
.000185937
.000134375
.000117187
.000104687
.000125
9.53121e-05
.000120312
.000165625
.0001625
.000176562
.000129687
.00011875
.000151562
.000129687
.000110937
.000110937
.000123437
.000140625
.000140625
.000157812
.000160937
.000196875
.000178125
.000165625
.00015625
.000109375
.000160937
.000125
.000110937
.000134375
.000134375
.000148437
.000160937
.000171875
.000123437
.000128125
.000167187
.00014375
.000126562
.000160937
7.65621e-05
9.53121e-05
.000120312
.000145312
.000151562
.000153125
.000175
.000167187
.000178125
.000140625
.000157812
.000129687
.000125
.000146875
.000134375
.000115625
.000201562
.000123437
.000154687
.000198437
.00015625
.0002125
.000228125
.0002125
.000275
.000276562
.00026875
.000296875
.000345312
.000348437
.000440625
.000503125
.000601562
.000625
.000764062
.000882812
.00106094
.00124062
.00141719
.00165312
.00198906
.00231406
.00269531
.00311719
.00351562
.00395781
.00447187
.00497812
.0055
.00601094
.00655625
.00694844
.00726094
.00742969
.0075
.00745937
.0073
.00703281
.0066625
.00616562
.0057
.00521406
.00468594
.00413906
.00355312
.00294687
.00234687
.00173437
.00111406
.000523437
-7.65629e-05
-.000648438
-.00124375
-.00178438
-.002325
-.00288906
-.00338438
-.00394063
-.00441094
-.00484375
-.00528125
-.00573906
-.00623438
-.00662969
-.007125
-.00749844
-.00784531
-.00824063
-.00852969
-.00885469
-.0091625
-.00941563
-.00969063
-.00993594
-.0101766
-.0103953
-.0105828
-.0106641
-.0107922
-.0109094
-.0109391
-.0109813
-.0109891
-.0109188
-.0108313
-.0106734
-.0104547
-.0101719
-.00983125
-.00943125
-.00894688
-.00826563
-.0073125
-.00618438
-.00446406
-.00165938
.00376562
.0124703
.0223984
.0296078
.0319719
.0299125
.0258187
.0217797
.0191422
.0177797
.0171969
.0167453
.0161484
.0150344
.0136125
.0121641
.0108125
.00949219
.00824687
.00696719
.00561094
.00438281
.00322969
.00222969
.00144531
.000898437
.000501562
7.49996e-05
-.000379688
-.000957813
-.00159063
-.00231563
-.0031
-.00386719
-.00454219
-.00507188
-.00560781
-.00616875
-.00681563
-.00745313
-.00804531
-.00859219
-.0089125
-.00917969
-.0092875
-.0094125
-.00955625
-.00970938
-.00990625
-.0101922
-.0104688
-.0107391
-.0109859
-.0111484
-.0113625
-.0114406
-.0114688
-.0114406
-.0114031
-.0112406
-.0109828
-.0106922
-.0103578
-.00992969
-.00956406
-.00910625
-.00858594
-.00787969
-.00706719
-.00587656
-.00428125
-.00155781
.00344062
.0114812
.0206156
.0274766
.0298109
.0281016
.0243359
.0206078
.0180141
.0168078
.0162156
.0158344
.0153625
.0143953
.0131
.0117609
.0103937
.00911406
.0079125
.00665
.00536719
.00419844
.00309062
.00215937
.00137969
.000857812
.000473437
6.56246e-05
-.000335938
-.000821875
-.00142188
-.00205313
-.00276719
-.00353438
-.00425938
-.00492969
-.00551094
-.00604531
-.00661719
-.00729219
-.00783125
-.0082875
-.00863438
-.00888438
-.00904688
-.00920938
-.00934531
-.00945781
-.009675
-.00988438
-.0101172
-.0104063
-.0106438
-.0108813
-.0110219
-.0111313
-.0111734
-.0111344
-.0110406
-.0108391
-.0106141
-.0103234
-.00995781
-.00960938
-.009175
-.0087125
-.00813281
-.00744531
-.00648906
-.00533438
-.00359063
-.0006875
.00462969
.0128984
.0216578
.0277266
.0293672
.0272156
.0234375
.0199562
.0176922
.0165828
.0160844
.0156891
.0151312
.0140859
.0127156
.0113578
.0100187
.00874844
.0075625
.00625469
.00501094
.003825
.00271406
.0017875
.000996875
.00051875
.0001375
-.000215625
-.000703125
-.00117344
-.00177344
-.00246094
-.00319688
-.0039625
-.00462813
-.00528594
-.00585469
-.00645313
-.00705938
-.00769688
-.00827813
-.00875156
-.0090625
-.00931406
-.0094875
-.00960625
-.00968594
-.00978438
-.00994375
-.0100641
-.0102656
-.0105016
-.0106391
-.0107719
-.0109281
-.0110141
-.0110203
-.0109313
-.0108438
-.0106141
-.0103313
-.0100031
-.00962031
-.00921563
-.00876406
-.00818594
-.00754688
-.00675156
-.00570781
-.00428594
-.00196875
.00204062
.00904531
.0180906
.0258359
.0296719
.0291359
.0257766
.0218922
.0189281
.0173203
.0166234
.0162094
.0157469
.0149328
.0137078
.0123484
.0110516
.00969687
.00847969
.007225
.00589219
.00466094
.00350781
.002475
.00161562
.00101719
.000573437
.000139062
-.000276563
-.000807813
-.00137813
-.0020875
-.00275938
-.00352188
-.00427813
-.00495
-.0055875
-.00625469
-.00694375
-.00754844
-.00815469
-.00867188
-.009125
-.00940625
-.00959375
-.00974375
-.00993594
-.0100172
-.0101016
-.0102047
-.0104203
-.0106188
-.0107797
-.0109281
-.0110344
-.0111563
-.0111625
-.0111766
-.0110391
-.0108359
-.0105719
-.0101891
-.00985625
-.0094375
-.00892813
-.00850625
-.00791719
-.0071625
-.00618906
-.00490625
-.00307813
4.37496e-05
.00580156
.014325
.0229719
.0285719
.0296984
.0272766
.023375
.0199359
.0178297
.0168156
.0163562
.0159953
.0153719
.0143109
.0129594
.0116469
.0103609
.00908437
.00788281
.00660469
.00536094
.00419375
.00304531
.00211406
.00142031
.000890625
.000423437
5.93746e-05
-.000464063
-.00101406
-.00163438
-.0023375
-.003125
-.00387813
-.00464219
-.00527969
-.00590469
-.00653594
-.00717656
-.0077875
-.00831563
-.00880781
-.0091375
-.00940313
-.00960938
-.009725
-.00989219
-.0100156
-.0101688
-.0103688
-.0105125
-.0107375
-.0108797
-.0110047
-.0111859
-.0112453
-.0112406
-.0111672
-.0110094
-.0107797
-.0104859
-.0101031
-.0096875
-.00924531
-.00878906
-.00827656
-.00757656
-.00665781
-.00555
-.00403906
-.00161406
.00280312
.0102219
.0191891
.0264719
.0295797
.02845
.025
.0212047
.0184844
.0170234
.0163687
.0160094
.0155844
.0146891
.0134391
.0121453
.0108797
.00962656
.00839687
.00718281
.00586719
.00471094
.0036
.002625
.00180937
.00120781
.000754687
.000351562
-6.09379e-05
-.000598438
-.00118906
-.00185938
-.00262656
-.00339063
-.00412031
-.00484375
-.005425
-.00594375
-.00661719
-.00722031
-.00782031
-.00835625
-.00873125
-.00902656
-.00926875
-.00943906
-.00956719
-.00972813
-.00988438
-.0100438
-.0102453
-.0104844
-.0106375
-.0107703
-.010925
-.0110422
-.0110844
-.0110297
-.0109078
-.0107609
-.0104906
-.0101156
-.00979063
-.00939688
-.00897969
-.00849531
-.00788125
-.00710625
-.00605938
-.00481875
-.00287188
.000504687
.0066625
.0153141
.0236562
.0286812
.0291906
.0263906
.0224672
.0192437
.0172437
.016325
.0158703
.0154828
.0148266
.0137156
.0123969
.0111031
.0097875
.008625
.00742031
.00616562
.00495469
.00374531
.00273281
.00181719
.00115312
.0006625
.0002875
-.000146875
-.000629688
-.00117969
-.00177656
-.0024625
-.00322188
-.00393594
-.0046375
-.0052625
-.0058625
-.00644375
-.00707656
-.00764688
-.00821563
-.00862188
-.00896406
-.00921406
-.00942188
-.00949375
-.00964219
-.00977188
-.00996094
-.0101297
-.0103125
-.0104938
-.0107031
-.0108156
-.0109609
-.0110141
-.0110438
-.0110031
-.0108922
-.0106734
-.0104313
-.0101063
-.00977656
-.00944219
-.00914375
-.00868906
-.00817969
-.00760781
-.00691094
-.00608594
-.0051625
-.00400313
-.00249063
-.000653125
.00183125
.005075
.00911406
.0132109
.0162484
.0175484
.0171844
.0158531
.0143344
.0132109
.0124219
.0119687
.0115766
.0111422
.0105312
.00975937
.00897344
.008175
.00742656
.006675
.00594219
.00530469
.00462969
.00409844
.00362031
.00320625
.00296562
.00277969
.00264062
.00237812
.0020625
.00166875
.00128125
.000882812
.000482812
.000125
-.000179688
-.000425
-.000667188
-.000934375
-.0012125
-.00147344
-.00170156
-.00182031
-.00182813
-.00181875
-.00173906
-.00166875
-.00164063
-.00164063
-.00170781
-.00180625
-.00188906
-.00192969
-.00203281
-.00201719
-.00207031
-.00211875
-.00212344
-.00202344
-.00200469
-.00197656
-.00195156
-.00185313
-.00183594
-.00184688
-.00183438
-.00184688
-.00185469
-.00185156
-.00187031
-.00183906
-.00188438
-.00185625
-.0018625
-.00187969
-.00185938
-.00180625
-.001725
-.00162656
-.00148281
-.00133594
-.00120625
-.000998438
-.000778125
-.000570313
-.000357813
-9.68754e-05
.000109375
.00034375
.000545312
.000703125
.000932812
.00110312
.00124062
.00144062
.00162969
.00184219
.00198906
.00213906
.00227344
.00239375
.00244219
.00248125
.00245625
.00247344
.00240937
.00234844
.00222969
.002125
.00199062
.00183594
.00164375
.00149844
.00134375
.00116562
.00106562
.00096875
.000925
.00080625
.000717187
.000670312
.000573437
.000453125
.000359375
.000271875
8.59371e-05
-1.09379e-05
-9.68754e-05
-.000203125
-.00024375
-.00033125
-.000429688
-.000482813
-.00055625
-.000628125
-.000640625
-.00076875
-.0007625
-.000770313
-.000857813
-.000859375
-.000867188
-.000864063
-.000876563
-.0008625
-.00085625
-.000851563
-.000839063
-.000809375
-.000767188
-.000709375
-.000553125
-.000517188
-.000395313
-.000240625
-.0001625
-3.90629e-05
9.68746e-05
.000148437
.000260937
.0003625
.000445312
.0005125
.000567187
.0005875
.00060625
.000673437
.000640625
.000692187
.00068125
.000704687
.000739062
.000721875
.000770312
.000739062
.000759375
.00069375
.000707812
.000629687
.000614062
.000553125
.0005
.000529687
.00041875
.000384375
.000304687
.000270312
.00024375
.00019375
.000198437
.000192187
.000154687
.000157812
.000173437
.000176562
.0002125
.00025
.000226562
.000251562
.000245312
.000270312
.000260937
.000279687
.000282812
.0003
.0003
.000245312
.000223437
.000229687
.000217187
.00019375
.00015625
.000129687
4.53121e-05
1.24996e-05
1.09371e-05
-1.09379e-05
-3.12538e-06
-6.25038e-06
2.18746e-05
-2.34379e-05
1.40621e-05
7.81212e-06
5.93746e-05
1.71871e-05
4.53121e-05
7.34371e-05
5.93746e-05
.000123437
.000109375
.000135937
.000171875
.000220312
.000220312
.000251562
.000320312
.000339062
.00034375
.0003125
.000342187
.00036875
.000382812
.000342187
.000378125
.000339062
.00035
.000365625
.00033125
.000375
.000385937
.00034375
.000296875
.000354687
.000298437
.000314062
.000315625
.00026875
.000234375
.000226562
.000167187
.000201562
.000178125
.00016875
.000146875
9.06246e-05
7.96871e-05
2.18746e-05
4.06246e-05
1.24996e-05
1.56246e-05
-1.56288e-06
3.74996e-05
2.65621e-05
-2.18754e-05
-2.65629e-05
7.81212e-06
-3.28129e-05
-3.28129e-05
-4.68754e-05
-7.03129e-05
-.00010625
-.000128125
-.00014375
-.000184375
-.000203125
-.000229688
-.000223438
-.000267188
-.000326563
-.0002875
-.000339063
-.000384375
-.000304688
-.000309375
-.000295313
-.0002875
-.00029375
-.000279688
-.000273438
-.000196875
-.000142188
-.00015625
-.000101563
-4.84379e-05
9.37462e-06
-4.68788e-06
7.96871e-05
.000123437
.000195312
.000220312
.000235937
.000278125
.000310937
.000365625
.000359375
.00043125
.000392187
.000415625
.000445312
.000459375
.0004625
.000440625
.000473437
.000515625
.00050625
.000504687
.000454687
.000503125
.000509375
.000501562
.000495312
.000439062
.000403125
.00039375
.000403125
.000370312
.0003375
.000309375
.000234375
.000221875
.000201562
.000192187
.000148437
.000170312
.000109375
5.93746e-05
3.59371e-05
4.37496e-05
-3.90629e-05
-9.21879e-05
-7.65629e-05
-7.18754e-05
-.00013125
-.00018125
-.000192188
-.000217188
-.000242188
-.000270313
-.0003
-.00030625
-.000309375
-.000326563
-.000360938
-.000335938
-.000392188
-.000385938
-.000401563
-.000378125
-.000403125
-.000378125
-.0003125
-.000351563
-.000298438
-.00026875
-.000214063
-.00020625
-.000189063
-.000110938
-8.59379e-05
-1.09379e-05
-7.81288e-06
3.74996e-05
3.59371e-05
7.34371e-05
9.21871e-05
.000179687
.000170312
.000229687
.000267187
.00029375
.000278125
.00035625
.000404687
.000409375
.000389062
.000460937
.000429687
.0004125
.000396875
.000446875
.00045
.000420312
.000392187
.000410937
.000370312
.000370312
.000314062
.000370312
.000340625
.000346875
.000340625
.000303125
.000270312
.0003
.000254687
.000275
.000214062
.0002375
.000179687
.000145312
.000121875
6.09371e-05
5.31246e-05
-2.50004e-05
-4.68754e-05
-8.12504e-05
-7.96879e-05
-.000121875
-9.68754e-05
-.000135938
-.000167188
-.00020625
-.000209375
-.000210938
-.000235938
-.000240625
-.000284375
-.000232813
-.0002625
-.000303125
-.000296875
-.000323438
-.000307813
-.000284375
-.0003
-.00030625
-.000292188
-.000273438
-.000189063
-.000223438
-.00016875
-.000175
-.000171875
-.000114063
-9.84379e-05
-.000115625
-8.12504e-05
-4.37504e-05
6.24962e-06
-3.75004e-05
6.09371e-05
2.18746e-05
.000123437
9.37496e-05
.000129687
.000126562
.000128125
.000139062
.00014375
.00015
.000139062
.00015625
.000184375
.000148437
.00015625
.000154687
.0001625
.000165625
.00018125
.00015625
.000153125
.00013125
.000154687
.000165625
.000176562
.00016875
.000173437
.000132812
.000160937
.000114062
.000103125
.000123437
7.34371e-05
.0001125
8.12496e-05
7.18746e-05
4.37496e-05
9.06246e-05
1.71871e-05
3.43746e-05
1.40621e-05
7.65621e-05
1.40621e-05
-9.37538e-06
2.34371e-05
7.96871e-05
7.18746e-05
.00013125
.000104687
.000115625
4.37496e-05
7.65621e-05
2.34371e-05
7.81246e-05
8.12496e-05
9.53121e-05
.000121875
.000132812
.000114062
.000142187
.000167187
.00016875
.000182812
.000189062
.000201562
.00014375
.000173437
.000175
.000226562
.000214062
.000228125
.000232812
.000220312
.0002
.0001875
.000221875
.000189062
.000185937
.000140625
.0001375
.0001375
.00013125
.000114062
9.21871e-05
.000114062
9.53121e-05
9.06246e-05
7.03121e-05
1.56246e-05
-3.8147e-10
-9.37538e-06
-2.34379e-05
-7.81288e-06
9.37462e-06
1.56246e-05
-7.81288e-06
-6.40629e-05
-4.68754e-05
-6.87504e-05
-2.34379e-05
-3.59379e-05
-7.96879e-05
-6.25004e-05
-4.06254e-05
-6.56254e-05
-8.28129e-05
-4.06254e-05
-5.00004e-05
-9.37504e-05
-.0001125
-9.21879e-05
-6.56254e-05
-2.50004e-05
-3.43754e-05
-6.40629e-05
-2.81254e-05
-6.09379e-05
-1.87504e-05
-2.50004e-05
7.81212e-06
3.12462e-06
2.34371e-05
4.68746e-05
6.24996e-05
.000125
9.68746e-05
9.99996e-05
.000128125
.000146875
.000146875
.000207812
.0001875
.000242187
.000278125
.000240625
.000289062
.000270312
.000254687
.000295312
.000290625
.00030625
.000310937
.000292187
.000303125
.000301562
.000303125
.000321875
.000275
.000253125
.000245312
.000270312
.000246875
.000242187
.000185937
.000201562
.000132812
.000154687
9.84371e-05
.000117187
8.12496e-05
9.06246e-05
9.68746e-05
9.37462e-06
2.81246e-05
1.24996e-05
1.09371e-05
-3.28129e-05
-1.87504e-05
-2.65629e-05
-8.43754e-05
-.000120313
-.00011875
-.0001375
-.000114063
-.000109375
-.000126563
-.000175
-.0001875
-.000167188
-.000128125
-.000159375
-.000167188
-.0001625
-.000153125
-.000132813
-.000146875
-.000140625
-.000145313
-8.28129e-05
-8.75004e-05
-7.34379e-05
-7.65629e-05
-4.84379e-05
-7.03129e-05
-1.40629e-05
7.81212e-06
-3.8147e-10
4.37496e-05
3.59371e-05
8.74996e-05
7.81246e-05
8.43746e-05
.000117187
.000114062
.000189062
.00019375
.000157812
.000214062
.000257812
.000240625
.000239062
.000248437
.00023125
.000290625
.000285937
.000295312
.000267187
.000260937
.0002625
.000282812
.000265625
.000248437
.000234375
.000201562
.000170312
.00015
.000153125
.0001375
.000182812
.00014375
.000140625
.000114062
8.74996e-05
6.24996e-05
8.12496e-05
6.40621e-05
5.78121e-05
5.78121e-05
2.03121e-05
-3.8147e-10
4.68712e-06
-4.68788e-06
-1.56288e-06
3.12462e-06
1.09371e-05
-1.09379e-05
-6.09379e-05
-2.18754e-05
-2.96879e-05
-4.68754e-05
-2.65629e-05
-9.21879e-05
-5.78129e-05
-6.09379e-05
-5.62504e-05
-1.87504e-05
-4.06254e-05
-6.40629e-05
-3.75004e-05
1.24996e-05
-2.96879e-05
4.53121e-05
2.34371e-05
-2.34379e-05
3.12496e-05
1.40621e-05
7.65621e-05
7.49996e-05
7.81246e-05
.000115625
.000114062
.000101562
7.96871e-05
.000115625
.000103125
.00014375
.000148437
.00016875
.000178125
.000179687
.000215625
.000225
.000234375
.000245312
.000235937
.000204687
.000240625
.000207812
.000242187
.000228125
.000184375
.000239062
.000189062
.000209375
.000160937
.000142187
.000157812
.00014375
.00014375
.000135937
.000120312
.000121875
.000120312
.000132812
.000140625
.000132812
.000110937
.000101562
9.53121e-05
6.09371e-05
1.09371e-05
7.81212e-06
-6.25038e-06
-6.25004e-05
-2.50004e-05
-2.03129e-05
-1.87504e-05
1.56246e-05
4.06246e-05
4.68712e-06
4.06246e-05
-3.28129e-05
4.68712e-06
2.34371e-05
-3.12538e-06
1.24996e-05
1.24996e-05
6.24962e-06
3.43746e-05
2.81246e-05
1.09371e-05
4.21871e-05
-2.03129e-05
2.18746e-05
3.12496e-05
5.93746e-05
5.31246e-05
.0001125
7.49996e-05
9.84371e-05
.000159375
.000148437
.00013125
.000128125
.000103125
.000129687
.000135937
.000132812
.000184375
.000192187
.000148437
.00015625
.000117187
.000107812
.000173437
.000159375
.000210937
.000204687
.000153125
.000225
.000164062
.0001875
.00014375
.000151562
.00015625
.00018125
.000170312
.000121875
.000164062
.000107812
9.99996e-05
8.43746e-05
.000142187
.000154687
.000153125
.00010625
.000132812
4.53121e-05
6.87496e-05
7.81246e-05
6.71871e-05
2.18746e-05
1.87496e-05
3.12496e-05
7.81212e-06
2.34371e-05
4.06246e-05
7.81212e-06
7.81212e-06
-1.56288e-06
3.74996e-05
3.90621e-05
5.62496e-05
5.15621e-05
4.99996e-05
6.09371e-05
4.37496e-05
1.87496e-05
9.99996e-05
3.90621e-05
6.40621e-05
4.84371e-05
4.99996e-05
4.53121e-05
6.24996e-05
4.06246e-05
7.18746e-05
.000107812
9.37496e-05
7.03121e-05
9.84371e-05
.00011875
.00010625
8.90621e-05
9.68746e-05
.00016875
.000125
.0001625
.000123437
.000114062
.000123437
.000153125
.000167187
.0001375
.000178125
.00015625
.000159375
.000159375
.000171875
.000189062
.000140625
.000157812
.000135937
.000170312
.000157812
.00014375
.00013125
.000173437
.0001375
.00010625
.000110937
7.96871e-05
7.34371e-05
7.03121e-05
5.15621e-05
6.24996e-05
5.93746e-05
4.06246e-05
5.78121e-05
1.87496e-05
3.74996e-05
1.56246e-05
5.46871e-05
4.53121e-05
2.34371e-05
4.99996e-05
3.12496e-05
4.21871e-05
4.68746e-05
2.81246e-05
1.71871e-05
4.84371e-05
4.99996e-05
1.24996e-05
6.24962e-06
1.09371e-05
1.24996e-05
2.81246e-05
2.34371e-05
3.43746e-05
4.06246e-05
6.56246e-05
9.84371e-05
8.90621e-05
9.68746e-05
9.84371e-05
.000128125
.000132812
.000117187
.000103125
.00013125
.000175
.00016875
.000179687
.000209375
.000210937
.000154687
.000160937
.000248437
.000240625
.000245312
.000185937
.000203125
.000184375
.00020625
.000185937
.0002
.00020625
.0001875
.000214062
.000220312
.000189062
.000148437
.000146875
.00014375
.000146875
.000159375
.0001875
.000175
.000157812
.000159375
.00015
.0001625
.000173437
.000104687
.000117187
.000103125
.000142187
8.90621e-05
8.12496e-05
8.28121e-05
7.34371e-05
6.56246e-05
8.74996e-05
3.12496e-05
2.03121e-05
5.15621e-05
2.18746e-05
3.12462e-06
2.18746e-05
4.21871e-05
3.74996e-05
4.68746e-05
1.56246e-05
-2.03129e-05
-1.09379e-05
1.87496e-05
1.40621e-05
3.74996e-05
7.18746e-05
-3.8147e-10
3.12496e-05
5.46871e-05
7.03121e-05
6.24996e-05
6.87496e-05
9.84371e-05
6.87496e-05
6.24996e-05
8.43746e-05
8.43746e-05
8.43746e-05
.000115625
.000107812
.000117187
.00011875
.000117187
.000151562
.000142187
.000157812
.000178125
.00018125
.000210937
.000182812
.000259375
.000210937
.000228125
.00023125
.000217187
.000207812
.000157812
.000170312
.000221875
.0002
.000215625
.000210937
.000235937
.000170312
.000195312
.000159375
.000125
.000110937
6.40621e-05
7.34371e-05
.000114062
.000128125
6.71871e-05
9.21871e-05
4.21871e-05
6.71871e-05
7.96871e-05
9.99996e-05
7.65621e-05
3.12496e-05
5.93746e-05
6.56246e-05
1.87496e-05
1.56246e-05
6.24962e-06
2.49996e-05
3.12462e-06
3.12496e-05
-3.12538e-06
9.37462e-06
-3.12538e-06
1.40621e-05
-2.65629e-05
-1.40629e-05
1.40621e-05
2.34371e-05
2.03121e-05
4.53121e-05
2.18746e-05
1.09371e-05
3.12462e-06
-2.96879e-05
4.21871e-05
-3.8147e-10
5.15621e-05
1.56246e-05
8.12496e-05
5.62496e-05
7.34371e-05
8.43746e-05
8.28121e-05
8.90621e-05
8.74996e-05
7.18746e-05
5.15621e-05
2.49996e-05
.000142187
.000114062
.000117187
9.37496e-05
7.81246e-05
.000128125
.000129687
.000129687
.000146875
.00015
.000175
.000160937
.000165625
.000164062
.000134375
.000153125
.000109375
7.34371e-05
5.93746e-05
8.12496e-05
.000128125
7.96871e-05
.000154687
.000135937
.00011875
7.96871e-05
.000115625
9.99996e-05
7.65621e-05
9.53121e-05
7.96871e-05
7.96871e-05
8.43746e-05
9.68746e-05
8.74996e-05
7.49996e-05
8.90621e-05
3.28121e-05
1.87496e-05
1.24996e-05
3.12496e-05
3.90621e-05
2.18746e-05
4.37496e-05
5.46871e-05
6.09371e-05
5.93746e-05
5.46871e-05
2.03121e-05
6.87496e-05
3.28121e-05
5.46871e-05
6.24996e-05
2.18746e-05
3.28121e-05
7.96871e-05
3.90621e-05
1.56246e-05
4.21871e-05
4.68712e-06
6.24996e-05
5.46871e-05
9.06246e-05
9.84371e-05
8.90621e-05
.00014375
.0001375
.00015
.000125
.000160937
.000175
.000164062
.000153125
.000164062
.000151562
.000153125
.000151562
.000140625
.000153125
.000157812
.0001625
.000175
.000164062
.000164062
.000190625
.000182812
.000185937
.0001875
.000148437
.000170312
.000140625
.000135937
.000126562
.000121875
.000148437
.0001375
.00010625
8.74996e-05
.000115625
7.81246e-05
9.68746e-05
8.59371e-05
7.81246e-05
7.03121e-05
1.24996e-05
5.15621e-05
5.78121e-05
5.15621e-05
4.53121e-05
1.09371e-05
2.18746e-05
6.24962e-06
3.90621e-05
1.87496e-05
2.18746e-05
1.56246e-05
6.56246e-05
7.18746e-05
4.84371e-05
-3.12538e-06
2.81246e-05
7.18746e-05
6.87496e-05
5.93746e-05
4.68746e-05
8.28121e-05
7.18746e-05
4.06246e-05
2.65621e-05
7.81246e-05
.000114062
7.49996e-05
.000129687
9.84371e-05
.000117187
.00015
.000142187
.000132812
.000151562
.0001625
.00016875
.000135937
.000159375
.000192187
.0001875
.000164062
.00015625
.000189062
.000151562
.000167187
.000190625
.0002
.0002
.000223437
.000229687
.000179687
.00018125
.000173437
.000154687
.000151562
.000171875
.000190625
.000201562
.000171875
.000160937
.000103125
.0001125
.000151562
.000107812
.000121875
.000123437
.000146875
7.65621e-05
.000121875
.000126562
9.53121e-05
6.71871e-05
9.37496e-05
8.59371e-05
4.99996e-05
4.37496e-05
3.28121e-05
4.06246e-05
3.43746e-05
1.71871e-05
4.68746e-05
4.06246e-05
3.43746e-05
4.53121e-05
2.96871e-05
-2.65629e-05
2.34371e-05
3.90621e-05
1.56212e-06
4.68712e-06
2.81246e-05
-3.12538e-06
9.37462e-06
2.49996e-05
-1.56288e-06
-9.37538e-06
2.81246e-05
4.53121e-05
2.34371e-05
6.71871e-05
5.62496e-05
7.49996e-05
6.40621e-05
7.96871e-05
9.53121e-05
6.56246e-05
3.74996e-05
4.84371e-05
2.96871e-05
6.09371e-05
6.09371e-05
8.90621e-05
.000109375
8.43746e-05
.000117187
.000115625
.000146875
.000159375
.000153125
.000176562
.000167187
.000173437
.00015625
.000153125
.00014375
.000126562
.000175
.000103125
.000129687
.000115625
.000129687
.0001625
.000115625
.000142187
.00015625
.00015625
.000148437
.000123437
.000103125
.000117187
9.68746e-05
.000125
.00013125
.000110937
.000120312
7.81246e-05
6.71871e-05
9.84371e-05
7.49996e-05
4.06246e-05
6.24962e-06
4.68712e-06
2.65621e-05
1.24996e-05
7.65621e-05
6.24996e-05
7.65621e-05
2.96871e-05
-3.8147e-10
3.12496e-05
4.21871e-05
2.65621e-05
5.15621e-05
4.37496e-05
2.96871e-05
4.37496e-05
3.74996e-05
3.28121e-05
-6.25038e-06
2.49996e-05
2.03121e-05
5.46871e-05
3.90621e-05
3.43746e-05
6.71871e-05
6.71871e-05
5.15621e-05
7.81246e-05
8.12496e-05
5.78121e-05
6.87496e-05
7.81246e-05
6.56246e-05
.000110937
8.28121e-05
8.43746e-05
7.65621e-05
5.31246e-05
.000103125
.000103125
7.03121e-05
8.59371e-05
.000164062
.000128125
.000164062
.00014375
.0001125
.000110937
.000134375
.000145312
.000179687
.0001375
.000121875
.0001125
.000145312
.00011875
.000107812
8.12496e-05
7.81246e-05
2.18746e-05
7.81246e-05
4.68746e-05
5.93746e-05
4.68746e-05
4.84371e-05
4.21871e-05
6.56246e-05
7.49996e-05
7.81246e-05
4.21871e-05
9.99996e-05
9.37496e-05
6.40621e-05
6.09371e-05
5.46871e-05
5.93746e-05
4.99996e-05
2.96871e-05
8.28121e-05
9.99996e-05
.000103125
7.03121e-05
5.15621e-05
4.99996e-05
5.31246e-05
.000110937
5.93746e-05
7.96871e-05
2.65621e-05
1.09371e-05
2.03121e-05
7.96871e-05
4.84371e-05
5.15621e-05
9.06246e-05
7.18746e-05
.0001125
.000125
8.74996e-05
.000132812
6.87496e-05
.000120312
8.12496e-05
6.24996e-05
6.40621e-05
6.24996e-05
.000132812
.00010625
9.06246e-05
8.12496e-05
.00010625
9.53121e-05
.000115625
.000114062
.000110937
.000101562
.000104687
.000104687
9.84371e-05
9.68746e-05
.000123437
7.18746e-05
.000101562
9.68746e-05
7.96871e-05
9.21871e-05
8.43746e-05
7.81246e-05
7.34371e-05
5.62496e-05
5.15621e-05
3.74996e-05
1.56246e-05
6.87496e-05
7.03121e-05
8.12496e-05
.0001125
5.31246e-05
5.62496e-05
3.59371e-05
7.49996e-05
4.21871e-05
3.90621e-05
3.90621e-05
4.84371e-05
8.12496e-05
4.68746e-05
3.90621e-05
4.99996e-05
3.90621e-05
4.53121e-05
4.37496e-05
5.31246e-05
2.65621e-05
4.53121e-05
7.81212e-06
4.99996e-05
4.06246e-05
6.24996e-05
4.68746e-05
1.71871e-05
3.59371e-05
4.37496e-05
5.15621e-05
3.90621e-05
8.43746e-05
2.81246e-05
5.46871e-05
7.18746e-05
.000126562
9.53121e-05
9.21871e-05
.000129687
.000139062
8.59371e-05
.00011875
8.12496e-05
.000110937
.000104687
.000135937
.00010625
.000121875
.000134375
.000126562
.000104687
.000121875
.000140625
.000128125
8.43746e-05
8.43746e-05
.000140625
.000134375
.000121875
.000151562
.00014375
.000107812
9.68746e-05
.000107812
8.74996e-05
7.96871e-05
.000121875
8.59371e-05
.000110937
.00010625
9.84371e-05
8.43746e-05
7.49996e-05
7.65621e-05
.000107812
6.87496e-05
9.21871e-05
4.37496e-05
5.62496e-05
4.99996e-05
9.84371e-05
7.96871e-05
4.68746e-05
7.65621e-05
8.43746e-05
9.37496e-05
.000101562
7.49996e-05
4.99996e-05
7.49996e-05
8.28121e-05
4.99996e-05
.000101562
7.18746e-05
4.37496e-05
8.90621e-05
6.56246e-05
8.12496e-05
8.74996e-05
5.62496e-05
7.49996e-05
5.15621e-05
4.84371e-05
7.49996e-05
6.71871e-05
5.15621e-05
6.40621e-05
5.31246e-05
.000101562
8.90621e-05
.00010625
9.68746e-05
8.43746e-05
9.53121e-05
8.74996e-05
8.90621e-05
.000104687
.000121875
7.18746e-05
6.71871e-05
4.53121e-05
8.12496e-05
9.53121e-05
.000117187
9.06246e-05
.000139062
.000126562
9.99996e-05
9.84371e-05
8.12496e-05
8.74996e-05
6.56246e-05
7.49996e-05
9.37496e-05
8.90621e-05
.000104687
.000104687
.000109375
6.56246e-05
8.59371e-05
.000103125
.000114062
8.59371e-05
9.84371e-05
.000139062
9.84371e-05
7.34371e-05
.000110937
9.99996e-05
.000120312
