5000
2.e-09
500
.499298
-.000160937
-.000171094
-.00016875
-.000173437
-.000151562
-.000157812
-.000163281
-.0001375
-.000125
-.000157812
-.000169531
-.000166406
-.000171875
-.000175781
-.000173437
-.000157031
-.000160156
-.000146875
-.000104687
-.000135937
-.000125781
-.0001375
-.000136719
-.000142187
-.00015
-.000152344
-.00016875
-.000172656
-.000133594
-.000148437
-.000125
-.000120312
-.000127344
-.000102344
-.000129687
-.000133594
-.00014375
-.000154687
-.000105469
-.000124219
-.000125781
-.000113281
-8.20312e-05
-9.29687e-05
-.000104687
-9.21874e-05
-.000108594
-6.87499e-05
-9.68749e-05
-8.51562e-05
-.000129687
-.00013125
-.000116406
-.000109375
-.000114062
-8.90624e-05
-.000117969
-.000111719
-.000128125
-.0001625
-.000123437
-.000119531
-.000150781
-.000128906
-.000146094
-.000140625
-.000128906
-.000147656
-.00014375
-.000144531
-9.99999e-05
-7.18749e-05
-.000114844
-.00013125
-.000163281
-.000124219
-.00015625
-.00013125
-.000165625
-.000133594
-.0001375
-.000144531
-.000149219
-.00013125
-.000129687
-.000132812
-.000147656
-.000157812
-.000122656
-.000150781
-.000108594
-9.99999e-05
-.000135937
-.000148437
-.000158594
-.000161719
-.000144531
-.000146875
-.000114062
-.000124219
-.000139062
-.000129687
-.00015
-.0001375
-.000147656
-.00015625
-.000159375
-.000151562
-.000167187
-.000169531
-.000152344
-.000125781
-.0001125
-.000125781
-.000125
-.000104687
-.000117969
-.000139844
-.000128125
-.00011875
-.000127344
-.000136719
-.000157812
-.000120312
-.000135156
-.000121875
-.000139844
-.000125
-.000140625
-.000142969
-.000139062
-.000144531
-.000142969
-.0001375
-.000146875
-.000129687
-.000107031
-.000124219
-.000164062
-.000161719
-.00014375
-.000150781
-.000158594
-.000153125
-.000188281
-.000191406
-.000177344
-.000178125
-.000153906
-.000161719
-.000125781
-.000159375
-.000135156
-.000116406
-9.84374e-05
-9.45312e-05
-6.79687e-05
-.000153125
-.000117187
-.000149219
-.00014375
-.000132031
-.000148437
-.000129687
-.000132031
-.000146875
-.000140625
-.000110156
-.000121875
-9.29687e-05
-.000125781
-.000141406
-.000132031
-.000149219
-.000174219
-.0001625
-.000126562
-.000133594
-.000140625
-.000142969
-.000164062
-.000146094
-.00015625
-.000153906
-.000126562
-.000149219
-.000182031
-.000167187
-.000155469
-.000146875
-.000141406
-.000125
-.000126562
-.000146094
-.000126562
-.000126562
-.000117187
-.000146094
-.000125781
-.000136719
-.000149219
-.0001375
-.000125781
-.000119531
-.000139844
-.000158594
-.000152344
-.00016875
-.000121875
-.000141406
-.000141406
-.000121094
-.000132812
-.000146094
-.000139062
-.000117969
-.000116406
-.000132031
-.000144531
-.000153906
-.000128125
-.000146875
-.000159375
-.000171094
-.000158594
-.000126562
-.000142969
-.000132031
-.000163281
-.000178906
-.000199219
-.000177344
-.000150781
-.000167187
-.0001625
-.000138281
-.000161719
-.000148437
-.000152344
-.000117187
-.000126562
-.000142969
-.000128906
-.000149219
-.000108594
-.000174219
-.000165625
-.000160937
-.000157031
-.000173437
-.00018125
-.000177344
-.000146094
-.000164844
-.0001375
-.000124219
-.000146875
-.000135156
-.000166406
-.000154687
-.000110937
-.000142187
-.000189062
-.000145312
-.000170312
-.000155469
-.000139844
-.000142187
-.000161719
-.000158594
-.000146875
-.000157812
-.00018125
-.000139844
-.000177344
-.000171094
-.0001875
-.000161719
-.0001625
-.000154687
-.000153125
-.000151562
-.000164844
-.000133594
-.000111719
-.000128125
-.000123437
-.000125781
-.000148437
-.00016875
-.000174219
-.000130469
-.000129687
-.000123437
-.000104687
-.000145312
-.000135156
-.000124219
-.00011875
-.000119531
-.000138281
-.000119531
-.00015
-.000132812
-.000127344
-.000136719
-.000128125
-.000166406
-.000157031
-.000140625
-.000139844
-9.45312e-05
-6.79687e-05
-8.82812e-05
-.000123437
-.000128906
-.000122656
-.000108594
-.000122656
-.000135156
-.000133594
-.000125781
-.000144531
-.000117969
-.000188281
-.0001625
-.000146094
-.000129687
-.000110937
-.000120312
-.000134375
-.000107031
-9.53124e-05
-.000127344
-.000126562
-.000164844
-.000161719
-.000171875
-.0001375
-.000142187
-.000103125
-.000117187
-.00015625
-.000132031
-.000132812
-.000104687
-.000122656
-.00011875
-.000154687
-.000142187
-.000161719
-.000149219
-.0001375
-.000133594
-.000141406
-.000160937
-.000138281
-.000123437
-.000105469
-.000117187
-.000144531
-.000136719
-.000141406
-.000103125
-.000107812
-.000117187
-.000129687
-9.14062e-05
-.000117187
-.00013125
-.000130469
-.000159375
-9.53124e-05
-.000110156
-.000154687
-.000114062
-.000134375
-.000165625
-.000146094
-.000127344
-.000128125
-.000148437
-.000147656
-.000115625
-.000126562
-.000110156
-9.92187e-05
-.000121094
-.000117969
-.000130469
-.000125
-.00011875
-.000135937
-.000111719
-.000110156
-9.29687e-05
-.000133594
-.000125
-.000144531
-.000134375
-.000150781
-.000132031
-.000135937
-.000123437
-.000116406
-.000114062
-.000102344
-.000157812
-.000135937
-.0001375
-.000144531
-.000149219
-.000150781
-.000147656
-.000146094
-.000142969
-.000108594
-.000130469
-.000121875
-.00013125
-.000135156
-.000114062
-.000122656
-.000126562
-.000126562
-.000125
-.000128906
-.000115625
-.0001375
-.000121094
-.00014375
-.00013125
-.000133594
-.00015
-.000135937
-.000140625
-.000121094
-.000142969
-.000119531
-.000122656
-.00010625
-7.73437e-05
-8.12499e-05
-.00010625
-.000146094
-.00016875
-.000169531
-.00010625
-.000142187
-.000116406
-.000140625
-.000116406
-.000186719
-.00015
-.00018125
-.000149219
-.000117187
-.000130469
-.000110937
-.000121094
-.000114062
-.000125781
-.000135937
-9.76562e-05
-.000123437
-.000128906
-.000132031
-.000146875
-.000132031
-.000129687
-.000144531
-.000110937
-.000100781
-.000114062
-.000100781
-9.92187e-05
-.0001125
-.000121875
-.00016875
-.000148437
-.000142969
-.000109375
-.000138281
-.000158594
-.000146875
-.00015
-.000141406
-.000134375
-.00011875
-.000149219
-.000153125
-.000125
-.000111719
-.000107031
-.000101562
-.000102344
-9.14062e-05
-.000115625
-.00013125
-.000123437
-.000117187
-.000147656
-.000142969
-.000103125
-9.53124e-05
-.000110937
-.000108594
-8.35937e-05
-6.87499e-05
-9.21874e-05
-9.29687e-05
-8.98437e-05
-6.71874e-05
-3.28124e-05
-4.76562e-05
-1.17187e-05
4.6876e-06
3.67188e-05
3.51563e-05
3.75001e-05
4.76563e-05
9.84376e-05
.000111719
.000196094
.000208594
.000232813
.000303125
.000332813
.000375781
.000423438
.00044375
.000527344
.000607031
.000673438
.000760156
.000808594
.000971875
.00103438
.00107188
.00121094
.00132891
.00144688
.0016125
.00170781
.00183125
.00191563
.00203203
.00219922
.00232266
.0024375
.00254141
.0027
.00276016
.00287656
.00296484
.00308203
.003175
.00327734
.00331484
.00340313
.00343438
.00348594
.00351484
.00348906
.00348516
.00345781
.00341328
.00339766
.00334766
.00329531
.00321406
.00316328
.00305938
.00295313
.00284688
.00273516
.00258984
.00245625
.00233281
.00220547
.00207344
.00191875
.00176797
.00158984
.00141563
.00125234
.00106484
.0009125
.000752344
.000557031
.000346875
.000180469
1.25001e-05
-.000176562
-.000371094
-.000533594
-.000694531
-.0008875
-.00108203
-.00127187
-.00145078
-.00162812
-.00180625
-.00201016
-.00214453
-.00235156
-.00255
-.00269844
-.00286172
-.00303203
-.00317891
-.00342031
-.00359141
-.00373437
-.00389531
-.00408047
-.00428203
-.00440391
-.00458125
-.00473594
-.004875
-.00504922
-.00516484
-.00534609
-.00548437
-.00560547
-.00573906
-.00590078
-.00599219
-.00615
-.00625781
-.00638281
-.00650391
-.00663437
-.00674844
-.00685781
-.00695547
-.00703594
-.00717734
-.00725469
-.00734375
-.00736094
-.0074375
-.00750234
-.00755234
-.00765312
-.00767578
-.00773594
-.00777969
-.00777969
-.00780781
-.00780859
-.00784062
-.00784687
-.0078375
-.00778203
-.00778359
-.00771562
-.00767422
-.00762266
-.00753984
-.00743203
-.00736016
-.00720781
-.00705156
-.00687109
-.00673047
-.00650234
-.00627266
-.00599844
-.00574297
-.00538203
-.00497812
-.00455859
-.00405781
-.0034375
-.00274844
-.00192266
-.000863281
.000585938
.00283906
.00639453
.011157
.0159344
.0194391
.0208398
.0205742
.0194273
.0183008
.0175922
.0173133
.0171977
.0171367
.0169203
.0164484
.0158633
.0152539
.0146258
.014068
.0134664
.0128742
.0122289
.0115523
.0109312
.0103852
.00995547
.0095875
.0093625
.00905391
.00869687
.00832109
.00791719
.00744141
.00696641
.0064875
.00606875
.00564453
.00521953
.00477656
.00434141
.00389687
.00352969
.00313359
.00282656
.00250469
.00232813
.00209063
.00184766
.00161016
.00129453
.000967188
.00064375
.000305469
-2.26562e-05
-.000365625
-.000655469
-.000957031
-.0011875
-.00144687
-.00166172
-.00188125
-.00211172
-.00230234
-.00252031
-.00274219
-.00296562
-.00322031
-.00347891
-.00373203
-.00396328
-.00423125
-.00440391
-.00465859
-.00490391
-.00516406
-.00537109
-.00555469
-.0057625
-.00595234
-.00613281
-.00627187
-.00644297
-.00659531
-.00671797
-.00687969
-.00701875
-.00718359
-.00726562
-.00740781
-.00755625
-.00769609
-.0078
-.00794141
-.00802891
-.00815391
-.00821562
-.00830703
-.00838203
-.00845312
-.00853125
-.00857891
-.00870391
-.00874766
-.00876328
-.00882734
-.00888906
-.00896328
-.00902969
-.00904922
-.00910859
-.00915625
-.00915312
-.00918359
-.00918984
-.00920234
-.00914375
-.00909766
-.00904453
-.00898906
-.00890312
-.00881875
-.00877344
-.00867656
-.00856094
-.00841719
-.00828828
-.00810781
-.00794531
-.00771797
-.00747891
-.00720703
-.00691953
-.00650625
-.00615547
-.0057
-.00524141
-.00467812
-.00407656
-.00334531
-.00255156
-.00161641
-.000527344
.000924219
.00280859
.00541719
.00882656
.0126172
.0160281
.0182219
.0189805
.0187273
.0180242
.0173906
.016982
.0167906
.0166773
.0165422
.0162766
.0158289
.0152937
.0147172
.0141805
.0136508
.0130867
.0124961
.0118961
.0113383
.0107867
.0102992
.0099125
.00960781
.00931406
.00906094
.00873047
.00831406
.00789766
.00749297
.00704531
.00660781
.00621094
.00579844
.00538906
.00496797
.00457812
.00418047
.00380937
.00349766
.00320859
.00295078
.00271797
.002475
.0022375
.00200625
.00173047
.00147031
.00123203
.000966406
.000748438
.000436719
.000153125
-9.37499e-05
-.0003375
-.000549219
-.000770312
-.00098125
-.00121328
-.00143437
-.00163203
-.00189453
-.00209922
-.00237422
-.00259687
-.00279687
-.00306406
-.00329531
-.00358203
-.00379687
-.00407109
-.00428203
-.00446641
-.00470078
-.00489609
-.00511797
-.00529219
-.00546953
-.00567266
-.00587344
-.00601328
-.00618281
-.00632891
-.006475
-.00664297
-.00683516
-.00701016
-.00720547
-.00739766
-.00756719
-.00767109
-.00778516
-.00791406
-.00799844
-.00811953
-.00824531
-.00830625
-.00840937
-.00851172
-.00857578
-.00860078
-.00866797
-.00878359
-.00884062
-.0088875
-.00899375
-.00902891
-.00910703
-.00911875
-.00910937
-.00913672
-.00909219
-.00904922
-.00899297
-.00896719
-.00889531
-.00877422
-.00864922
-.00853281
-.00838672
-.00822891
-.0081
-.00793594
-.00773828
-.00747187
-.00720234
-.0069375
-.00660625
-.00624844
-.00585078
-.00540078
-.00489375
-.00434844
-.00370547
-.00295391
-.00213047
-.00107578
.000154688
.00173984
.0039375
.00695703
.0107
.0144195
.0172117
.0185937
.0186789
.0180578
.0173008
.0167781
.0164766
.0164156
.0163359
.0160969
.0157711
.0152734
.0146891
.0141562
.0136195
.0130797
.0125094
.0119375
.0113992
.010818
.0103133
.00988984
.00956719
.00923672
.00895547
.00863047
.00829062
.00789531
.00745156
.00703047
.00659219
.00614766
.00575156
.00537187
.00495937
.00450781
.00415078
.00379219
.00349844
.00318438
.00294922
.00271719
.00250938
.00226875
.00199844
.00178594
.00153281
.00125234
.000985938
.000710938
.000444531
.00018125
-7.18749e-05
-.000272656
-.0004875
-.000685156
-.000875781
-.00105703
-.00125391
-.00144766
-.00169062
-.00192891
-.00214844
-.0024
-.00264297
-.00286875
-.00310391
-.00333203
-.00359062
-.00382891
-.00402891
-.00427891
-.00450547
-.004725
-.00491719
-.00510781
-.00527266
-.00544297
-.00560312
-.00575781
-.00595
-.00609766
-.00627578
-.00645156
-.00657422
-.00674375
-.00692578
-.00705234
-.00720469
-.00735859
-.00748516
-.00758828
-.00772891
-.00786406
-.00798047
-.00808906
-.00820469
-.00828828
-.00835781
-.00844687
-.00844297
-.00861562
-.00865156
-.00876953
-.00884219
-.00889766
-.00898516
-.00905
-.00907812
-.00907578
-.00908437
-.00905547
-.00906094
-.00900469
-.00896719
-.00889609
-.00879687
-.00874531
-.00859141
-.00843125
-.00829062
-.00813359
-.00796953
-.0077625
-.00757031
-.00726797
-.00696641
-.00661016
-.00623906
-.00583516
-.0054
-.00486875
-.00429922
-.00362734
-.00293672
-.00205703
-.000996875
.000274219
.00193438
.00413437
.00709375
.0105875
.0140023
.0164406
.0176391
.0177266
.0172
.0166047
.0161391
.0158937
.0157937
.0156578
.015418
.0150891
.0146609
.0141547
.0135945
.0131031
.0125516
.0120227
.0114602
.0109227
.010425
.00999219
.00960234
.00926641
.00894531
.00861094
.00827344
.00792891
.00757187
.00715547
.00673047
.00632812
.00593594
.00560547
.00520547
.00482734
.00446641
.00403984
.00372266
.00342188
.00321016
.00296172
.00274609
.00255469
.00232422
.00204609
.00181953
.00160234
.00134531
.00111406
.000863281
.000628906
.00039375
.000132813
-.000109375
-.000297656
-.000505469
-.000700781
-.000907031
-.00111719
-.00130469
-.00153672
-.00173906
-.00199766
-.00225078
-.00245156
-.00268125
-.00291172
-.00316094
-.00338047
-.00363281
-.00385625
-.00407578
-.00428906
-.00449297
-.00469922
-.00490312
-.00511406
-.00528984
-.00548516
-.00559766
-.00577109
-.00591406
-.00609609
-.00624687
-.00635937
-.00653828
-.00672266
-.00690156
-.00707031
-.00723359
-.00740547
-.00750234
-.00762969
-.00779297
-.00790937
-.00802422
-.00811875
-.00827656
-.00835547
-.00839844
-.00848203
-.00855469
-.00862187
-.0087375
-.00884375
-.00889375
-.00893594
-.00897422
-.00905234
-.00908047
-.00904141
-.00902734
-.00900937
-.00899453
-.00894766
-.00890937
-.00878437
-.00869844
-.00851484
-.00846328
-.00829297
-.00818828
-.00801953
-.0077875
-.00758594
-.00729062
-.00701562
-.00666797
-.00631797
-.00592422
-.00545156
-.00497422
-.0044625
-.00381562
-.0030875
-.00228594
-.00123516
2.34376e-05
.00166094
.00385391
.00682422
.0103422
.0138156
.0163992
.017668
.0178125
.0172992
.0166312
.0161375
.0159023
.015782
.0156609
.0154766
.0151117
.014657
.0140789
.0135414
.0130414
.0124969
.0119398
.0113656
.0108164
.0103156
.00983203
.00943516
.00911953
.00880234
.0084875
.00814844
.00777031
.00745859
.00700703
.00664141
.00621172
.00581484
.00545781
.00503828
.00463906
.00425703
.00390078
.00359219
.00327891
.00305391
.00276641
.00256797
.00235156
.00215469
.00195547
.00170625
.00147266
.00125859
.00100859
.000727344
.0005
.000230469
2.81251e-05
-.000207812
-.000423437
-.000642969
-.000796875
-.000994531
-.00114844
-.00136406
-.00151094
-.00177656
-.00204766
-.00228594
-.00252187
-.00275859
-.00298359
-.00319062
-.00345391
-.00366172
-.00388203
-.00409141
-.0042875
-.00449297
-.00467656
-.00489531
-.00507344
-.00527109
-.00544609
-.00559062
-.00574844
-.00592422
-.00609219
-.00619375
-.00637734
-.00650859
-.00667812
-.00681641
-.00700469
-.00713203
-.00729219
-.00744141
-.00754922
-.00768281
-.00779453
-.00792344
-.00800391
-.00809687
-.00819297
-.00826641
-.00834375
-.00845391
-.00854609
-.008625
-.00873359
-.00877734
-.00885625
-.00889219
-.00890391
-.00894219
-.0089625
-.00895078
-.00890234
-.00893359
-.00885859
-.00879062
-.00868125
-.00859297
-.00845234
-.00831094
-.00823047
-.00809922
-.00793516
-.00775391
-.00750312
-.00723984
-.00690547
-.00659062
-.00619453
-.00580859
-.00534453
-.00485
-.00427891
-.0036125
-.00284375
-.00196641
-.000925
.000423438
.00219531
.00454609
.00762109
.0111992
.0144539
.016743
.0176828
.0175906
.0170391
.0164
.0160031
.0158125
.015707
.0155609
.0153383
.0149352
.0144422
.0139305
.0134352
.0129172
.0124117
.0118523
.0112781
.0107609
.0102383
.00981797
.00940391
.00909766
.00878203
.00848828
.00818047
.00782969
.00739609
.00702891
.00662578
.006225
.00582422
.00544687
.00507656
.00467891
.00429766
.00396172
.00361875
.00331797
.00308672
.00281563
.00260547
.00237344
.00214688
.00194922
.00171797
.00146875
.00124141
.000990625
.000709375
.000507813
.000250781
1.32813e-05
-.000189844
-.000401562
-.000589062
-.00075625
-.0009875
-.00117109
-.00139922
-.00163828
-.00187578
-.00210078
-.00233281
-.00258672
-.00278047
-.00302344
-.00323828
-.00349141
-.00371016
-.00395937
-.00417578
-.00440625
-.00455312
-.00477578
-.00495
-.00513359
-.00527422
-.00546094
-.00562812
-.0058
-.00597969
-.006125
-.00632109
-.00644141
-.00662734
-.00679922
-.00694844
-.00709062
-.00723828
-.00738906
-.00746797
-.00760703
-.00774141
-.00783281
-.00799141
-.00806328
-.00816328
-.00825234
-.00830312
-.00836875
-.00847422
-.00854453
-.00868359
-.00875078
-.00882031
-.00889297
-.00896172
-.00892812
-.00896172
-.00900156
-.00900312
-.0089625
-.00892031
-.00889531
-.00881016
-.00872187
-.00863047
-.00851328
-.00840312
-.00823828
-.00809141
-.0079125
-.00772266
-.00744844
-.00715937
-.00686094
-.00650156
-.00616328
-.00575078
-.00532812
-.00479531
-.00422344
-.00354531
-.00280312
-.00186172
-.000788281
.000572656
.00237578
.00481484
.00800937
.0115516
.0147461
.0168906
.0177109
.0175523
.0169531
.016382
.0159781
.0157906
.0156578
.0155219
.0153055
.0148836
.0144133
.0138844
.0133391
.0127937
.0122898
.0117242
.0111984
.0106281
.0101406
.00968594
.00929062
.00898047
.00869219
.00836172
.0080875
.00771719
.007325
.00690547
.00651875
.00611562
.00571016
.00534687
.00494297
.00455156
.00417734
.00382187
.00352188
.00319297
.00293125
.00270313
.00250156
.00230313
.00208281
.00186328
.00160703
.00140469
.00114453
.000885156
.000630469
.000369531
.000167188
-6.64062e-05
-.000285156
-.000507031
-.0007125
-.000841406
-.00105469
-.00124375
-.00146016
-.00169062
-.00191094
-.00214609
-.00236953
-.00260937
-.00279844
-.00303047
-.00325547
-.00346875
-.00368672
-.00387891
-.00411484
-.00428828
-.00453047
-.00472812
-.00495234
-.00514453
-.00529219
-.00547031
-.00561016
-.00574766
-.00589844
-.00603906
-.00619141
-.00638203
-.00651953
-.00670859
-.00681172
-.00696172
-.00711953
-.00726484
-.00738281
-.00753125
-.00766406
-.00776094
-.00787344
-.00795469
-.00805
-.00813906
-.00820547
-.00831172
-.00840391
-.00849375
-.00853828
-.00866484
-.00871562
-.00879141
-.008825
-.00888437
-.00889531
-.00888203
-.00886641
-.00890937
-.00884219
-.00883359
-.00872578
-.00867422
-.00857734
-.00847734
-.00830547
-.00818672
-.00806094
-.0078625
-.00767266
-.00745781
-.00715703
-.00689062
-.00654687
-.00619609
-.00575391
-.00532422
-.00484531
-.00433437
-.00372344
-.00305078
-.00231484
-.00141719
-.000439062
.000682813
.00196094
.00342422
.00504609
.00671094
.00832891
.00970703
.0107078
.0113641
.0116992
.0118477
.0119016
.0118953
.011782
.0116641
.0115477
.011293
.011032
.0107227
.0104156
.0100445
.00968125
.00931406
.00896797
.00853281
.00815078
.00780781
.00751875
.00719922
.00697187
.00664844
.00641172
.00610547
.00581016
.00552656
.00522031
.00491406
.00464297
.00434766
.00401562
.00376406
.00351875
.00326406
.00301797
.00275
.00255
.00232266
.00216484
.00202656
.00188125
.00168359
.00155625
.00143828
.00130625
.00116719
.000998438
.000863281
.000703125
.000535156
.000399219
.000276563
.000174219
7.26563e-05
-3.51562e-05
-.000164062
-.000289844
-.000372656
-.000528906
-.000600781
-.000695312
-.000840625
-.00096875
-.00106641
-.00119531
-.00126016
-.00132812
-.00141953
-.00151875
-.00161016
-.00164687
-.0017125
-.00177109
-.00182734
-.00188516
-.00191719
-.00196406
-.00197109
-.00199141
-.00199062
-.00204141
-.0020875
-.00208203
-.00208437
-.0021
-.00208594
-.00208281
-.00204687
-.00204922
-.00202891
-.00202266
-.00199297
-.00195859
-.00193203
-.00187969
-.00181797
-.00177812
-.00169219
-.00166562
-.00160781
-.00159609
-.00154609
-.00151562
-.00147969
-.00142578
-.00136641
-.00128594
-.00122109
-.00119687
-.00113125
-.00106172
-.000967187
-.000921094
-.000855469
-.000838281
-.000754687
-.0007125
-.000650781
-.000561719
-.000526562
-.000467187
-.000475
-.000358594
-.000352344
-.000327344
-.000315625
-.000316406
-.000250781
-.000240625
-.000233594
-.000190625
-.000182031
-.000222656
-.000246094
-.000257031
-.000249219
-.000277344
-.000284375
-.000285156
-.0003375
-.000301562
-.000340625
-.00033125
-.000289062
-.00033125
-.000315625
-.000360937
-.000320312
-.000329687
-.000330469
-.000378125
-.000399219
-.000401562
-.0004375
-.0004125
-.000436719
-.00043125
-.000491406
-.000466406
-.000535156
-.000521094
-.00055
-.000503906
-.000542969
-.000528906
-.000524219
-.000509375
-.00051875
-.00049375
-.000504687
-.000505469
-.000488281
-.000482031
-.000457031
-.000439062
-.0004625
-.000390625
-.000353125
-.000296094
-.000269531
-.000257812
-.000207812
-.000160937
-7.18749e-05
-5.62499e-05
2.10938e-05
6.64063e-05
.000149219
.000225781
.000270313
.000341406
.000378125
.000465625
.000500781
.000535156
.00058125
.000641406
.000685156
.000748438
.000796094
.000788281
.000835156
.000892188
.000939844
.000938281
.000935156
.000971094
.000971094
.00102109
.00101563
.00101328
.00102813
.00106016
.001025
.00104297
.00105469
.00105547
.00103906
.00104141
.00102266
.00100391
.00101094
.00099375
.000975
.000955469
.00090625
.000864063
.00086875
.000822656
.000774219
.000760938
.000710156
.000650781
.000624219
.000605469
.000555469
.000485938
.000460938
.000436719
.000372656
.00035
.000296094
.000258594
.000192188
.000170313
.000122656
8.28126e-05
4.06251e-05
7.8126e-06
2.34376e-05
-3.1249e-06
-4.84374e-05
-3.51562e-05
-8.74999e-05
-8.43749e-05
-.000107812
-.00014375
-.000171875
-.000117187
-.000196875
-.000188281
-.000200781
-.000203125
-.000227344
-.000233594
-.000249219
-.000228906
-.000258594
-.000276562
-.000249219
-.000274219
-.000279687
-.000304687
-.000322656
-.000326562
-.000360937
-.000377344
-.000378906
-.000409375
-.000451562
-.000471875
-.000464844
-.000515625
-.0004875
-.000482031
-.000502344
-.000500781
-.000532812
-.000509375
-.000540625
-.000576562
-.000550781
-.000566406
-.000582031
-.000585937
-.000546875
-.000553125
-.000552344
-.000529687
-.000534375
-.000532812
-.000557031
-.000575781
-.000592187
-.000615625
-.000628125
-.00061875
-.000617969
-.000627344
-.000629687
-.000596094
-.000580469
-.0005875
-.000598437
-.000578906
-.000621094
-.000632031
-.00061875
-.000644531
-.000617187
-.000614844
-.000640625
-.000614062
-.000607812
-.000603906
-.000588281
-.000577344
-.000557031
-.000553906
-.000551562
-.000551562
-.000538281
-.00050625
-.000475
-.000482031
-.000452344
-.000474219
-.000479687
-.000459375
-.00043125
-.000415625
-.00038125
-.000352344
-.000349219
-.000335156
-.000365625
-.000284375
-.0003
-.0002625
-.000269531
-.00023125
-.000207031
-.000214844
-.000211719
-.0001625
-.000144531
-9.99999e-05
-4.68749e-05
-4.14062e-05
-3.90624e-05
-8.59365e-06
1.56251e-05
1.48438e-05
6.2501e-06
6.40626e-05
4.60938e-05
.000113281
.000113281
.000133594
9.06251e-05
.000122656
.000155469
.000159375
.000170313
.000210156
.000210938
.000276563
.00026875
.000289844
.000292969
.000223438
.000236719
.000228125
.000261719
.000242969
.000242188
.000247656
.000241406
.000213281
.000225781
.0002
.000224219
.000226563
.000184375
.000184375
.0001625
.000177344
.000142969
.000140625
.000135938
.000149219
.000117969
.000132813
.000108594
.000101563
5.85938e-05
4.29688e-05
1.79688e-05
-2.89062e-05
-1.71874e-05
-4.14062e-05
-4.06249e-05
-7.73437e-05
-7.03124e-05
-.000107031
-.000103906
-.000163281
-.000179687
-.000190625
-.00021875
-.000260156
-.000285156
-.0003125
-.000344531
-.0003625
-.000377344
-.000403125
-.000407031
-.000441406
-.000467187
-.000485937
-.000500781
-.000521094
-.000564062
-.000546094
-.000517969
-.000553906
-.00058125
-.00060625
-.000623437
-.000646094
-.000648437
-.0006125
-.000596875
-.00064375
-.00065
-.000649219
-.000649219
-.000635156
-.000664844
-.000627344
-.000639844
-.000667187
-.00068125
-.000617969
-.000610937
-.000609375
-.000607812
-.000535937
-.000541406
-.00054375
-.000544531
-.000552344
-.00051875
-.000496875
-.000480469
-.000464844
-.000470312
-.000458594
-.000424219
-.000370312
-.000346875
-.000342969
-.000332031
-.000275
-.0002625
-.000267969
-.000235156
-.00025625
-.000227344
-.000196875
-.000188281
-.000185156
-.000150781
-.000149219
-.000103906
-6.09374e-05
-5.70312e-05
-4.68749e-05
-6.09374e-05
-6.24999e-05
-2.03124e-05
-1.48437e-05
-6.2499e-06
1.71876e-05
3.35938e-05
3.82813e-05
3.28126e-05
8.35938e-05
4.37501e-05
9.53126e-05
7.73438e-05
.000101563
9.53126e-05
8.43751e-05
9.45313e-05
9.37501e-05
9.37501e-05
.000101563
9.29688e-05
7.65626e-05
.000114063
.000126563
6.25001e-05
8.12501e-05
6.95313e-05
5.46876e-05
3.28126e-05
2.42188e-05
2.50001e-05
-7.8124e-06
7.8126e-06
1.5626e-06
1.01563e-05
2.57813e-05
-2.34365e-06
9.3751e-06
-3.90615e-06
-2.89062e-05
-4.21874e-05
-2.81249e-05
-4.06249e-05
-5.15624e-05
-6.01562e-05
-7.81249e-05
-4.60937e-05
-4.92187e-05
-6.01562e-05
-3.98437e-05
-5.23437e-05
-4.76562e-05
-5.85937e-05
-7.26562e-05
-6.17187e-05
-6.09374e-05
-6.01562e-05
-6.56249e-05
-5.39062e-05
-6.95312e-05
-7.10937e-05
-.000107812
-6.71874e-05
-7.89062e-05
-8.74999e-05
-8.74999e-05
-8.98437e-05
-.000104687
-7.42187e-05
-6.01562e-05
-3.90624e-05
-6.87499e-05
-5.62499e-05
-4.84374e-05
-4.99999e-05
-7.18749e-05
-5.70312e-05
-8.12499e-05
-4.92187e-05
-6.17187e-05
-7.81249e-05
-4.92187e-05
-8.59374e-05
-9.29687e-05
-7.96874e-05
-9.84374e-05
-7.96874e-05
-9.84374e-05
-.000123437
-.000108594
-.000119531
-9.06249e-05
-.000126562
-.000109375
-9.45312e-05
-9.53124e-05
-9.92187e-05
-9.29687e-05
-8.98437e-05
-.000127344
-.000124219
-9.76562e-05
-.000123437
-.000132031
-.000121875
-.000150781
-.000180469
-.000207031
-.000214062
-.000192969
-.000232031
-.0002125
-.000219531
-.000198437
-.000210937
-.000233594
-.000260937
-.000284375
-.000317187
-.000255469
-.00029375
-.000258594
-.000271875
-.000276562
-.000278125
-.000278125
-.000289062
-.000274219
-.000275781
-.000311719
-.000315625
-.000321094
-.000334375
-.000295312
-.000315625
-.000333594
-.000350781
-.000350781
-.000323437
-.000309375
-.000322656
-.000322656
-.000310156
-.000311719
-.000329687
-.000307812
-.000310937
-.000290625
-.000299219
-.000250781
-.000221094
-.00025
-.000222656
-.000217187
-.000190625
-.000225781
-.000228906
-.000208594
-.000196094
-.000185156
-.000184375
-.000177344
-.000189844
-.000122656
-.000128906
-9.60937e-05
-9.84374e-05
-8.28124e-05
-.000103906
-6.17187e-05
-.000103125
-8.12499e-05
-8.12499e-05
-9.29687e-05
-5.54687e-05
-8.67187e-05
-3.12499e-05
-6.56249e-05
-4.76562e-05
-6.40624e-05
-7.34374e-05
-5.15624e-05
-3.59374e-05
-4.37499e-05
-1.24999e-05
-1.79687e-05
-4.21874e-05
-1.32812e-05
-5.46874e-05
-5.62499e-05
-2.18749e-05
-2.42187e-05
-7.03115e-06
-2.03124e-05
-2.49999e-05
-3.43749e-05
-1.56249e-05
-1.48437e-05
-3.28124e-05
-4.68749e-05
-6.01562e-05
-2.65624e-05
1.25001e-05
-3.51562e-05
-1.56249e-05
-7.81155e-07
-9.3749e-06
-2.42187e-05
-4.14062e-05
-4.92187e-05
-3.43749e-05
-3.74999e-05
-4.06249e-05
-2.03124e-05
-4.37499e-05
9.53674e-11
1.56251e-05
7.8126e-06
2.34385e-06
-4.29687e-05
-1.64062e-05
-4.45312e-05
-2.57812e-05
-3.12499e-05
-3.12499e-05
-1.32812e-05
-2.42187e-05
-3.20312e-05
9.53674e-11
-2.73437e-05
-2.10937e-05
-1.09374e-05
-3.04687e-05
-1.24999e-05
-5.39062e-05
-3.59374e-05
-2.34374e-05
2.34385e-06
-3.67187e-05
-6.09374e-05
-8.28124e-05
-8.59374e-05
-9.99999e-05
-8.74999e-05
-.0001375
-.000122656
-.000125781
-8.35937e-05
-7.57812e-05
-.000110156
-.000102344
-.000114062
-.0001375
-9.99999e-05
-.000161719
-.000148437
-.000171094
-.000164062
-.000185156
-.000175
-.000179687
-.0002
-.000204687
-.000260156
-.00021875
-.000214062
-.0002125
-.000220312
-.000245312
-.000248437
-.000233594
-.000267187
-.000261719
-.000269531
-.000278125
-.000257031
-.000257031
-.000271094
-.000290625
-.0003
-.000299219
-.000286719
-.000302344
-.000289844
-.000273437
-.000244531
-.000271875
-.000244531
-.000272656
-.000245312
-.000255469
-.000288281
-.000263281
-.000278125
-.000264062
-.000247656
-.000269531
-.000265625
-.000234375
-.0002375
-.000234375
-.000233594
-.000221094
-.000215625
-.000234375
-.000228906
-.000207031
-.000203906
-.000198437
-.000202344
-.000205469
-.000190625
-.000223437
-.0001875
-.000182031
-.000244531
-.0002375
-.000232031
-.000232031
-.000221094
-.000221875
-.000195312
-.0001875
-.000185156
-.000178906
-.00016875
-.000177344
-.000188281
-.000183594
-.000157031
-.000164844
-.000166406
-.000132031
-.000144531
-.000129687
-.000119531
-.000117969
-8.43749e-05
-9.76562e-05
-.000125781
-.000127344
-8.51562e-05
-.000114062
-.000126562
-.000102344
-9.84374e-05
-.000120312
-7.49999e-05
-9.99999e-05
-5.93749e-05
-6.48437e-05
-1.56249e-05
-2.03124e-05
-2.57812e-05
-1.79687e-05
-1.01562e-05
-7.03115e-06
-3.74999e-05
2.03126e-05
2.26563e-05
2.03126e-05
8.59385e-06
1.17188e-05
-7.8124e-06
6.2501e-06
-8.59365e-06
-2.73437e-05
-2.18749e-05
7.03135e-06
-2.34365e-06
-7.03115e-06
2.34385e-06
-3.1249e-06
2.96876e-05
5.15626e-05
2.42188e-05
-1.87499e-05
-2.65624e-05
-2.81249e-05
-3.74999e-05
-3.51562e-05
-3.20312e-05
-2.73437e-05
-4.06249e-05
-7.73437e-05
-8.74999e-05
-6.01562e-05
-9.84374e-05
-9.21874e-05
-9.60937e-05
-.000115625
-.000115625
-7.34374e-05
-8.43749e-05
-.000103906
-.000139844
-.000142969
-.000167187
-.000147656
-.000155469
-.000197656
-.000211719
-.000249219
-.000234375
-.000276562
-.000275
-.000288281
-.000319531
-.000290625
-.000292969
-.000294531
-.000283594
-.000311719
-.000316406
-.000313281
-.000314062
-.000341406
-.000302344
-.000339062
-.000342187
-.0003125
-.000335156
-.000335156
-.000334375
-.000319531
-.000317187
-.000335156
-.000344531
-.000285937
-.00029375
-.000285937
-.0003
-.000285937
-.000284375
-.000275781
-.000249219
-.000253906
-.000249219
-.000251562
-.000265625
-.000269531
-.000227344
-.00025
-.000216406
-.000236719
-.000182031
-.000183594
-.000192187
-.000170312
-.000158594
-.000142187
-.000172656
-.000147656
-.000135937
-.000133594
-.000117187
-.000125781
-.000103906
-.000146094
-.000139062
-.000123437
-.000103906
-.000103125
-.00010625
-.000103125
-8.28124e-05
-6.56249e-05
-7.18749e-05
-5.78124e-05
-4.21874e-05
-8.43749e-05
-7.10937e-05
-7.34374e-05
-6.87499e-05
-3.67187e-05
-4.76562e-05
-2.49999e-05
-2.96874e-05
-3.59374e-05
-1.71874e-05
-3.12499e-05
-4.45312e-05
-3.43749e-05
-3.43749e-05
-3.20312e-05
-4.21874e-05
-2.49999e-05
3.1251e-06
-1.32812e-05
-8.59365e-06
3.1251e-06
1.17188e-05
-5.46865e-06
2.42188e-05
4.06251e-05
1.87501e-05
3.04688e-05
1.71876e-05
2.50001e-05
-3.1249e-06
-7.8124e-06
1.64063e-05
4.29688e-05
6.2501e-06
1.56251e-05
3.04688e-05
7.8126e-06
4.06251e-05
4.6876e-06
1.95313e-05
2.42188e-05
5.31251e-05
1.48438e-05
7.10938e-05
7.42188e-05
8.82813e-05
3.12501e-05
1.95313e-05
1.95313e-05
-4.6874e-06
2.89063e-05
2.50001e-05
-1.09374e-05
-2.26562e-05
-5.70312e-05
-7.57812e-05
-6.48437e-05
-3.74999e-05
-6.40624e-05
-2.57812e-05
-5.39062e-05
-5.23437e-05
-6.87499e-05
-5.07812e-05
-5.93749e-05
-4.06249e-05
-8.82812e-05
-6.48437e-05
-.000110937
-.000132031
-.000117969
-.000151562
-.000141406
-.000179687
-.000155469
-.000182031
-.000169531
-.000196875
-.000177344
-.000204687
-.000160156
-.000207031
-.000235937
-.000230469
-.000259375
-.000254687
-.000244531
-.000274219
-.000273437
-.000278906
-.000222656
-.000283594
-.000282812
-.000323437
-.000311719
-.000253125
-.000292187
-.00026875
-.0003125
-.000289062
-.000274219
-.000276562
-.000257031
-.000264844
-.000307031
-.000292187
-.000294531
-.000310937
-.000275
-.000310937
-.000317187
-.000288281
-.000309375
-.000248437
-.000253125
-.000233594
-.000223437
-.000232031
-.000221094
-.000258594
-.000250781
-.000232812
-.000242969
-.000210937
-.000213281
-.000225
-.000222656
-.000185937
-.000189062
-.000182812
-.000192969
-.000186719
-.00014375
-.000144531
-.000134375
-.000144531
-.00015
-.000127344
-.000153906
-.000129687
-.000124219
-.000142187
-.000114062
-.000103906
-9.60937e-05
-.000104687
-9.84374e-05
-9.76562e-05
-8.98437e-05
-8.43749e-05
-7.73437e-05
-7.73437e-05
-5.31249e-05
-3.35937e-05
-6.56249e-05
-5.54687e-05
-4.60937e-05
-2.57812e-05
-1.24999e-05
-1.56249e-05
-6.09374e-05
-5.31249e-05
-7.10937e-05
-6.17187e-05
-6.56249e-05
-5.62499e-05
-8.12499e-05
-5.31249e-05
-3.98437e-05
-6.48437e-05
-4.37499e-05
-7.03124e-05
-4.53124e-05
-3.67187e-05
-4.06249e-05
-2.81249e-05
-2.42187e-05
-6.24999e-05
-6.01562e-05
-4.14062e-05
-4.84374e-05
-7.10937e-05
-6.17187e-05
-9.14062e-05
-4.68749e-05
-6.48437e-05
-6.95312e-05
-7.65624e-05
-6.01562e-05
-8.04687e-05
-8.20312e-05
-5.46874e-05
-6.56249e-05
-7.57812e-05
-.000104687
-6.64062e-05
-8.90624e-05
-.000105469
-.000119531
-.000144531
-.0001125
-.000154687
-.000124219
-.000147656
-.000149219
-.000166406
-.000132031
-.000154687
-.000154687
-.000185937
-.000211719
-.000192187
-.000196094
-.000186719
-.000175781
-.000178125
-.000186719
-.000199219
-.000178125
-.000219531
-.000219531
-.000209375
-.00023125
-.000232031
-.000205469
-.000204687
-.0002125
-.000219531
-.000196875
-.000234375
-.0002
-.000200781
-.000180469
-.0002125
-.000202344
-.000230469
-.000259375
-.000253906
-.000226562
-.000217187
-.00020625
-.000203906
-.000227344
-.000192969
-.000209375
-.000188281
-.000195312
-.000204687
-.000180469
-.000185156
-.000190625
-.000197656
-.000211719
-.000195312
-.000215625
-.00019375
-.000185937
-.000172656
-.000138281
-.000158594
-.000146094
-.000134375
-.000117187
-.000119531
-8.98437e-05
-9.45312e-05
-.000124219
-.000104687
-.000108594
-.000135156
-8.74999e-05
-9.45312e-05
-.000110156
-.000128125
-.000138281
-.000132812
-.000109375
-9.45312e-05
-8.20312e-05
-7.18749e-05
-5.15624e-05
-4.60937e-05
-8.35937e-05
-6.40624e-05
-6.79687e-05
-6.40624e-05
-6.95312e-05
-5.39062e-05
-8.35937e-05
-.000107812
-7.18749e-05
-7.49999e-05
-4.60937e-05
-9.76562e-05
-7.89062e-05
-4.21874e-05
-3.67187e-05
-6.01562e-05
-5.15624e-05
-3.12499e-05
-2.49999e-05
-3.59374e-05
-6.32812e-05
-5.78124e-05
-3.12499e-05
-2.49999e-05
-6.01562e-05
-6.64062e-05
-7.18749e-05
-.000102344
-8.90624e-05
-8.04687e-05
-9.21874e-05
-8.51562e-05
-8.43749e-05
-5.07812e-05
-9.53124e-05
-9.84374e-05
-9.29687e-05
-.000117969
-9.68749e-05
-.0001375
-9.45312e-05
-.000117969
-9.06249e-05
-.000123437
-.000117969
-.000141406
-.000134375
-.000119531
-.000151562
-.000134375
-.000154687
-.000158594
-.000155469
-.000134375
-.000120312
-.000142969
-.00013125
-.000146875
-.000139062
-.000155469
-.000174219
-.000172656
-.000179687
-.000210937
-.000207812
-.00024375
-.000188281
-.00021875
-.000247656
-.000211719
-.000226562
-.000242969
-.000227344
-.000250781
-.000257031
-.000246094
-.000232812
-.000239062
-.000245312
-.000244531
-.000249219
-.000235156
-.000251562
-.000266406
-.000291406
-.000217969
-.000239062
-.000246094
-.000275781
-.000257812
-.000248437
-.000246094
-.000249219
-.00025625
-.000221875
-.000263281
-.000253125
-.000266406
-.000215625
-.000215625
-.000191406
-.000219531
-.000235937
-.000213281
-.000234375
-.000214062
-.000228125
-.0002125
-.000246094
-.000246094
-.000240625
-.000234375
-.000219531
-.000207812
-.000224219
-.000189062
-.00018125
-.000147656
-.000164062
-.000146094
-.000142187
-.000114844
-.000121875
-9.99999e-05
-9.06249e-05
-.000100781
-.000114062
-.000121094
-.000105469
-.000125781
-9.45312e-05
-.000113281
-7.03124e-05
-6.79687e-05
-4.60937e-05
-5.23437e-05
-3.28124e-05
-3.20312e-05
-3.82812e-05
-3.04687e-05
-4.99999e-05
-5.15624e-05
-1.79687e-05
1.17188e-05
-3.90615e-06
-1.64062e-05
-1.40624e-05
-3.51562e-05
-3.20312e-05
1.5626e-06
1.79688e-05
2.57813e-05
-1.32812e-05
2.57813e-05
2.73438e-05
7.8126e-06
7.03135e-06
2.10938e-05
5.78126e-05
5.70313e-05
1.17188e-05
1.01563e-05
7.8126e-06
-1.95312e-05
-1.64062e-05
-2.89062e-05
-3.90615e-06
-7.03115e-06
-1.24999e-05
-5.07812e-05
-5.46874e-05
-3.82812e-05
-5.23437e-05
-3.04687e-05
-2.89062e-05
-1.01562e-05
-3.90615e-06
2.34385e-06
-3.04687e-05
-6.40624e-05
-6.17187e-05
-6.09374e-05
-7.03124e-05
-8.35937e-05
-7.03124e-05
-4.53124e-05
-6.32812e-05
-4.60937e-05
-5.62499e-05
-3.59374e-05
-5.15624e-05
-8.28124e-05
-7.65624e-05
-6.64062e-05
-9.76562e-05
-9.14062e-05
-.000122656
-.000114844
-.000105469
-.000121094
-.000116406
-.000127344
-.00014375
-.000149219
-.000146094
-.000158594
-.000142187
-.000167187
-.000182031
-.000178906
-.000201562
-.000224219
-.000177344
-.000194531
-.000226562
-.000211719
-.000230469
-.000246094
-.000217187
-.000208594
-.000221875
-.000232812
-.000241406
-.000284375
-.000260156
-.000277344
-.000244531
-.000294531
-.000252344
-.000249219
-.000245312
-.000235156
-.000245312
-.000284375
-.000280469
-.000269531
-.000264844
-.000250781
-.000227344
-.000253906
-.000233594
-.000221875
-.000246094
-.000248437
-.000214844
-.000235156
-.000247656
-.000253906
-.000233594
-.000222656
-.000217187
-.000189062
-.000236719
-.000229687
-.000235937
-.00025625
-.0002625
-.000216406
-.000239844
-.000238281
-.000176562
-.000201562
-.000203906
-.000201562
-.000197656
-.00015625
-.00013125
-.000117187
-.000103906
-.000126562
-.00015
-.000119531
-.000103906
-8.59374e-05
-.000102344
-.000113281
-.000116406
-.000101562
-9.84374e-05
-.00015
-.000115625
-.000128906
-.000102344
-.0001125
-6.17187e-05
-4.68749e-05
-4.37499e-05
-1.01562e-05
-4.53124e-05
-4.37499e-05
-4.06249e-05
-4.53124e-05
-6.01562e-05
-5.93749e-05
-3.51562e-05
-2.65624e-05
-6.24999e-05
-1.01562e-05
-1.71874e-05
-5.78124e-05
-4.37499e-05
-3.59374e-05
-2.73437e-05
-3.35937e-05
-4.06249e-05
2.34385e-06
-4.53124e-05
-2.57812e-05
-6.09374e-05
-4.60937e-05
-6.01562e-05
-6.56249e-05
-8.67187e-05
-6.95312e-05
-7.26562e-05
-8.98437e-05
-6.17187e-05
-7.65624e-05
-9.21874e-05
-.00013125
-.000142969
-.000119531
-.000132812
-.000126562
-.000125781
-.000110156
-.000111719
-.000121094
-.000184375
-.000194531
-.000152344
-.000136719
-.000132031
-.000108594
-.0001125
-.000125
-.000170312
-.000172656
-.000167969
-.000148437
-.0001375
-.00011875
-.00014375
-.000159375
-.000185937
-.000204687
-.000185937
-.000183594
-.000210156
-.000178125
-.000192969
-.000178906
-.000200781
-.000228125
-.00021875
-.000189062
-.000174219
-.000213281
-.000198437
-.000219531
-.00021875
-.000183594
-.00019375
-.000171875
-.000164844
-.000171875
-.000196875
-.000211719
-.000240625
-.000215625
-.000214844
-.00020625
-.000189062
-.000172656
-.000171094
-.000163281
-.000197656
-.000164844
-.00014375
-.000170312
-.000157812
-.000190625
-.0001875
-.00019375
-.000190625
-.00015
-.000160156
-.00014375
-.000149219
-.000120312
-.00014375
-.000117187
-.000132031
-.000115625
-.000126562
-.000149219
-.000127344
-.000104687
-9.53124e-05
-.000108594
-.000101562
-.00013125
-.00010625
-.000132031
-.0001125
-.000128906
-.000105469
-9.14062e-05
-.000101562
-.000104687
-5.15624e-05
-8.43749e-05
-6.24999e-05
-7.10937e-05
-7.03124e-05
-5.62499e-05
-4.21874e-05
-4.29687e-05
-4.53124e-05
-2.18749e-05
-6.40624e-05
-6.17187e-05
-4.92187e-05
-6.17187e-05
-4.60937e-05
-5.46865e-06
-5.46865e-06
-2.42187e-05
-2.10937e-05
-1.01562e-05
-3.82812e-05
-2.81249e-05
4.6876e-06
-1.87499e-05
1.79688e-05
-1.56249e-05
-2.18749e-05
-3.59374e-05
7.03135e-06
7.8126e-06
-9.3749e-06
-4.06249e-05
-2.03124e-05
-5.62499e-05
-3.98437e-05
-1.48437e-05
-4.37499e-05
-5.54687e-05
-6.24999e-05
-8.51562e-05
-7.96874e-05
-9.76562e-05
-.000109375
-.000103125
-8.90624e-05
-7.89062e-05
-.000115625
-.000121875
-9.60937e-05
-.000125
-.000142969
-.000155469
-.000139844
-.000159375
-.000191406
-.000142969
-.000192187
-.000169531
-.000175781
-.000175
-.000157812
-.000182031
-.0002
-.00020625
-.000215625
-.000220312
-.000210156
-.000199219
-.000192187
-.000204687
-.000161719
-.000191406
-.000199219
-.000217187
-.000211719
-.000196094
-.000191406
-.000192187
-.000230469
-.000254687
-.000260937
-.00023125
-.000228906
-.000217187
-.000227344
-.000235937
-.000232031
-.000248437
-.000253125
-.000303125
-.000248437
-.000263281
-.000236719
-.000214062
-.000236719
-.000248437
-.000260156
-.000265625
-.000251562
-.000221094
-.000283594
-.000233594
-.000235156
-.000235156
-.0002125
-.000229687
-.000254687
-.000271875
-.000265625
-.000258594
-.000292187
-.000255469
-.000271875
-.000229687
-.000248437
-.000221094
-.000213281
-.00024375
-.000199219
-.000223437
-.000188281
-.000194531
-.000207031
-.000196094
-.000163281
-.000192969
-.000139062
-.000171094
-.000208594
-.000177344
-.000164062
-.000130469
-.00011875
-.0001625
-.000107031
-.00014375
-.000130469
-.000114062
-9.84374e-05
-.000116406
-9.92187e-05
-.00011875
-.000103125
-.000103906
-8.35937e-05
-8.74999e-05
-6.01562e-05
-5.46874e-05
-7.89062e-05
-8.51562e-05
-5.23437e-05
-3.82812e-05
-3.51562e-05
-1.01562e-05
-3.35937e-05
-3.28124e-05
-2.57812e-05
-2.34365e-06
2.73438e-05
1.09376e-05
9.3751e-06
-1.01562e-05
-2.34374e-05
-2.65624e-05
-2.03124e-05
-3.90624e-05
-4.14062e-05
7.81345e-07
-1.56249e-05
-2.65624e-05
-1.56249e-05
-2.03124e-05
1.87501e-05
-7.8124e-06
-1.56249e-05
-2.96874e-05
-6.2499e-06
-3.90615e-06
1.09376e-05
-5.23437e-05
-5.23437e-05
-7.18749e-05
-2.96874e-05
-3.59374e-05
-5.31249e-05
-6.24999e-05
-7.57812e-05
-8.43749e-05
-8.51562e-05
-6.87499e-05
-.000116406
-8.04687e-05
-.000108594
-9.45312e-05
-8.43749e-05
-.000114844
-.000103125
-.000114844
-9.45312e-05
-8.82812e-05
-8.28124e-05
-.000135156
-.000167969
-.000117969
-.000146094
-.000135156
-.000132812
-.000121094
-.000128906
-.000136719
-.00016875
-.000141406
-.000145312
-.000157031
-.000135937
-.000160156
-.000170312
-.000151562
-.0001625
-.00018125
-.000219531
-.000217187
-.000217969
-.000197656
-.000225781
-.000217969
-.000224219
-.000235937
-.000204687
-.000207031
-.00023125
-.000175781
-.000180469
-.000208594
-.000188281
-.000219531
-.000195312
-.000219531
-.0002125
-.000228906
-.000204687
-.000217969
-.000214062
-.000225
-.00020625
-.000197656
-.000199219
-.000165625
-.000171875
-.000164844
-.000205469
-.000196094
-.000204687
-.000195312
-.000221094
-.000192969
-.000200781
-.0001875
-.00016875
-.000152344
-.0001625
-.000148437
-.000134375
-.000110156
-9.53124e-05
-.000110156
-.0001125
-.000110156
-.000139844
-9.37499e-05
-.000121094
-.000140625
-.000101562
-.00014375
-.000110937
-.000103906
-8.51562e-05
-8.59374e-05
-9.84374e-05
-8.35937e-05
-6.79687e-05
-5.62499e-05
-6.01562e-05
-5.93749e-05
-5.93749e-05
-7.65624e-05
-.000102344
-5.39062e-05
-6.24999e-05
-4.76562e-05
-4.37499e-05
-2.89062e-05
3.1251e-06
-4.60937e-05
-2.10937e-05
-7.34374e-05
-4.84374e-05
-4.29687e-05
-4.76562e-05
-7.10937e-05
-4.60937e-05
-4.45312e-05
-4.60937e-05
-2.49999e-05
-3.12499e-05
-3.28124e-05
-4.21874e-05
-3.35937e-05
-3.98437e-05
-7.18749e-05
-3.59374e-05
-3.51562e-05
-6.24999e-05
-6.40624e-05
-4.76562e-05
-5.15624e-05
-1.64062e-05
-3.51562e-05
-5.31249e-05
-6.48437e-05
-5.62499e-05
-3.82812e-05
-6.40624e-05
-6.64062e-05
-2.10937e-05
-7.03124e-05
-7.89062e-05
-7.18749e-05
-7.42187e-05
-7.65624e-05
-6.24999e-05
-7.18749e-05
-8.20312e-05
-8.51562e-05
-.000117187
-.000111719
-.000146094
-.000103125
-.000102344
-.000108594
-.000126562
-.000138281
-9.84374e-05
-.00010625
-.000120312
-.000148437
-.000167187
-.000147656
-.000189062
-.000167187
-.000170312
-.000160937
-.000185937
-.000199219
-.000213281
-.000165625
-.000161719
-.00018125
-.000197656
-.000189844
-.000185156
-.000199219
-.000202344
-.0002125
-.000246875
-.000226562
-.00023125
-.000246875
-.000226562
-.000228906
-.00018125
-.0001875
-.000192969
-.000232812
-.000175781
-.00021875
-.000233594
-.000210937
-.000214844
-.000225
-.000239062
-.000214062
-.000235156
-.000238281
-.000191406
-.000179687
-.000227344
-.0002
-.000222656
-.000228125
-.0002125
-.00021875
-.000184375
-.000185156
-.000184375
-.000150781
-.000153125
-.000180469
-.000178125
-.000182031
-.000196094
-.000163281
-.000204687
-.000160937
-.000103906
-.000167187
-.000164062
-.000160937
-.000167969
-.000130469
-.000139844
-.00015
-8.98437e-05
-.000114062
-.000132812
-.000125781
-.000170312
-.000151562
-.0001125
-.000121094
-.000147656
-.000127344
-.00015
-.000121875
-.000111719
-.000103906
-.000101562
-8.74999e-05
-6.32812e-05
-9.37499e-05
-.000121094
-.000129687
-9.99999e-05
-8.35937e-05
-9.53124e-05
-4.99999e-05
-6.64062e-05
-8.51562e-05
-6.95312e-05
-.000109375
-7.81249e-05
-7.03124e-05
-5.07812e-05
-4.06249e-05
-3.74999e-05
-1.95312e-05
-5.78124e-05
-6.79687e-05
-8.98437e-05
-8.12499e-05
-6.71874e-05
-8.12499e-05
-4.60937e-05
-6.64062e-05
-4.06249e-05
-4.21874e-05
-8.51562e-05
-9.84374e-05
-6.64062e-05
-8.67187e-05
-4.99999e-05
-2.18749e-05
-5.70312e-05
-4.29687e-05
-4.53124e-05
-7.81249e-05
-7.65624e-05
-9.21874e-05
-7.10937e-05
-7.57812e-05
-7.03124e-05
-5.23437e-05
-5.54687e-05
-8.98437e-05
-9.76562e-05
-.000103906
-.000107812
-.000129687
-.000107812
-.000138281
-.000115625
-.000132812
-.000130469
-.000127344
-.000110156
-.000132812
-.000114844
-.000116406
-.000173437
-.000153125
-.000167969
-.000194531
-.000194531
-.000182812
-.000204687
-.000196875
-.000185937
-.000145312
-.000167187
-.000194531
-.000142969
-.00016875
-.00016875
-.000189062
-.000164844
-.000145312
-.000205469
-.000171875
-.000214844
-.000201562
-.000173437
-.000164062
-.000157031
-.000147656
-.000157812
-.00020625
-.000215625
-.000207812
-.000210937
-.000199219
-.000203125
-.000226562
-.000228906
-.000207812
-.000227344
-.000207812
-.000178125
-.000175781
-.000164062
-.000165625
-.00015
-.000186719
-.000164062
-.000189844
-.000189844
-.000145312
-.000153906
-.000183594
-.000167187
-.000135937
-.000178906
-.000140625
-.000177344
-.000130469
-.000164844
-.000107031
-.000134375
-.000169531
-.000157031
-.000124219
-.000153906
-.000145312
-.000153125
-.000135937
-.000120312
-.000123437
-8.35937e-05
-.000135937
-.000149219
-.000135156
-.000127344
-.000146875
-.000128125
-.000149219
-9.14062e-05
-7.65624e-05
-.000103906
-.000110937
-.00013125
-.000110156
-.000120312
-.000111719
-.000104687
-.000110937
-.000105469
-9.37499e-05
-7.49999e-05
-9.68749e-05
-7.18749e-05
-7.18749e-05
-7.42187e-05
-8.74999e-05
-7.03124e-05
-8.90624e-05
-6.48437e-05
-7.65624e-05
-9.14062e-05
-9.06249e-05
-.000103906
-7.34374e-05
-5.07812e-05
-3.35937e-05
-4.06249e-05
-6.64062e-05
-7.65624e-05
-9.21874e-05
-.000107031
-9.37499e-05
-.000103906
-8.20312e-05
-.000119531
-.000127344
-.000136719
-.000121875
-.000124219
-.00011875
-.000114062
-.000140625
-.000135156
-.000147656
-.000153125
-.000151562
-.000127344
-.000119531
-9.37499e-05
-.000117969
-9.60937e-05
-.0001375
-.000146875
-.000132031
-.000140625
-.000148437
-.000164062
-.000150781
-.000136719
-.000161719
-.000157812
-.000184375
-.000144531
-.000171094
-.000148437
-.000160937
-.00011875
-.000116406
-.000135156
-.000148437
-.000138281
-.000100781
-.000114062
-.000132031
-.000104687
-.00011875
-.000120312
-.000126562
-.000120312
-.000171875
-.000149219
-.0001375
-.0001375
-.000135156
-.000148437
-.000128125
-.000139844
-.000100781
-.000157031
-.000127344
-.000146875
-.000139062
-.000135937
-.00014375
-.00014375
-.000121094
-.000107031
-.000102344
-.000121094
-.000133594
-.000122656
-.000125
-.000110156
-.000146094
-.000136719
-.000123437
-.000129687
-.000152344
-.000136719
-.000142187
-.000132031
-.000145312
-.000141406
-.000138281
-.000135937
-.000139062
-.000124219
-.000123437
-.000108594
-.000104687
-.000139844
-.0001375
-.000101562
-.000129687
-.000100781
-.000128906
-.000111719
-.00014375
-.000124219
-.000147656
-.000159375
-.0001625
-.000141406
-.000107031
-.000111719
-.000120312
-.000117969
-.000126562
-.000117187
-.0001375
-9.84374e-05
-6.95312e-05
-8.12499e-05
-7.10937e-05
-9.84374e-05
-7.26562e-05
-.000113281
-8.82812e-05
-.000108594
-7.89062e-05
-8.28124e-05
-6.64062e-05
-.000103125
-9.06249e-05
-6.79687e-05
-7.89062e-05
-.000109375
-.00011875
-9.92187e-05
-.000110937
-.000132031
-.000135156
-.000128906
-.000128906
-.000130469
-.000107031
-.000121875
-.000114844
-.000145312
-7.65624e-05
-.000110156
-8.51562e-05
-9.92187e-05
-.000114062
-.000146875
-.000115625
-.00015
-.000135156
-.000121875
-.000114062
-.000103906
-9.14062e-05
-7.18749e-05
-.000116406
-9.14062e-05
-.000120312
-.000128906
-.000185937
-.000132031
-.000110937
-.000115625
-.000153906
-.000167969
-.000129687
-.0001375
-.000121094
-.000155469
-.000146875
-.000120312
-.000114844
-.000125781
-.000135937
-9.99999e-05
-.000123437
-.000133594
-.000132031
-.000121875
-.000142969
-.000145312
-.000163281
-.000189844
-.000175781
-.000159375
-.000103125
-.00013125
-.000157031
-.000148437
-.000184375
-8.28124e-05
-.000159375
-.000157812
-.000166406
-.000146094
-.0001875
-.000153125
-.000149219
-.000141406
-.000165625
-.000142969
-.000158594
-.000140625
-.000114844
-.000147656
-.000146094
-.000126562
-.000110937
-.000149219
-.000146875
-.000154687
-.000160156
-.000172656
-.000200781
-.000152344
-.000161719
-.000138281
-.000128125
-.000125
-.0001375
-.000139844
-.000142969
-.000139844
-.000139062
-.000119531
-.000142969
-.000105469
-.000128125
-.000135937
-.000125781
-.000150781
-.000149219
-.000171094
-.0001625
-.000164844
-.000132031
-.000150781
-.000152344
-.000153125
-.000149219
-.000172656
-.00011875
-.000130469
-9.99999e-05
-.000117969
-.000104687
-.000136719
-.000128125
-.000141406
-.000140625
-.000135937
-.000136719
-.000139844
-.00011875
-.000107031
-.000100781
-.000147656
-.000119531
-.000129687
-.000136719
-.000116406
-9.29687e-05
-.00011875
-.000122656
-.000109375
-.000135937
-.000121094
-.000164844
-.00011875
-.000139844
-.000123437
-.00011875
-.000119531
-.000167187
-.000119531
-.000134375
-.00014375
-9.60937e-05
-6.95312e-05
-9.76562e-05
-.000111719
-.000101562
-9.45312e-05
-.000107812
-.000132031
-.000117969
-.000144531
-.000138281
-.00013125
-.0001125
-.000123437
-.000108594
-.000128906
-.000138281
-.000174219
-.000173437
-.000124219
-.000109375
-.000110937
-.000136719
-.000121094
-.000128906
-.000132031
-.000142969
-.000107031
-9.06249e-05
-.000102344
-.000128125
-.000117187
-.000122656
-.000121094
-8.98437e-05
-.000105469
-.000136719
-.000124219
-.000136719
-.00010625
-.000129687
-.00015625
-.000186719
-.000151562
-.000154687
-.000165625
-.000203906
-.00016875
-.000179687
-.000167969
-.00015625
-.000157812
-.000153125
-.000152344
-.000129687
-.000125
-.000166406
-.000142969
-.000142969
-.00015625
-.000176562
-.000152344
-.000174219
-.000163281
-.000192187
-.000189844
-.000163281
-.000167969
-.000180469
-.00016875
-.000166406
-.000142187
-.000146875
-.000150781
-.000144531
-.00015
-.000146094
-.0001375
-.000146094
-.000163281
-.00015
-.000139062
-.0001625
-.000182031
-.000141406
-.000117969
-.00014375
-.000133594
-.000135937
-8.67187e-05
-.000113281
-.000126562
-.000134375
-.000153125
-.000157031
-.000170312
-.000161719
-.000149219
-.000160937
-.000152344
-.000136719
-.000124219
-.000139844
-.000110156
-.000134375
-.000117969
-.00014375
-.000132031
-9.06249e-05
-7.26562e-05
-.000121094
-.00014375
-.000141406
-.000110156
-.000119531
-.000124219
-.000148437
-.000132031
-9.06249e-05
-.000121094
-.00013125
-.000164062
-.000121094
-.0001375
-.00013125
-.000139062
-.000135937
-.000152344
-9.29687e-05
-9.60937e-05
-.000100781
-9.60937e-05
-7.73437e-05
-9.92187e-05
-9.45312e-05
-.000111719
-6.79687e-05
-5.70312e-05
-7.18749e-05
-8.98437e-05
-6.24999e-05
-4.53124e-05
-6.01562e-05
-9.37499e-05
-8.43749e-05
-8.12499e-05
-7.18749e-05
-.000100781
-8.98437e-05
-9.14062e-05
-.000109375
-.000130469
-.000115625
-.00010625
-8.12499e-05
-8.12499e-05
-6.71874e-05
-8.59374e-05
-.000107031
-9.68749e-05
-.000107812
-.000107812
-.00011875
-.000107812
-.000113281
-.000107031
-.000113281
-.000121875
-9.84374e-05
-6.87499e-05
-.000103906
-.000127344
-.000129687
-.000125781
-.000135937
-.00011875
-.000121875
-.000123437
-.000121094
-8.59374e-05
-.000105469
-.000110156
-.000102344
-.000115625
-7.65624e-05
-.000128125
-.000154687
-.000142187
-.000129687
-.000128906
-.000105469
-.000110937
-9.99999e-05
-.000113281
-9.45312e-05
-.000160937
-.000146094
-.000126562
-.000148437
-.000109375
-.000108594
-.000107031
-.00018125
-.000141406
-.000124219
-.000159375
-.000153906
-.000149219
-.000128906
-.000157812
-.000185156
-.000157812
-.000145312
-.000148437
-.000178906
-.000182031
-.000145312
-.000158594
-.000147656
-.000139062
-.000142187
-.000152344
-.000151562
-.000155469
-.000160156
-.000163281
-.000171875
-.000147656
-.00016875
-.000154687
-.000101562
-.000167187
-.000109375
-.000125
-.00015
-.000160937
-.000207812
-.000188281
-.000161719
-.00015625
-.000142969
-9.99999e-05
-.000145312
-.000175781
-.000173437
-.000196094
-.000136719
-.000142187
-.000121094
-.000124219
-9.99999e-05
-.000132812
-.000124219
-.000141406
-.000141406
-.000164844
-.000130469
-.000136719
-.000116406
-.000148437
-.000125
-.000139062
-.000161719
-.000144531
-.000161719
-.000136719
-9.99999e-05
-.000139062
-9.45312e-05
-.000111719
-.000117969
-.000176562
-.000107031
-.00010625
-.000115625
-.00011875
-9.60937e-05
-9.99999e-05
-.000117969
-.000125
-.000102344
-.000104687
-9.76562e-05
-.000121875
-9.14062e-05
-.000108594
-.000104687
-8.82812e-05
-8.90624e-05
-6.48437e-05
-9.45312e-05
-8.04687e-05
-7.49999e-05
-6.95312e-05
-.00010625
-9.99999e-05
-.000132031
-9.68749e-05
-.000110937
-.000117187
-8.28124e-05
-.000102344
-.000109375
-.000142187
-.000101562
-.000128125
-9.37499e-05
-.000145312
-8.35937e-05
-9.68749e-05
-9.99999e-05
-.000124219
-.000125
-.000105469
-.000124219
-.000125
-7.89062e-05
-8.43749e-05
-.0001375
-.000117187
-.000113281
-.000111719
-.000117187
-8.28124e-05
-8.20312e-05
-6.32812e-05
-9.53124e-05
-.000129687
-8.59374e-05
-.000104687
-.000103125
-.000139062
-.00013125
-.000117187
-9.14062e-05
-.00011875
-.000120312
-.000109375
-.000105469
-.000138281
-.000152344
-.000120312
-.000132031
-.000141406
-.000130469
-.000147656
-.00015
-.000114844
-7.26562e-05
-.000100781
-.000123437
-.000132812
-.000139062
-.0001125
-.000128906
-.000101562
-7.10937e-05
-.00014375
-.000130469
-.000133594
-.000141406
-.000119531
-.000149219
-.000141406
-.000110156
-.000103125
-.000127344
-.000127344
-.000115625
-.000107031
-.000116406
-.000142187
-.000130469
-.00015625
-.000125781
-.000119531
-.000115625
-.000151562
-.00015
-.000174219
-.000135156
-.000157031
-.000125781
-.000129687
-.000146094
-.000117187
-.000125
-.000146875
-.000134375
-.000128906
-.000113281
-.000130469
-.000140625
-.000158594
-.000157812
-.000135156
-.000144531
-.000136719
-.000164844
-.000157812
-.000160937
-.000128125
-.000136719
-.000113281
-.000132031
-.000136719
-.000135937
-.000159375
-.000175781
-.000124219
-.000142187
-.000128125
-.000130469
-.000124219
-.000116406
-.000167187
-.000152344
-.000147656
-.000120312
-.0001375
-.000103125
-.000122656
-.000128906
-.00014375
-.0001375
-.000126562
-9.53124e-05
-.000139062
-.000105469
-.000116406
-.000104687
-9.29687e-05
-.000100781
-8.67187e-05
-.000123437
-8.59374e-05
-.000103125
-.000110937
-.000104687
-.000100781
-9.29687e-05
-9.53124e-05
-8.43749e-05
-8.51562e-05
-.000113281
-8.59374e-05
-.000104687
-.000110937
-7.18749e-05
-6.87499e-05
-9.29687e-05
-.000117187
-.000128125
-.000105469
-.00010625
-.000117187
-8.74999e-05
-9.92187e-05
-.000116406
-.000102344
-9.68749e-05
-.000117187
-.0001125
-.000121094
-.000107812
-.000101562
-6.71874e-05
-.00013125
-.000120312
-.000116406
-.000119531
-.000104687
-.000101562
-.000103906
-8.98437e-05
-9.21874e-05
-6.17187e-05
-8.20312e-05
-.000101562
-.000103125
-.000128906
-.000126562
-.000114844
-.000103906
-.000135937
-.000150781
-.000126562
-.000132812
-.000100781
-8.59374e-05
-.000111719
-9.84374e-05
-.000104687
-.000111719
-.000154687
-.000170312
-.000113281
-9.68749e-05
-.000110937
-.000114062
-.000121094
-.00015
-.000129687
-.00013125
-.000138281
-.000146875
-.000107812
-7.57812e-05
-.000157812
-.000125
-.000124219
-.000122656
-.000114062
-9.37499e-05
-.000115625
-.000126562
-.000139062
-.000134375
-.000128906
-.000175781
-.000157031
-.000128125
-.000136719
-.0001375
-8.43749e-05
-.000134375
-.000117187
-.000167187
-.000128906
-.00013125
-.000107812
-.000117187
-.000128125
-.000129687
-.000119531
-.000123437
-.00013125
-.000125781
-.000123437
-.000142969
-.000103125
-.000144531
-.000146875
-.00014375
-.00015
-.000138281
-.000152344
-.000142969
-.000113281
-.00015625
-.0001375
-.000136719
-.000132812
-8.74999e-05
-.0001125
-.000117187
-.000120312
-.000108594
-.000126562
-.000123437
-.00013125
-.000153125
-.000165625
-.000144531
-.000139062
-.000128125
-.000135156
-.000139062
-.00013125
-.000114062
-9.06249e-05
-.000109375
-7.57812e-05
-9.99999e-05
-.000104687
-.000126562
-8.28124e-05
-.000105469
-.000117187
-.00014375
-.000135937
-.000154687
-.000124219
-.000105469
-.000141406
-.000132031
-.000128906
-.000139844
-8.67187e-05
-6.95312e-05
-.000124219
-.000108594
-.00010625
-.000128906
-.000142187
-.000116406
-.000128125
-.000123437
-.000133594
-.000116406
-.00014375
-.000116406
-.000142187
-.000138281
-.00011875
-.000119531
-.000121094
-.000146094
-.000120312
-.000120312
-.00014375
-.00013125
-.0001375
-.00014375
-.000158594
-.000138281
-.000107031
-.000123437
-.000147656
-.000142187
-9.84374e-05
-.000148437
-.000145312
-.000121875
-.000103906
-9.76562e-05
-7.57812e-05
-.000108594
-.000126562
-.000147656
-.000115625
-.000132031
-8.28124e-05
-9.37499e-05
-7.42187e-05
-.000111719
-.000117187
-9.68749e-05
-.000119531
-.000121094
-9.99999e-05
-8.28124e-05
-.000107812
-.000107031
-.000129687
-.000113281
-9.99999e-05
-.000132812
-9.68749e-05
-8.28124e-05
-6.64062e-05
-9.76562e-05
-9.99999e-05
-.000108594
-.000127344
-.000111719
-8.90624e-05
-9.45312e-05
-.000117969
-.000103906
-8.51562e-05
-.000114062
-.000117187
-.000124219
-.000132031
-.000145312
-.0001375
-.000140625
-.000134375
-.000138281
-.000150781
-.000122656
-.000139844
-.000153906
-8.98437e-05
-.000114062
-.000145312
-.000124219
-.000104687
-8.82812e-05
-8.98437e-05
-.000107031
-8.04687e-05
-7.26562e-05
-.00010625
-8.12499e-05
-.000144531
-.000128125
-.000101562
-.000120312
-.000129687
-.000105469
-.000128906
-.000124219
-.000132031
-.000125781
-.000117187
-.000135156
-.000136719
-.000147656
-.000167969
-.000136719
-.000140625
-.000119531
-.000110937
-9.60937e-05
-9.76562e-05
-.000104687
-.000128125
-.000126562
-.000140625
-.000154687
-.000109375
-.000148437
-.000157031
-.000192969
-.000141406
-.000135937
-.000121875
-.000102344
-.000139844
-.000129687
-.000172656
-.000152344
-.000149219
-.00015
-.000149219
-.00015
-.000134375
-.00014375
-.0001375
-.000141406
-.00014375
-.000139062
-.000150781
-.000142187
-.00013125
-.000155469
-.000120312
-.000117187
-.000128906
-.000104687
-.000110937
-.000132812
-.000108594
-.000108594
-.000100781
-.000128906
-.000164062
-.000132812
-.0001625
-.000148437
-.000114844
-.000121094
-.000116406
-.000109375
-.000141406
-.000150781
-.000152344
-.000153125
-.000140625
-.000144531
-.000164062
-.000136719
-.000154687
-.000136719
-.000113281
-.000133594
-.000155469
-.000120312
-.000149219
-.000128125
-.000103906
-8.98437e-05
-.00014375
-.000165625
-.000189062
-.000158594
-.000132031
-.000132031
-.00013125
-9.21874e-05
-.000102344
-.000130469
-.000145312
-.000110937
-8.43749e-05
-.000102344
-.000132812
