5000
2.e-09
500
.500122
-.000139062
-.000189844
-.000160937
-.000158594
-.000175781
-.000142969
-.000153125
-.000116406
-.000125
-.000121094
-.000113281
-.000148437
-.000128906
-.000121875
-.000155469
-9.68749e-05
-.000124219
-.000154687
-.000200781
-.000191406
-.000151562
-.00015
-.000155469
-.000128906
-.000171094
-.000150781
-.000189062
-.000170312
-.00014375
-.000182812
-.000150781
-.000146875
-.000145312
-.000130469
-.000150781
-.000155469
-.000166406
-.000180469
-.00015625
-.00018125
-.000161719
-.000149219
-.00016875
-.000144531
-.000178125
-.000155469
-.000139844
-.000121875
-.000116406
-.000110937
-.000136719
-.000147656
-.000128906
-.000142969
-.000160937
-.000161719
-.000133594
-.00016875
-.000115625
-.000111719
-.000124219
-.000115625
-.000132031
-.000121875
-.000120312
-.000152344
-.000140625
-.000150781
-.000123437
-9.76562e-05
-.000107031
-.000100781
-.000135156
-.000115625
-.000116406
-.000138281
-.000126562
-.000155469
-.00011875
-.000124219
-.000151562
-.000135156
-.000125
-.000128125
-.000107031
-.000119531
-.0001125
-.00013125
-.000109375
-.00015625
-.000119531
-.000127344
-.000133594
-.000125
-.000124219
-.000142969
-.00011875
-.000139062
-.000128906
-.000146094
-.000124219
-.000115625
-9.45312e-05
-9.53124e-05
-.000117969
-9.14062e-05
-.000123437
-.000171094
-.000127344
-.000171094
-.000175781
-.000121875
-.000130469
-.000115625
-.000135937
-.000182812
-.000153906
-.000138281
-.000124219
-.000171094
-.000148437
-.000153906
-.000146875
-.000122656
-.000117969
-.000134375
-.000172656
-.000155469
-.0001625
-.0001875
-.000146875
-.000120312
-.000105469
-9.14062e-05
-.00010625
-.000113281
-9.84374e-05
-.000105469
-8.82812e-05
-.000114062
-9.68749e-05
-.00011875
-9.92187e-05
-8.20312e-05
-9.29687e-05
-9.84374e-05
-.000116406
-.000108594
-.000135156
-.000125781
-.000157031
-.00015625
-7.89062e-05
-.00015
-.000139844
-.000158594
-.000158594
-.000159375
-.000159375
-.000171094
-.000126562
-.000167969
-.000141406
-.000135937
-.000124219
-9.29687e-05
-.000139844
-.000121094
-.000135937
-.000127344
-.000130469
-.000135156
-.000134375
-.000142187
-.000145312
-.000138281
-.000157031
-.000142187
-.000139062
-.000128906
-.000119531
-.000127344
-.000110937
-.000164844
-.000146875
-.000185937
-.000151562
-.000178906
-.000166406
-.000166406
-.000161719
-.000127344
-.0001875
-.00019375
-.000165625
-.000130469
-9.68749e-05
-.000119531
-.000169531
-.000145312
-.000157031
-.000171875
-.000179687
-.000164844
-.000163281
-.000149219
-.000166406
-.000150781
-.000146875
-.000161719
-9.21874e-05
-.000111719
-.000114062
-.000113281
-9.37499e-05
-.000115625
-.000134375
-.000134375
-.000142187
-.000142187
-.000134375
-.000144531
-6.64062e-05
-.00010625
-.000134375
-.0001375
-.000126562
-.0001375
-.000140625
-.000160937
-.000144531
-.000135156
-.000132031
-.000107812
-.000119531
-.000134375
-.000135937
-.000142187
-.000161719
-.000178906
-.000153906
-.000167969
-.000153906
-.000164062
-.000195312
-.000182031
-.00016875
-.000147656
-.000153125
-.000132812
-.000132812
-.000157031
-.000121875
-.000123437
-.000125781
-.000133594
-.000132031
-.000132031
-.000116406
-.000129687
-.000129687
-.000149219
-.000110937
-.00010625
-.000135156
-.000149219
-.00010625
-.000119531
-.000126562
-.000115625
-.000157031
-.000158594
-.000180469
-.000171875
-.000147656
-.000164844
-.000160937
-.000159375
-.000135937
-.000132812
-.000144531
-.000122656
-.00015625
-.000111719
-.000134375
-.000132812
-.000120312
-.000157812
-.000163281
-.00016875
-.000139062
-.000166406
-.000167187
-.000147656
-.000160156
-.000149219
-.000121094
-.000120312
-.000135937
-.000110156
-.000124219
-.000136719
-.000101562
-.000128906
-.000152344
-.000139844
-.000110937
-.000124219
-.000157812
-.000149219
-.000154687
-.000170312
-.000161719
-.00014375
-.000125781
-.00014375
-.00015
-.000178906
-.000160937
-.000142969
-.000150781
-.000169531
-.000185937
-.000157031
-.000167969
-.000160156
-.000144531
-.000155469
-.000117187
-.000134375
-.000132031
-.000123437
-.000128125
-.00015625
-.000102344
-.000158594
-.000114844
-.000158594
-.000158594
-.000192969
-.0001625
-.00013125
-.000121094
-.000153906
-.000178125
-.000139062
-.00014375
-.000155469
-.000150781
-.000167969
-.000153125
-.000128906
-.000117969
-.000147656
-.000132031
-.000139062
-.000151562
-.00014375
-.000115625
-.000144531
-.000111719
-.000132812
-.000129687
-.000103125
-.000153125
-.000124219
-.00015625
-.000121094
-.000136719
-.000151562
-.000125
-.000109375
-.00014375
-.000140625
-.000167187
-.000154687
-.000166406
-.000164844
-9.76562e-05
-9.53124e-05
-.000119531
-.000123437
-.000177344
-.000136719
-.000139844
-.000126562
-.000146094
-.000111719
-.000125
-.000122656
-.000153125
-.000142187
-.00015625
-.0001125
-.000121094
-.000109375
-.000134375
-.000135156
-.000127344
-.000132031
-.000125
-.000145312
-.000133594
-.000129687
-.000154687
-.000147656
-.000130469
-.000107031
-8.28124e-05
-9.60937e-05
-.0001375
-.000139844
-.000171094
-.000174219
-.00015
-.000179687
-.000190625
-.000164062
-.00014375
-.000182812
-.00019375
-.000170312
-.000158594
-.00016875
-.000139844
-.000121094
-.000134375
-.000115625
-.000134375
-.00013125
-.000138281
-.000132031
-9.45312e-05
-.000132031
-.000139062
-.000142969
-.000144531
-.000125
-.000132812
-.000123437
-7.81249e-05
-.000123437
-6.56249e-05
-.000139062
-.000138281
-.000114062
-.000125781
-.000110156
-8.67187e-05
-.000100781
-.000115625
-9.92187e-05
-9.29687e-05
-.000138281
-.000147656
-.000144531
-.000139844
-9.84374e-05
-.000108594
-.000114062
-.000119531
-.000128125
-.00010625
-.000111719
-.000114844
-.0001125
-.000138281
-.000135156
-.000119531
-.000138281
-.000107812
-.000134375
-.000100781
-.000142187
-.000125781
-.000132812
-.000124219
-9.99999e-05
-.000117969
-.000123437
-.000117969
-.000159375
-.0001625
-.000130469
-.000146094
-.000132031
-.000117187
-9.60937e-05
-.000128125
-.000159375
-.000135156
-.000124219
-.000146094
-.000121875
-.00015625
-.000175
-.000128906
-.000136719
-.000122656
-.000140625
-.000134375
-.000125781
-.000144531
-.000126562
-.000182812
-.000142187
-.000127344
-.000126562
-.000144531
-.000151562
-.000164062
-.000171094
-.000158594
-.000145312
-.000128906
-.000110156
-.000103125
-.00015
-.000126562
-.000127344
-.000123437
-.000114844
-.0001375
-.000111719
-9.60937e-05
-.00014375
-.000148437
-.000138281
-.000177344
-.000123437
-.00013125
-.000150781
-.000124219
-.000146094
-.000157812
-.000148437
-.000149219
-.000179687
-.000167969
-.0001875
-.000175
-.000134375
-.000139844
-.000132031
-.000132812
-.000111719
-.00015625
-.000153906
-.000145312
-.000128125
-.000123437
-.00014375
-.00014375
-.000113281
-.000105469
-.0001125
-.000120312
-.000124219
-.0001125
-.000127344
-9.84374e-05
-.00010625
-.000126562
-.000128125
-.000108594
-9.60937e-05
-9.84374e-05
-.000108594
-.000104687
-.000114062
-.00011875
-.000107031
-9.92187e-05
-.000121875
-.000139844
-.0001375
-.000132812
-.000142969
-.000115625
-.000104687
-.000120312
-.000129687
-.000135156
-.000170312
-.000135156
-.000155469
-.000153906
-.000132812
-.000149219
-.000132812
-.000110937
-.000125781
-.00011875
-.0001375
-.000117969
-.000151562
-.000102344
-.000109375
-.000126562
-.000121094
-.000119531
-.00015
-.000152344
-.000144531
-.000153125
-.000138281
-.000135937
-.000130469
-.000139062
-.000129687
-.000160156
-.000140625
-.000128125
-7.34374e-05
-8.59374e-05
-.000145312
-.000133594
-.000114844
-.000120312
-.000117187
-.000127344
-.00013125
-.000138281
-.000117969
-.000121875
-.000135937
-.000135156
-.000142969
-.000148437
-.000125
-.000138281
-.000111719
-.00015625
-.000136719
-.000121094
-.0001375
-.000132031
-.000175
-.000153125
-.000174219
-.000161719
-.000160937
-.000160937
-.000120312
-.000159375
-.0001375
-.000108594
-.000149219
-.000175
-.000150781
-.000159375
-.000141406
-.000148437
-.000115625
-8.35937e-05
-.000133594
-.000104687
-.000124219
-.000105469
-.000171094
-.0001375
-.00018125
-.00015
-.000135937
-.000121094
-.000145312
-.000109375
-.000135156
-.00013125
-.000150781
-.000145312
-.000125781
-.000142969
-.000151562
-8.59374e-05
-.000111719
-.000121875
-.000127344
-.000135937
-.000153125
-.000138281
-.000140625
-.000147656
-.000125781
-.000182812
-.000177344
-.000151562
-.000149219
-.000122656
-8.74999e-05
-.000125781
-.000126562
-.000132031
-.000140625
-.000129687
-.000121875
-.000115625
-.000174219
-.000139844
-.000144531
-.000141406
-.000174219
-.000157812
-.000163281
-.000182812
-.000197656
-.000171875
-.000167187
-.000154687
-.000123437
-.000159375
-.000150781
-.000120312
-.000134375
-.00013125
-.000135156
-.000151562
-.000166406
-.000155469
-.000122656
-.000149219
-.000120312
-.000138281
-.000141406
-.000120312
-.000109375
-.000147656
-.000125781
-.00013125
-.000115625
-.000107812
-.000119531
-.000117969
-.000152344
-.000148437
-.000108594
-.000114062
-.000142969
-.000144531
-.000135156
-.000132812
-.000153125
-.000134375
-8.74999e-05
-.000124219
-.000127344
-.000133594
-.000133594
-.000120312
-.000110156
-7.89062e-05
-.000101562
-.000120312
-.0001375
-.000171875
-.000167187
-.000182812
-.000151562
-.000159375
-.000135937
-.000125
-.000108594
-.000132812
-.000128906
-.000147656
-.000157812
-.000172656
-.000160156
-.000182812
-.000157031
-.000161719
-.000117969
-.000108594
-.00010625
-.000107812
-.000125
-.000128125
-.000134375
-.00015625
-.000165625
-.000153125
-.00014375
-.000113281
-.00013125
-.000154687
-.000119531
-.000103906
-.000100781
-.000109375
-.000135156
-.000164844
-.000122656
-.000146094
-.000125781
-.000107031
-9.45312e-05
-9.53124e-05
-.000120312
-8.67187e-05
-.000102344
-8.51562e-05
-.000134375
-.000136719
-.000145312
-.000145312
-.000148437
-.000105469
-.000139844
-.000134375
-.000120312
-.00013125
-.000155469
-.000135937
-.000130469
-9.99999e-05
-.000129687
-9.14062e-05
-9.06249e-05
-.000120312
-.000164844
-.000146094
-.000166406
-.000171094
-.000153906
-.00015
-.000125781
-.000142187
-.000144531
-.000166406
-.000161719
-.000142187
-.000146875
-.000124219
-.000158594
-.000135937
-.000165625
-.000164844
-.000163281
-.000167969
-.00014375
-.000103125
-.0001375
-.000135937
-.000108594
-.000153906
-.000151562
-.000140625
-.000160156
-.000153906
-.000151562
-.000145312
-.000125
-.000141406
-.000141406
-.000133594
-.000129687
-.000132031
-.000119531
-.000142969
-.000153906
-.000123437
-.000124219
-9.68749e-05
-.000111719
-.000119531
-.000123437
-.000141406
-.00015625
-.000166406
-.000155469
-.00016875
-.000153906
-.00016875
-.000136719
-.000183594
-.000150781
-.000115625
-.000154687
-.000125781
-.000157812
-.000157812
-.000138281
-.0001375
-.00011875
-.000128125
-.000149219
-.000145312
-.000150781
-.000129687
-.000139844
-.000141406
-.000125781
-.000121875
-.000110937
-.000100781
-.000145312
-.000157812
-.000127344
-.00010625
-.000116406
-9.99999e-05
-.00011875
-.000134375
-9.99999e-05
-.000117969
-.000134375
-.000164844
-.000147656
-.000136719
-.0001375
-.000151562
-.000175781
-.000164062
-.000147656
-.000138281
-.000129687
-.000121875
-.000124219
-.000116406
-.000113281
-.000115625
-.000151562
-.000124219
-.000134375
-.000136719
-.00015625
-.00014375
-.000120312
-.00018125
-.000161719
-.000132812
-.00015625
-.000121094
-.000115625
-7.89062e-05
-.000111719
-8.74999e-05
-9.14062e-05
-.000125
-.000123437
-.000139844
-.000115625
-.000132031
-.000127344
-.000125
-.000128125
-.000119531
-9.53124e-05
-.00011875
-9.92187e-05
-.000102344
-.000125781
-.000102344
-.000110937
-.000146875
-7.65624e-05
-.000113281
-.000128906
-.000135156
-.000139844
-.000142969
-.000153125
-.000107031
-.000130469
-.000135937
-.000139062
-.000117969
-9.21874e-05
-.000110937
-.000113281
-.000130469
-.000146094
-.000150781
-.000140625
-.000146875
-.000164844
-.000127344
-.000158594
-.000124219
-.00014375
-.000144531
-.000129687
-.0001125
-.000144531
-.000154687
-.00013125
-.000124219
-.000109375
-.000124219
-.000125781
-.000128125
-.000146875
-.000165625
-.000140625
-.0001375
-.000127344
-.000146875
-.000133594
-.000157031
-.000142969
-.000124219
-.0001375
-.000139844
-.000149219
-.0001375
-.000121094
-.000139062
-.00015625
-.000146094
-.00015625
-.000161719
-.00015625
-.000145312
-.0001375
-.000150781
-.000160937
-.000149219
-.000159375
-.00016875
-.000152344
-.000164844
-.00015
-.000138281
-.000141406
-.000135937
-.000158594
-.000108594
-.000111719
-.000146875
-.000149219
-.000149219
-.000160156
-.000164062
-.000167969
-.000139844
-.000164844
-.000107031
-.000119531
-9.76562e-05
-.000133594
-.000139062
-.000144531
-.000114844
-.000135156
-.00010625
-.000132031
-.000127344
-.000144531
-.000135937
-.000120312
-.000115625
-.000125
-.000100781
-.00013125
-.000142969
-.000122656
-.000117187
-.000153906
-.000116406
-.000115625
-.000135937
-.00014375
-9.99999e-05
-.000115625
-.000133594
-.000142969
-.000154687
-.000133594
-.000135937
-.000159375
-.000170312
-.000145312
-.000151562
-.000155469
-.000164062
-.000132031
-.000134375
-.0001375
-.000140625
-.000130469
-.000125781
-.000152344
-.000157812
-.000132031
-.000115625
-.0001125
-.000126562
-.000121875
-.000151562
-.000155469
-.000155469
-.000136719
-.000152344
-.000159375
-.000138281
-.000164062
-.000117187
-.000166406
-.000148437
-.000152344
-.000132812
-.000157031
-.000141406
-.000158594
-.000135156
-.000135156
-.000130469
-.000129687
-.000134375
-.000159375
-.000125
-.000140625
-.000119531
-.000121875
-.000101562
-.000134375
-.000107031
-.000135937
-.000110937
-.000107031
-.000149219
-.000169531
-.000128125
-.00010625
-.000121094
-.000135156
-.000132812
-.000123437
-.000135937
-.000128125
-.000142187
-.000134375
-.000123437
-.000142187
-.000110156
-.0001125
-.000121875
-.000113281
-.000107812
-.000102344
-.000141406
-.000125781
-.000107031
-.000132812
-9.84374e-05
-8.98437e-05
-8.59374e-05
-9.92187e-05
-.000128906
-.000116406
-.000128125
-9.37499e-05
-.000111719
-8.12499e-05
-.000117187
-.000126562
-.000108594
-.000105469
-9.45312e-05
-.000109375
-.000100781
-.000122656
-.000125781
-.000103906
-.000136719
-.000141406
-.000142969
-.000160937
-.000138281
-.000129687
-.000102344
-.000108594
-.000140625
-.000125781
-.000117969
-.000139844
-.000119531
-.00014375
-.000142187
-.000139062
-.000120312
-.000150781
-.0001375
-.000146094
-.000125781
-.000134375
-.0001375
-.000126562
-.000130469
-.00011875
-.000144531
-.000145312
-.000158594
-.000164062
-.000150781
-.000130469
-.000123437
-.000117187
-.000128125
-.000144531
-.000169531
-.000164062
-.000144531
-.000140625
-.000130469
-8.74999e-05
-.000128906
-.000103906
-.000140625
-.000110937
-.000146094
-.000173437
-.000129687
-.000110937
-.000125781
-.000139844
-.000119531
-.000128125
-.000104687
-.000123437
-.000114062
-.000113281
-9.60937e-05
-.000117187
-.000124219
-.0001375
-.000155469
-.00013125
-.000132031
-.000121875
-.000121875
-.000121094
-.000126562
-.00014375
-8.67187e-05
-.00011875
-.00013125
-.000129687
-.000107031
-.000147656
-.000145312
-.000130469
-.000122656
-8.98437e-05
-.000117969
-.000119531
-.000144531
-.000155469
-.00015625
-.000149219
-.000129687
-.000128125
-.000154687
-.000130469
-.0001125
-.000144531
-.000147656
-.000171094
-.000121094
-.000155469
-.000103125
-.000132031
-.000121094
-.000166406
-.0001625
-.000139062
-.000128125
-.000146875
-.000132031
-.000125
-.000128125
-.00011875
-.000109375
-8.59374e-05
-.000125
-.000120312
-.000120312
-.000128125
-.000126562
-.000141406
-.0001625
-.000133594
-.000125
-.000102344
-8.20312e-05
-7.96874e-05
-.00011875
-.000119531
-.000110937
-.00011875
-9.29687e-05
-9.60937e-05
-.000134375
-.000158594
-.000145312
-.000152344
-.000101562
-.000130469
-.000122656
-.000114062
-.000133594
-.000126562
-.000111719
-.000127344
-.000105469
-.000122656
-.000123437
-.000138281
-.000116406
-.000139844
-.000160156
-.000117969
-9.37499e-05
-.000109375
-.000132812
-.00013125
-.000136719
-.000163281
-.0001375
-9.68749e-05
-8.51562e-05
-5.54687e-05
-9.29687e-05
-9.29687e-05
-.000128906
-.000134375
-.000135937
-.000126562
-.000123437
-.00013125
-.00011875
-.000164844
-.000115625
-.000114062
-.000130469
-.000134375
-.00015
-.000160156
-9.21874e-05
-.000125
-.00011875
-.000163281
-.000186719
-.000121094
-.000175781
-.000160156
-.000128906
-.000108594
-.00014375
-.000150781
-.000158594
-.000129687
-.000123437
-.000134375
-.000135156
-.0002
-.000139844
-.000132812
-.00014375
-.000164844
-.000141406
-.000151562
-.000124219
-.000107812
-.000119531
-9.92187e-05
-.000139844
-.000141406
-.000111719
-.000170312
-.0001375
-.000111719
-.000114844
-.0001125
-.000115625
-.000132031
-.000129687
-.000132031
-.000113281
-.000147656
-.00016875
-.000134375
-.000125
-.000154687
-.000132812
-.000122656
-.000125781
-.000122656
-.000136719
-.000134375
-.000110156
-.000133594
-.000146094
-.0001375
-.000110156
-.000146094
-.000142969
-.000141406
-.000153906
-.000160937
-.000129687
-.0001375
-.000132031
-.000149219
-.000142187
-.000150781
-.000160937
-.000157031
-.000114844
-.000141406
-.000113281
-.000115625
-.000159375
-.000117969
-.000139844
-.000102344
-.00011875
-.0001125
-9.60937e-05
-.000117187
-.000154687
-.000139062
-.000128906
-.000134375
-.000132031
-.00015625
-.000110937
-.000108594
-.000141406
-.000121875
-.000107812
-8.98437e-05
-9.45312e-05
-9.68749e-05
-.00014375
-.000129687
-.00011875
-.000117187
-.00011875
-.000146094
-.000146875
-.000163281
-.000166406
-.000151562
-.000142969
-.000158594
-.000171094
-.000161719
-.000144531
-.00011875
-.000153906
-.0001375
-.000117187
-.000164844
-.000141406
-.000122656
-.000130469
-.00016875
-.00013125
-.00014375
-.000128125
-.000160937
-.000153125
-.0001125
-.000171094
-.000141406
-.000155469
-.000107031
-.000138281
-.00011875
-.000107031
-.000108594
-.000136719
-.000152344
-.000110937
-.000139844
-.000145312
-.000129687
-.000103906
-.000123437
-.0001375
-.000113281
-.00013125
-.000150781
-.000129687
-.000132031
-.000142969
-.00011875
-.000132812
-.000110937
-8.74999e-05
-.000111719
-.000101562
-.000132031
-.000154687
-.000127344
-.000135156
-.000141406
-.000117969
-.00016875
-.000125
-.000134375
-.000134375
-.000127344
-.000167969
-.000157812
-.000154687
-.000148437
-.000108594
-.000135937
-.00011875
-.000110937
-.000110937
-.000110937
-.000125
-.000123437
-.000127344
-.000125781
-.000139062
-.000145312
-.00013125
-.000110937
-.00013125
-.000123437
-.000133594
-.000140625
-.000122656
-.000117969
-.000132031
-.000153125
-.000139844
-.000126562
-.000133594
-.000114062
-9.84374e-05
-.000136719
-.000138281
-.000135937
-9.53124e-05
-.000140625
-.000153906
-.000164844
-.0001625
-.000178125
-.000149219
-.00011875
-.000154687
-.000123437
-.0001375
-.000108594
-.000136719
-.00014375
-.000166406
-.000142187
-.0001125
-.000109375
-.000130469
-.000132812
-.000110937
-.000120312
-.000160156
-.000153906
-.000127344
-.00015
-.000146875
-.000132812
-.000139062
-.000135937
-.000142187
-.000141406
-.000134375
-.000128125
-.000141406
-.000114844
-.000117969
-.000129687
-.000116406
-.000144531
-.000167969
-.000115625
-.000126562
-.000169531
-.000121875
-.000104687
-.000121094
-.000142187
-.000107031
-8.59374e-05
-.000110156
-.000107031
-.000123437
-.000113281
-.000128906
-.000147656
-.000147656
-.000119531
-9.21874e-05
-.0001375
-.000126562
-.000160156
-.000159375
-.000208594
-.000191406
-.00015625
-.000142969
-.000146094
-.000128125
-.000140625
-.000122656
-9.60937e-05
-.000139062
-.000114844
-.000150781
-.00014375
-.000130469
-.000126562
-.000126562
-.000157812
-.000148437
-.000139062
-.000160156
-.000152344
-.000102344
-.00015
-.000110937
-.000147656
-.000124219
-.000124219
-.000141406
-.000135937
-.000125
-.000121094
-.000163281
-.000135937
-.000144531
-.000142969
-.000164062
-.000182031
-.000144531
-.000150781
-.000145312
-.000160937
-.00013125
-.000132812
-.000130469
-.000140625
-.000129687
-.000157812
-.00014375
-.000167187
-.000155469
-.000157812
-.000142969
-.000173437
-.00015625
-.000124219
-.000169531
-.000176562
-.00013125
-.00014375
-.000130469
-.000127344
-.000142187
-.000135937
-.000127344
-.0001375
-.000122656
-.000123437
-.000108594
-.000122656
-.000113281
-.000117969
-8.67187e-05
-9.45312e-05
-.000101562
-.000151562
-.000108594
-.000160156
-.000102344
-.000116406
-.000123437
-.000126562
-.000125781
-9.14062e-05
-.000129687
-.000101562
-.000150781
-.000121875
-.000144531
-.000103906
-.000114062
-.000107031
-.000114844
-.000124219
-.000148437
-.000145312
-.000146094
-.00011875
-9.53124e-05
-.000145312
-.000128125
-.000146094
-.000120312
-.000110937
-.000104687
-.000126562
-.000153125
-.000121875
-.000146094
-.000132031
-.000117969
-.000123437
-.000114062
-.000122656
-.000146094
-.000107812
-.000108594
-.000101562
-8.98437e-05
-9.21874e-05
-.000134375
-.000134375
-.000139844
-.000141406
-.000127344
-.000117969
-.000158594
-.000135937
-.00015
-.000154687
-.000135937
-.000142969
-.000126562
-.000129687
-.000127344
-.000125
-.000114062
-.000125781
-8.90624e-05
-.000107031
-9.99999e-05
-.000149219
-.000132812
-.0001375
-.000120312
-.000117187
-.000120312
-.000130469
-.000149219
-8.90624e-05
-.00010625
-.000111719
-8.51562e-05
-.000107031
-.000123437
-9.92187e-05
-.0001125
-.000102344
-.000104687
-.000134375
-.000120312
-.000158594
-.000144531
-.000122656
-.000134375
-.000142187
-.000127344
-.000158594
-.000160937
-.000207031
-.000174219
-.000164844
-.00014375
-.000130469
-.000149219
-.0001625
-.000154687
-.000144531
-.00015
-.000152344
-.000161719
-.000127344
-.000133594
-.000148437
-.000139062
-.000120312
-.000123437
-.000133594
-.000152344
-.000129687
-.000135156
-.000115625
-9.53124e-05
-9.45312e-05
-.000110156
-9.76562e-05
-.000148437
-.000140625
-.000119531
-.000150781
-.000125
-.0001625
-.000132812
-.000117969
-.000144531
-.000121094
-.000160156
-.000107812
-.000136719
-.000113281
-.000119531
-.000126562
-.00011875
-.000128906
-.000147656
-.000129687
-.000114062
-.000158594
-.000164844
-.000160937
-.000123437
-.000180469
-.000152344
-9.99999e-05
-.000119531
-.000117969
-.000139844
-.000141406
-.000133594
-.000150781
-.000175
-.000145312
-.000157031
-.000135156
-.000125781
-.000123437
-.000145312
-.000146875
-.000170312
-.000141406
-.000157031
-.000128125
-.000110937
-.000158594
-.000130469
-.000132031
-.000128906
-.0001125
-9.29687e-05
-.000121094
-.000104687
-.000125781
-.000157031
-.000145312
-.000120312
-.000117187
-.000121094
-.000104687
-.000111719
-.000108594
-9.45312e-05
-.000114062
-.000124219
-.000139844
-.000180469
-.000148437
-.000180469
-.000175781
-.000155469
-.000136719
-.000140625
-.000122656
-.000155469
-.000155469
-.000163281
-.000157031
-.000160156
-.000127344
-.000132031
-.000102344
-.000123437
-.000124219
-.000139844
-.000120312
-.000102344
-9.37499e-05
-8.35937e-05
-.000107812
-.000153906
-.000160156
-.000140625
-.000159375
-.000164844
-.000153906
-.000103906
-.000135937
-.000100781
-9.84374e-05
-.000126562
-.000126562
-.000135156
-.000151562
-.000164844
-.000171094
-.000185156
-.000182031
-.000189844
-.000179687
-.000151562
-.000115625
-.00011875
-.000127344
-.000154687
-.000171094
-.00015625
-.000125
-.00010625
-.000126562
-.000124219
-.000128125
-.000104687
-.000119531
-.000153125
-.000155469
-.000129687
-.000136719
-.000130469
-.000135937
-.000122656
-9.84374e-05
-.000129687
-9.37499e-05
-.000135156
-.000124219
-.000142187
-.000117969
-.000119531
-.000125
-.000152344
-.000182812
-.000178125
-.000160156
-.000151562
-.000107031
-.000132812
-.000125781
-.000142969
-.000160156
-.00014375
-.000132812
-.000123437
-.00013125
-.000141406
-.000149219
-.000124219
-.000135937
-.000144531
-.00014375
-.000154687
-.000165625
-.000153125
-.000149219
-.000142969
-.000126562
-.00010625
-4.53124e-05
-.000125781
-.000142187
-.00010625
-.0001125
-.000104687
-.000114844
-.000130469
-.000150781
-.000138281
-.000114062
-.000139062
-.000158594
-.000178906
-.000151562
-.000164844
-.000198437
-.000167969
-.000141406
-.000186719
-.000120312
-.000132031
-.000110156
-.000161719
-.000140625
-.000157812
-.000132031
-.000192187
-.000146094
-.000155469
-.0001625
-.000132812
-.000132812
-.00014375
-.000144531
-.000145312
-.000147656
-.000155469
-.000135156
-9.45312e-05
-.000150781
-.000154687
-.00014375
-.000120312
-.000121875
-.000142969
-.000128906
-.000117969
-5.70312e-05
-.000103125
-.000107031
-.000117969
-.000136719
-.000110156
-.000129687
-.000134375
-.00011875
-.000165625
-.000151562
-.000127344
-.000139062
-.000176562
-.000164844
-.000153125
-.000123437
-.000132031
-.000160156
-.000139062
-.000148437
-.000120312
-.000110937
-.000114844
-.000103125
-9.68749e-05
-.000115625
-.00010625
-.000107812
-.000142187
-.000114844
-9.68749e-05
-.000126562
-.000135937
-.000141406
-.000139844
-.000122656
-.000135937
-.000161719
-.000175781
-.00015625
-.000182812
-.000151562
-.000119531
-9.99999e-05
-.00010625
-.000115625
-.000116406
-.000128906
-.00010625
-.000126562
-.000147656
-.000114844
-.000116406
-.000125
-.0001125
-.000104687
-.00013125
-.0001375
-.000124219
-.000149219
-.000172656
-.000159375
-.000141406
-.000144531
-.000141406
-.000126562
-.000140625
-.000172656
-.000146094
-.000151562
-.000132812
-.000117187
-.000103906
-.000125781
-.000139062
-.000142187
-.000167969
-9.99999e-05
-.000122656
-.00014375
-.000178906
-.00015
-.000139062
-.000117969
-.00010625
-.000133594
-.000133594
-.000121875
-.000153125
-.000146094
-.00014375
-.000121094
-.000138281
-.000128906
-.000158594
-.000142187
-.000132031
-.000129687
-.000145312
-.000140625
-.000130469
-.000125781
-.000139844
-.000142187
-.00015625
-.000141406
-.000142969
-.00014375
-.000139062
-.000132031
-.000128906
-.00013125
-.000147656
-.000128906
-.000165625
-.000121875
-.000166406
-.000163281
-.000173437
-.00018125
-.000189062
-.000167187
-.000152344
-.0001375
-.000134375
-.000153906
-.000121875
-.00015625
-.000146875
-.00015
-.000109375
-.000129687
-.000125781
-.000120312
-.000152344
-.000128125
-.000139844
-9.06249e-05
-9.68749e-05
-.000127344
-.000142969
-.000153125
-.000128125
-.000158594
-.000134375
-.000117969
-.000146094
-.000115625
-.000116406
-.000113281
-.000130469
-.000114062
-.000125781
-.000132031
-.000142187
-.000120312
-.000100781
-.000139844
-.000121875
-.000141406
-.00015
-.000149219
-.000142187
-.000164844
-.000167187
-.000149219
-.000117969
-.000110937
-.000125
-.000139844
-.000150781
-.000129687
-.000142187
-.000129687
-.0001375
-.000120312
-.000157812
-.000157031
-.000157031
-.000159375
-.000160156
-.000145312
-8.43749e-05
-9.37499e-05
-9.29687e-05
-7.03124e-05
-6.40624e-05
-9.14062e-05
-.000129687
-.000132031
-.000129687
-.000135156
-.000157031
-.000126562
-.000115625
-9.60937e-05
-.000121875
-.000138281
-.000121094
-.000114844
-.00014375
-.000146094
-.000113281
-.00015625
-.000122656
-.000130469
-.000107031
-.000122656
-.000125781
-.00011875
-.000152344
-.000125781
-.000163281
-.00014375
-.000130469
-.00014375
-.000179687
-.000157031
-.000157031
-.000127344
-.000165625
-.000189844
-.000145312
-.000135156
-.000107031
-.000127344
-.000119531
-.000107812
-9.76562e-05
-.000107031
-.000116406
-.00010625
-.000130469
-.000132812
-.000145312
-8.98437e-05
-.000128125
-.000129687
-.000117187
-.00015
-.000138281
-.000151562
-.000129687
-.000125781
-.000103906
-.000125
-.000127344
-.000142187
-.000126562
-.000102344
-.000117187
-.000119531
-.000139844
-.000124219
-.0001375
-.000152344
-.000135156
-.000129687
-.000114844
-.000121875
-.000102344
-.000121875
-.000139844
-.000149219
-.000115625
-.000117969
-.000132031
-.00011875
-.000110156
-9.84374e-05
-.000126562
-.000117969
-.000121094
-.000139844
-.0001375
-9.29687e-05
-.000107031
-9.29687e-05
-.0001125
-.000132031
-.000128125
-.000146094
-.000105469
-8.67187e-05
-.000110937
-.000108594
-8.98437e-05
-.00010625
-.0001375
-.000155469
-.000142969
-.000138281
-.000147656
-.000160937
-.00015625
-.000176562
-.000174219
-.000161719
-.000147656
-.000105469
-9.37499e-05
-.000125781
-.000119531
-.000135156
-.000120312
-.000124219
-.000148437
-.000119531
-.000165625
-.000153906
-.000142969
-.000139844
-.000155469
-.000139844
-.00015
-.0001375
-.000120312
-.000114062
-.000102344
-.00011875
-9.68749e-05
-.000102344
-.000135937
-.000105469
-.000121875
-.000130469
-.000103125
-.000124219
-.00013125
-.000116406
-.000102344
-.000114844
-.000126562
-.000120312
-.000139844
-.000128125
-.000116406
-.000127344
-.000117187
-.000139844
-.000134375
-.000144531
-.000157031
-.000159375
-.00014375
-.000139062
-.000160937
-.000171875
-.000127344
-.000132031
-.000127344
-.000147656
-.00015
-.000147656
-.000161719
-.000153125
-.000138281
-.000111719
-9.60937e-05
-.00014375
-.000134375
-.000132031
-.000119531
-.000176562
-.000140625
-.000146094
-.000128906
-.000122656
-.000121875
-.000103125
-.000130469
-.000136719
-.000117969
-.00013125
-.000116406
-.00013125
-.000151562
-.000119531
-.000119531
-.000139844
-.000134375
-.000130469
-.000154687
-.000107812
-.000117187
-.0001375
-.000127344
-.000123437
-.000146875
-.000147656
-.000175781
-.000164062
-.000163281
-.000153906
-.000161719
-.000117969
-.000138281
-.000150781
-.000117187
-.000142969
-.000126562
-9.99999e-05
-.000138281
-.000146094
-.000134375
-.000117187
-.000117969
-.000108594
-9.60937e-05
-.000111719
-.000140625
-.000139844
-.000155469
-.000180469
-.0001375
-.000128125
-.000102344
-.000139062
-.000104687
-.000120312
-.000134375
-.000151562
-.000129687
-.000174219
-.000153125
-.00015
-.000140625
-.000141406
-.0001375
-.000121875
-.000116406
-.000132031
-.000136719
-.000152344
-.000127344
-.000141406
-.000152344
-.000155469
-.000163281
-.000141406
-.000171875
-.000127344
-.00015625
-.000128125
-.000150781
-.000157031
-.000140625
-.000127344
-8.51562e-05
-.000121094
-.000125781
-.000133594
-.000117969
-.00011875
-.00014375
-.000123437
-.000141406
-.000135156
-.000111719
-.000157031
-.000130469
-.000132812
-.000136719
-.000114062
-.000102344
-.000114062
-.000132812
-.000128906
-.000123437
-9.14062e-05
-.000135156
-.000117969
-.00011875
-.000129687
-.000115625
-.000142969
-.000122656
-.000121094
-.000127344
-.000138281
-.000153906
-.000125781
-.000130469
-.000135937
-.000103906
-.000124219
-8.67187e-05
-9.14062e-05
-.000114844
-.000135937
-.000103906
-.000129687
-8.04687e-05
-8.51562e-05
-.000114062
-.000117187
-7.96874e-05
-9.37499e-05
-.000103125
-.0001375
-.000108594
-.000122656
-.00011875
-.000146875
-.000146875
-.000161719
-.000134375
-.000147656
-.000152344
-.000123437
-.000132812
-.000115625
-.000141406
-9.45312e-05
-.000114062
-.00010625
-.00013125
-.00013125
-.000167969
-.000121094
-.000110937
-.000103906
-.000123437
-.000125781
-.000135937
-.000147656
-.000110937
-.000121094
-.000127344
-8.98437e-05
-.000124219
-.000123437
-.000139062
-.000139062
-.000132812
-.000128906
-.0001375
-.0001125
-.000121094
-.000139844
-.000175781
-.000151562
-.000127344
-.000116406
-.000103906
-.000132031
-.000111719
-7.89062e-05
-.000132812
-.000100781
-.000133594
-.000107031
-.000135156
-.000114062
-.000165625
-.000146094
-.000135156
-.0001375
-.000108594
-.00013125
-.000134375
-.000113281
-.000157031
-.000166406
-.000145312
-.000160156
-.000186719
-.000210156
-.000167187
-.000164844
-.0001625
-9.99999e-05
-.000126562
-.000101562
-8.90624e-05
-.000116406
-.000113281
-.000122656
-.0001125
-.000139844
-.00013125
-9.53124e-05
-8.59374e-05
-7.81249e-05
-9.06249e-05
-7.42187e-05
-9.37499e-05
-.000122656
-.000114062
-.000146875
-.000108594
-8.90624e-05
-.000107031
-.000105469
-9.84374e-05
-8.35937e-05
-7.49999e-05
-.00010625
-.000122656
-.000147656
-.000126562
-.000152344
-.000109375
-.000148437
-.000128906
-.000152344
-.000117187
-.000138281
-.00014375
-.00013125
-.000128906
-.000139062
-.000155469
-.000120312
-.000142187
-.000148437
-.00013125
-.000160156
-.000152344
-.000144531
-.000136719
-.000142969
-.000139844
-.000153125
-.000125
-.000122656
-.00013125
-.000158594
-.000139062
-.000107031
-.000146094
-.000151562
-.000119531
-.000125
-.000144531
-.000173437
-.000175781
-.000150781
-.000128906
-.000121094
-.000117187
-9.84374e-05
-.000119531
-.000142969
-.000120312
-.000140625
-.000136719
-.000138281
-9.99999e-05
-.000128125
-.000160937
-.000157031
-.000138281
-.000146094
-.000107031
-.000134375
-.000109375
-.0001125
-8.43749e-05
-8.90624e-05
-.000111719
-.000115625
-.000114844
-.000124219
-.000114062
-.000115625
-.000125781
-.000125
-.000129687
-.000130469
-.000146094
-.000142969
-.000123437
-.000117969
-.000133594
-.000128906
-.000132812
-.000123437
-.000145312
-.00013125
-.000150781
-.0001375
-.000160156
-.000157812
-.000138281
-8.90624e-05
-.000120312
-.000134375
-.000142187
-.000126562
-.000132031
-.000115625
-.000130469
-7.18749e-05
-.000132812
-8.35937e-05
-8.59374e-05
-7.10937e-05
-.000107031
-.000110156
-.000145312
-.0001375
-.0001375
-.000153906
-.000139844
-.000146875
-.000100781
-.000116406
-.000111719
-.000103906
-.0001375
-.000150781
-.000147656
-.000150781
-.000182812
-.000136719
-.000160937
-.00014375
-.000158594
-.000138281
-.000127344
-.000114062
-.000116406
-9.99999e-05
-.000125
-.000133594
-.000121094
-.000128125
-.000122656
-.000117969
-.000132812
-7.89062e-05
-.000100781
-5.85937e-05
-9.84374e-05
-7.73437e-05
-.000107031
-.000132812
-.000136719
-.000141406
-.000174219
-.000146094
-.000145312
-.000139844
-.000108594
-.000139844
-.00013125
-.000164062
-.000160937
-.000120312
-.000141406
-.0001125
-.000102344
-.000103125
-.000142969
-.000157031
-.000150781
-.000146094
-.000103125
-.000161719
-.000121094
-.000136719
-.0001375
-.000125781
-.000116406
-.000138281
-.000130469
-.000110937
-.000124219
-9.14062e-05
-.000108594
-.000107812
-.0001375
-.000117969
-.000122656
-.000110937
-8.90624e-05
-.000102344
-.000125
-.00013125
-.000101562
-9.45312e-05
-.000123437
-.00011875
-.000117187
-.000142187
-.0001375
-.000141406
-.00014375
-.000180469
-.000172656
-.000151562
-.000151562
-.00018125
-.000173437
-.000108594
-.000114844
-.000114062
-.000114062
-.00013125
-.000164062
-.000171875
-.000153906
-.000149219
-.000155469
-.000138281
-.000142187
-.000139844
-.000132031
-.000123437
-.000109375
-.000113281
-.000135156
-.000129687
-.000154687
-.000107812
-.000129687
-.000103906
-.000109375
-.000107031
-.000134375
-.000142187
-.000128125
-.00014375
-.000146875
-.000155469
-.000132031
-.000135156
-.000147656
-.000133594
-.000135156
-.000116406
-.000139062
-.000121094
-.000150781
-.00016875
-.00013125
-.000135156
-.0001375
-9.84374e-05
-.0001125
-.000136719
-9.60937e-05
-.000115625
-8.67187e-05
-.000107812
-.000120312
-.000126562
-.000154687
-.000110937
-8.74999e-05
-9.68749e-05
-9.14062e-05
-8.74999e-05
-.000113281
-.000113281
-8.59374e-05
-9.37499e-05
-9.60937e-05
-8.28124e-05
-8.43749e-05
-.000127344
-9.06249e-05
-.00010625
-9.06249e-05
-.000129687
-.00014375
-.000125
-.000150781
-.000152344
-.000151562
-.000154687
-.000150781
-.000133594
-.00010625
-.0001375
-.000123437
-.000110937
-.000110937
-.000121875
-.000103906
-.000126562
-.00010625
-.000167187
-.000142969
-.000138281
-.000145312
-.000126562
-.000150781
-.000140625
-.000100781
-8.51562e-05
-.000101562
-7.96874e-05
-7.42187e-05
-6.40624e-05
-6.87499e-05
-8.90624e-05
-.000107031
-.000140625
-9.29687e-05
-8.51562e-05
-.000103125
-.000135156
-.000114844
-.0001375
-.000114844
-.000108594
-.000111719
-7.73437e-05
-.000107031
-.000105469
-.000120312
-.000117969
-.000128125
-.000114844
-.0001375
-.000192969
-.000164844
-.000141406
-8.59374e-05
-.000132031
-.000103906
-.0001375
-.000107812
-.000146094
-.000115625
-.000117969
-.000124219
-.000139062
-.000116406
-.000133594
-.000100781
-9.99999e-05
-.000123437
-.000125
-.00014375
-.00015
-.000145312
-.000134375
-.000142187
-.000149219
-.0001125
-9.92187e-05
-.000115625
-.000117187
-.000144531
-.000146875
-.000128125
-.000157812
-.000150781
-.000145312
-.000132812
-.000151562
-.00014375
-.000160156
-.000163281
-.000148437
-.000155469
-.000123437
-.000149219
-.000142187
-.000144531
-.000176562
-.000139844
-.000148437
-.000121875
-.000129687
-.000113281
-.000139844
-.000122656
-.000121875
-.000149219
-.000144531
-.000171094
-.000179687
-.00014375
-.000147656
-.000164844
-.000128906
-.000145312
-.000121094
-.000116406
-.000175
-.000128125
-.000133594
-.000164844
-.000153125
-.000142969
-.000148437
-.000138281
-.000150781
-.000128125
-.000188281
-.000197656
-.000148437
-8.51562e-05
-.000128906
-.000129687
-.000135156
-.000133594
-.000155469
-.000139844
-.000167187
-.000133594
-.000127344
-.000101562
-9.68749e-05
-8.59374e-05
-9.68749e-05
-.000141406
-.000160937
-.000135937
-.0001125
-.000120312
-.000125781
-.000109375
-9.60937e-05
-.000142187
-.000121875
-.000122656
-.000117187
-.000117187
-9.84374e-05
-.000117187
-.000120312
-.000103125
-.000103906
-.000130469
-9.84374e-05
-.000111719
-.000128125
-.000122656
-.000135156
-.000146875
-.000153906
-.00015
-.000167969
-.000151562
-.000122656
-.000136719
-.000164062
-.000132812
-.000158594
-.00011875
-.000142187
-.000111719
-.000132031
-.000107812
-.000114844
-8.20312e-05
-9.60937e-05
-9.76562e-05
-8.28124e-05
-6.71874e-05
-4.60937e-05
-.000117969
-8.82812e-05
-.000102344
-.000159375
-.000133594
-.000157031
-.000142187
-.0001375
-.000145312
-.000114844
-.000122656
-.000109375
-.000108594
-9.14062e-05
-8.43749e-05
-8.74999e-05
-8.82812e-05
-.000109375
-9.29687e-05
-9.21874e-05
-9.45312e-05
-.000117187
-.000127344
-.000146094
-.000107031
-8.35937e-05
-.000103125
-.000120312
-.00013125
-.000110156
-8.98437e-05
-.00013125
-.000132812
-.000107812
-.000127344
-.000116406
-9.21874e-05
-.000114844
-.000104687
-.000111719
-.00010625
-.000138281
-.000127344
-.000111719
-.00010625
-9.99999e-05
-.000152344
-.000160156
-.000155469
-.000114062
-.000148437
-.000169531
-.000160937
-.000133594
-.000121094
-.000113281
-.000110937
-.000110156
-.000125
-.00013125
-.000126562
-.000110156
-.0001125
-.000121094
-9.53124e-05
-8.28124e-05
-.000103125
-.000128125
-.000132812
-.000136719
-.000141406
-.00010625
-9.53124e-05
-8.51562e-05
-.000110156
-.000125
-9.68749e-05
-.00010625
-8.04687e-05
-.000108594
-7.57812e-05
-9.29687e-05
-.0001125
-.000120312
-.000121875
-.00013125
-.000161719
-.000107031
-.000103125
-.000119531
-.000129687
-.000172656
-.00014375
-.000154687
-.000146875
-8.98437e-05
-.000128125
-.000108594
-9.76562e-05
-8.35937e-05
-8.90624e-05
-8.59374e-05
-.000133594
-.000115625
-.00015
-.00014375
-.0001625
-.000146875
-.00011875
-.0001125
-.000107812
-.000104687
-.000117969
-.0001125
-.000169531
-.000114844
-.0001125
-.000127344
-.00011875
-.000135156
-.000139844
-.000123437
-.000103906
-.000120312
-.00014375
-.000136719
-9.99999e-05
-.000114062
-.000128906
-.000119531
-.000125781
-.000110156
-.000123437
-.000138281
-.000124219
-.000113281
-.000110937
-.000130469
-.000108594
-.000148437
-.000158594
-.00013125
-.000110937
-.00011875
-.000105469
-.000161719
-.00015625
-.000163281
-.000141406
-.000135937
-.000139062
-.0001375
-.000125
-.000134375
-.000133594
-.000149219
-.000153125
-.000114062
-.00014375
-.00013125
-.000144531
-.000122656
-.000142969
-.000135156
-.000124219
-.000141406
-.000122656
-9.14062e-05
-.000109375
-9.37499e-05
-.000113281
-.000135156
-.000128125
-9.45312e-05
-.000132812
-.000128125
-.000153906
-.000127344
-.00015625
-.000167969
-.000163281
-.000113281
-.000159375
-.000151562
-.000135156
-.000157812
-.000108594
-9.84374e-05
-9.37499e-05
-9.84374e-05
-.000127344
-.000154687
-.000127344
-.000101562
-.000135156
-8.43749e-05
-8.35937e-05
-.000126562
-8.90624e-05
-8.67187e-05
-5.62499e-05
-8.43749e-05
-9.06249e-05
-.000126562
-.000136719
-.000117969
-.000114062
-.000120312
-.000119531
-.000142969
-.000136719
-.000140625
-.000170312
-.000149219
-.000140625
-.000147656
-.000174219
-.000153125
-.000169531
-.000164844
-.000174219
-.00014375
-.000136719
-.000124219
-.000159375
-.000178906
-.000152344
-.000125
-.0001375
-.000163281
-.000153906
-.000152344
-.000133594
-.000157812
-.000140625
-.000101562
-.0001375
-.000148437
-.000153125
-.000172656
-.0001375
-.000107812
-.000166406
-.000146094
-.000107031
-.000157031
-.000124219
-.000142969
-.000104687
-9.21874e-05
-.000140625
-.000132031
-.000113281
-.000140625
-.000149219
-.000116406
-.000125
-.000114844
-.000103125
-4.84374e-05
-9.06249e-05
-8.59374e-05
-9.45312e-05
-.000110937
-9.92187e-05
-.000138281
-8.74999e-05
-.000103125
-.000133594
-.000103906
-.000110937
-.000115625
-.000128906
-.000135156
-.000155469
-.000123437
-.000147656
-.000128906
-.000125781
-.000123437
-.000142969
-.000119531
-.000119531
-.000121094
-.000107031
-7.65624e-05
-7.81249e-05
-.000120312
-.000101562
-.000121094
-.00014375
-.000130469
-.000125
-.000136719
-.000125781
-.000110156
-.00013125
-.000135156
-.00013125
-.000121094
-8.51562e-05
-.00013125
-.000134375
-.000114062
-.000104687
-9.29687e-05
-.000110937
-.000138281
-.000134375
-.000152344
-7.96874e-05
-.000135156
-.000114062
-.000117187
-9.76562e-05
-.000110937
-7.73437e-05
-9.84374e-05
-9.45312e-05
-8.59374e-05
-.000125781
-.000147656
-.00019375
-.00018125
-.000133594
-.000142969
-.000160156
-.000110156
-.000133594
-9.92187e-05
-.000111719
-.000123437
-.000126562
-.000120312
-.000109375
-8.43749e-05
-9.92187e-05
-6.87499e-05
-8.59374e-05
-.000103125
-.000107812
-.000164844
-.00011875
-.000109375
-.000130469
-.000125781
-.000110156
-.000110156
-.000121094
-.000138281
-8.28124e-05
-.000127344
-.000101562
-9.14062e-05
-.000133594
-.00013125
-.000146094
-.000132812
-.000140625
-.00014375
-.000175
-.000171875
-.000163281
-.0001625
-.000196875
-.000144531
-.000140625
-.000130469
-.000121875
-.000126562
-.000160156
-.000128906
-.000116406
-.000102344
-.000110937
-.000148437
-.000127344
-.000139844
-.0001625
-.000172656
-.000161719
-.000135156
-.00013125
-.000157812
-.000153125
-.000120312
-.000124219
-.000121094
-.000116406
-.000110156
-.000123437
-.000110156
-.000116406
-.000115625
-.000130469
-.000122656
-.000130469
-.000134375
-.00011875
-.000132812
-.000135156
-.000113281
-.000111719
-8.98437e-05
-7.81249e-05
-7.49999e-05
-7.03124e-05
-7.73437e-05
-7.42187e-05
-.000108594
-.0001375
-8.82812e-05
-.000130469
-.000117187
-.000125
-.000177344
-.000167969
-.000125781
-.000157031
-.000133594
-.000116406
-.000124219
-9.84374e-05
-9.14062e-05
-.000107812
-.000125781
-.000132812
-.000129687
-.000148437
-.000151562
-9.92187e-05
-.000166406
-.000130469
-.000149219
-.000151562
-.000164062
-.0001625
-.000126562
-.000129687
-.000101562
-.000102344
-9.76562e-05
-.000126562
-9.45312e-05
-6.09374e-05
-.000128125
-8.28124e-05
-.000117969
-.000104687
-6.48437e-05
-9.53124e-05
-8.20312e-05
-.000105469
-.00010625
-.000140625
-.000151562
-.000136719
-.000121875
-.000135937
-.000121094
-.000132031
-.000151562
-.000113281
-.0001125
-.000132031
-.000117969
-9.68749e-05
-.000123437
-.000113281
-.000113281
-.000121094
-.000124219
-9.29687e-05
-.000141406
-.000146875
-.000147656
-.000147656
-.000146094
-.00011875
-.00015625
-.000116406
-.000117969
-.000146094
-.000170312
-.000133594
-.000138281
-.00015625
-.000136719
-.000147656
-.000169531
-.000160937
-.000157812
-.000171094
-.000139844
-.000126562
-9.84374e-05
-.000116406
-.000115625
-.000115625
-.0001375
-9.92187e-05
-.000130469
-.000122656
-.000135156
-.000113281
-.000125781
-.000121094
-9.76562e-05
-.000103125
-8.20312e-05
-.000100781
-.00011875
-9.45312e-05
-9.45312e-05
-9.06249e-05
-.0001125
-.000125781
-.000108594
-.000142969
-.000142187
-.000142187
-.000120312
-9.92187e-05
-6.79687e-05
-7.57812e-05
-9.06249e-05
-9.37499e-05
-.000123437
-.000121094
-.000122656
-.000139844
-.000128906
-.000154687
-.000183594
-.000154687
-.000150781
-.000135937
-.000141406
-.000164062
-.000152344
-.000105469
-.000104687
-.000101562
-.000113281
-.000109375
-9.84374e-05
-7.42187e-05
-.000108594
-9.68749e-05
-.000107812
-8.59374e-05
-.000160937
-.000115625
-.000140625
-.000159375
-.000170312
-.000135156
-.000157812
-.000116406
-.000111719
-.0001125
-.000148437
-.000125
-.000110156
-.00013125
-.000125781
-.000139062
-.000165625
-.000148437
-.000147656
-.000105469
-.000102344
-.000127344
-.000135937
-.000114844
-.00015
-.000161719
-.000120312
-.00013125
-.000153125
-.000138281
-.00016875
-.000125
-.000127344
-9.92187e-05
-9.53124e-05
-9.84374e-05
-9.45312e-05
-.00014375
-.000153906
-.000132812
-9.84374e-05
-.000107031
-.000124219
-.000116406
-9.21874e-05
-.000123437
-.000125781
-.000115625
-.000144531
-.000134375
-.000120312
-.000109375
-.000110156
-.000107812
-.0001125
-.000120312
-.000125781
-.000113281
-.000117187
-8.90624e-05
-.000101562
-.000136719
-.000117969
-.000132812
-8.98437e-05
-.000148437
-.000128906
-.000116406
-.000114844
-9.76562e-05
-.000100781
-.000138281
-.000115625
-.000141406
-8.20312e-05
-.0001125
-9.21874e-05
-9.37499e-05
-.000119531
-.000114844
-.000144531
-.00011875
-.000129687
-.000132031
-.000142969
-.000154687
-.000121094
-.000108594
-.000126562
-.00014375
-.000132812
-.000141406
-.000154687
-.000113281
-.000120312
-.000111719
-.00011875
-.000151562
-.000178125
-.00013125
-.000140625
-.000135156
-9.14062e-05
-7.81249e-05
-9.84374e-05
-.000111719
-.000109375
-.000136719
-.000152344
-.000124219
-.000132031
-.0001125
-9.29687e-05
-.000102344
-.000111719
-.000105469
-.000132812
-.000114844
-.000126562
-.000103125
-.000134375
-.000110937
-.000128125
-.000125
-.000158594
-.000135937
-.00013125
-.000141406
-.000169531
-.000147656
-.000149219
-.000142969
-.000134375
-.0001125
-.000114844
-8.82812e-05
-.000128125
-.000136719
-.000135937
-.000121094
-8.98437e-05
-.000107812
-.000101562
-.000101562
-.000128125
-.000115625
-.000128125
-.000139844
-.000110156
-.000102344
-8.51562e-05
-.000115625
-.000135156
-8.90624e-05
-.000119531
-6.56249e-05
-.000103125
-.000105469
-.000114062
-.000103125
-8.98437e-05
-9.21874e-05
-8.74999e-05
-.000115625
-.0001125
-.000114062
-9.76562e-05
-.000128125
-.000139062
-.000116406
-.000122656
-.0001125
-.000104687
-.000121094
-.000140625
-.000103906
-.000113281
-.000105469
-.000126562
-.000124219
-.000110156
-.000105469
-8.28124e-05
-.000120312
-.000102344
-9.76562e-05
-7.96874e-05
-.000132031
-.000107812
-.00014375
-.000160937
-.000165625
-.000139062
-.000122656
-.000146875
-.0001125
-.00014375
-.000114062
-.000114062
-8.35937e-05
-7.10937e-05
-.000130469
-9.68749e-05
-.000130469
-8.51562e-05
-.000144531
-.000132031
-.000164062
-.000122656
-.00016875
-.000166406
-.000151562
-8.35937e-05
-9.06249e-05
-9.60937e-05
-.000121094
-.00014375
-.000121094
-6.64062e-05
-.000115625
-.000100781
-.000107812
-.000103125
-.000103125
-.000100781
-.000115625
-.000117969
-.000114844
-.000122656
-.000139844
-9.21874e-05
-9.60937e-05
-8.90624e-05
-8.04687e-05
-8.82812e-05
-8.28124e-05
-8.82812e-05
-7.34374e-05
-.000116406
-.00010625
-.000117969
-9.68749e-05
-.000125781
-.0001125
-.000103125
-.000107812
-.000117969
-.000117187
-9.68749e-05
-.000121875
-.000115625
-.000136719
-.000113281
-.00013125
-.000114844
-.000101562
-.000110937
-9.92187e-05
-9.92187e-05
-9.84374e-05
-.000119531
-.000139062
-.000110937
-.0001125
-.000124219
-9.99999e-05
-7.89062e-05
-.000110937
-.000109375
-.000144531
-.000145312
-.000145312
-.000129687
-.000163281
-.000152344
-.000115625
-.000178906
-.000153906
-.000157812
-.000165625
-.000142187
-.000153906
-.000119531
-.000161719
-.000132812
-.000127344
-.000110156
-.000133594
-.000114844
-.000135937
-.000123437
-.000148437
-.000165625
-.000160937
-.000190625
-.000150781
-.00014375
-.000100781
-8.74999e-05
-.000153125
-.000135937
-.000123437
-.000104687
-.00010625
-8.20312e-05
-9.06249e-05
-.000107812
-8.74999e-05
-.00014375
-.000141406
-.000147656
-.000124219
-.000125781
-9.37499e-05
-.000111719
-.000125
-.000147656
-.000128125
-.000132812
-.000103125
-9.60937e-05
-8.98437e-05
-.000139062
-9.76562e-05
-.000126562
-.000129687
-.000114844
-.000129687
-.000139844
-.000126562
-.0001375
-9.68749e-05
-.000129687
-.000107812
-.000124219
-.000125
-.000132812
-.000127344
-.000121094
-.00014375
-.000126562
-9.29687e-05
-9.84374e-05
-9.84374e-05
-.0001375
-.000158594
-9.76562e-05
-.000134375
-.0001375
-.000125781
-.000111719
-.000150781
-.000125
-.000111719
-.0001375
-.000133594
-.000116406
-.000139062
-.000135156
-.000119531
-.00014375
-.000125781
-.000132031
-.000138281
-.000128906
-.000145312
-.000153125
-.000139062
-.000151562
-.000139844
-.0001125
-.000109375
-.0001125
-.000124219
-.000127344
-7.65624e-05
-.000111719
-.000104687
-.000117969
-.000125781
-.000121875
-9.92187e-05
-.000126562
-.000145312
-.000124219
-.0001125
-.0001125
-.000123437
-.000154687
-.000117187
-.000122656
-.000110937
-.000117969
-.000108594
-.000142969
-.000105469
-.000151562
-.00011875
-.000127344
-9.60937e-05
-9.99999e-05
-.000107031
-.000120312
-.000127344
-.000146094
-.000153906
-.000125781
-.00010625
-9.29687e-05
-.000148437
-.000140625
-.000142969
-.000139062
-.000114062
-.0001125
-.000121875
-.000113281
-.000122656
-.000145312
-.000153125
-.000114062
-.000123437
-.000105469
-.000158594
-.000123437
-.0001375
-.000115625
-.000122656
-.000111719
-.000100781
-.000114062
-.000128125
-.000128906
-.000148437
-.00013125
-.000135156
-.000146875
-.000132812
-.000125
-.00013125
-.000127344
-.000110937
-.000117969
-.000102344
-.000103125
-.000117969
-.000103906
-.000122656
-8.28124e-05
-.000108594
-9.06249e-05
-9.60937e-05
-.000126562
-.000110156
-.000103125
-9.76562e-05
-.000129687
-.000126562
-.000122656
-.000130469
-.000130469
-.000110156
-8.04687e-05
-8.90624e-05
-7.49999e-05
-9.60937e-05
-9.99999e-05
-.000110156
-7.96874e-05
-.000100781
-.000109375
-.000116406
-.000120312
-.000123437
-.000151562
-.000141406
-.000110156
-8.90624e-05
-.000120312
-.00011875
-.000141406
-.000153906
-.000135156
-.00011875
-.000125781
-.000127344
-.0001375
-.000176562
-.000146094
-.000171094
-.00015625
-.000125
-.000135937
-.000128906
-.000170312
-.000133594
-.00014375
-.000104687
-7.42187e-05
-9.37499e-05
-9.29687e-05
-.000116406
-.000115625
-8.90624e-05
-.000130469
-.000159375
-.000149219
-.000182812
-.000171094
-.000152344
-.000103125
-.000135937
-.000105469
-.0001125
-.000132031
-.000128906
-.00014375
-.000150781
-.000158594
-.000142187
-.000128906
-9.84374e-05
-.00011875
-.000115625
-.000108594
-.000124219
-.000157812
-.000136719
-.000123437
-.000114062
-.000126562
-9.21874e-05
-.00011875
-.000115625
-.000103906
-.000121094
-.000136719
-.000100781
-.000115625
-.000114844
-.00011875
-8.90624e-05
-.000124219
-.0001125
-9.21874e-05
-.000126562
-.00011875
-.000135937
-.000121094
-.000146094
-.0001375
-.000132031
-.00010625
-.000120312
-.00011875
-9.14062e-05
-.000111719
-6.71874e-05
-.000111719
-.000109375
-9.84374e-05
-.000142187
-.000132031
-.000160937
-.000140625
-.000134375
-.000146875
-.000128125
-.000125781
-.000114062
-8.20312e-05
-8.35937e-05
-.000105469
-9.45312e-05
-.000136719
-.000120312
-.000145312
-.000114062
-.000102344
-.0001375
-.000128906
-.000135937
-.000125
-9.37499e-05
-.000109375
-.000133594
-.000119531
-.000114844
-.000110156
-.000134375
-.000169531
-.000172656
-.000157031
-.000125
-.000127344
-.000142969
-.000121875
-.000117187
-.000114062
-.000101562
-9.99999e-05
-8.59374e-05
-.000103906
-.000104687
-.000102344
-.000116406
-.000109375
-.000110937
-.000138281
-.000128906
-.00011875
-.000115625
-.000121875
-9.84374e-05
-.000117187
-.000123437
-.000121094
-9.29687e-05
-7.42187e-05
-8.04687e-05
-9.60937e-05
-8.35937e-05
-8.67187e-05
-.000113281
-.000138281
-.000170312
-.000139062
-.000139062
-.000102344
-.000114844
-.000142969
-.000153125
-.00013125
-.000123437
-.000125
-.000121875
-.000110156
-9.29687e-05
-8.74999e-05
-.000103125
-.000105469
-.000132812
-.000142969
-.000110156
-.000107812
-.000103906
-.000100781
-.000126562
-.000134375
-9.99999e-05
-.000124219
-.00013125
-.000135156
-.000133594
-.000117187
-.000153125
-.000121094
-8.51562e-05
-9.84374e-05
-8.90624e-05
-.0001125
-.000122656
-9.60937e-05
-8.74999e-05
-9.53124e-05
-.000153125
-.000125
-.000149219
-.000149219
-.000145312
-.000107031
-.00013125
-9.45312e-05
-.000110937
-.000120312
-.000134375
-.000100781
-.000113281
-.000128906
-.0001375
-.000123437
-.000151562
-8.28124e-05
-.000100781
-.000153906
-.000136719
-.000139844
-.000110156
-.000114062
-.000110937
-.000109375
-9.76562e-05
-8.59374e-05
-.000105469
-.000135156
-.000111719
-.000115625
-.000110937
-.00015
-.000135156
-.000133594
-.000110156
-.000129687
-.000132031
-.000114844
-.000132031
-.000103125
-.000113281
-.000105469
-8.59374e-05
-.00010625
-.000133594
-8.90624e-05
-9.92187e-05
-.000129687
-.000133594
-.000128906
-.000105469
-.000141406
-.00013125
-.000111719
-.000114062
-9.76562e-05
-9.84374e-05
-8.28124e-05
-8.59374e-05
-7.42187e-05
-.000132031
-.000136719
-.000124219
-.000100781
-9.06249e-05
-8.28124e-05
-.000111719
-.000129687
-.0001125
-.000135937
-.000121875
-.000169531
-.00014375
-.000157031
-.000146875
-.000147656
-.000139062
-.000150781
-.000149219
-.000155469
-.000139844
-.000101562
-9.53124e-05
-8.67187e-05
-6.32812e-05
-8.74999e-05
-4.53124e-05
-.000114844
-8.59374e-05
-9.99999e-05
-7.34374e-05
-.000116406
-.00013125
-.000117187
-.000149219
-.000121094
-.000149219
-9.21874e-05
-.000115625
-.000120312
-.000148437
-.000124219
-.000130469
-.000165625
-.000167969
-.000144531
-.000154687
-.000161719
-.000160156
-.00011875
-.000130469
-.000142187
-.000141406
-.000160937
-.0001875
-.000151562
-.000135156
-.000150781
-.00015625
-.000157812
-.000148437
-.000140625
-.000158594
-.000153906
-.000136719
-8.28124e-05
-.000100781
-.000105469
-8.90624e-05
-.000153906
-.00010625
-.000113281
-.000126562
-.000148437
-.000161719
-.000127344
-.000121094
-.000132031
-.000127344
-.000139844
-.000113281
-.000102344
-7.10937e-05
-.000103125
-.0001125
-8.90624e-05
-8.51562e-05
-.00010625
-9.92187e-05
-.000107031
-.000159375
-.000123437
-.000125781
-.000139062
-.000133594
-.000157812
-.000142969
-.000154687
-.000152344
-.000121875
-.000117969
-.000121875
-.000134375
-.000132031
-.000128906
-.000124219
-.00011875
-.000121875
-.000103906
-9.29687e-05
-9.29687e-05
-.000125
-9.21874e-05
-.000114062
-.000134375
-9.68749e-05
-.00010625
-.000119531
-.000110156
-.000133594
-.000153125
-.000119531
-.000141406
-.000146094
-.000154687
-.000176562
-.000175781
-.00014375
-.000152344
-.000146875
-.0001125
-.000129687
-.000114062
-.000138281
-.000130469
-.000136719
-.00015
-.000151562
-.000151562
-.000153906
-.000130469
-.000135937
-.000113281
-.000107812
-.000110156
-.000102344
-8.04687e-05
-9.84374e-05
-.000108594
-9.99999e-05
-.000109375
-.00010625
-7.57812e-05
-9.60937e-05
-.000125
-9.14062e-05
-.0001375
-.000133594
-.000163281
-.000155469
-.000125781
-.000150781
-.000161719
-.000153125
-.000147656
-.000104687
-9.21874e-05
-.000114062
-.000132031
-.000142969
-9.76562e-05
-.000122656
-.000105469
-.000135156
-.000140625
-.000107031
-.000107031
-.000147656
-.000107812
-.000128906
-.000139062
-.000105469
-.000136719
-9.84374e-05
-7.03124e-05
-.000116406
-.000148437
-.000127344
-.000117969
-.000139062
-.000104687
-.000117969
-.000125781
-.000148437
-.000153125
-.00013125
-.000132031
-9.37499e-05
-.000110937
-7.73437e-05
-.000124219
-7.89062e-05
-.000100781
-9.29687e-05
-.000114844
-.000100781
-.000130469
-.000111719
-.000110937
-.000129687
-.000110156
-.000114844
-.000103906
-.000121094
-.000108594
-.000121094
-.000167969
-.000121875
-.000102344
-.000107031
-.00011875
-.000111719
-.000134375
-.0001125
-.000139844
-.000142187
-.000110937
-.000104687
-.000109375
-9.92187e-05
-9.53124e-05
-.000125
-.000114062
-.00010625
-.000120312
-.000110937
-8.82812e-05
-.000107031
-.000128906
-.000114844
-.000126562
-.00010625
-.000132812
-8.90624e-05
-9.60937e-05
-.000102344
-.0001375
-.000134375
-.000130469
-.000152344
-.000140625
-.000101562
-9.60937e-05
-.000104687
-.000142187
-.000128906
-.00013125
-.000121875
-.00011875
-.000110937
-.000107812
-.000132812
-.000130469
-.00014375
-.000145312
-.000103906
-.000139062
-.000152344
-.000127344
-.000146875
-.000103906
-.000115625
-9.14062e-05
-9.14062e-05
-8.43749e-05
-.000100781
-.000144531
-9.29687e-05
-.000103125
-7.26562e-05
-.000128906
-.000102344
-.000114062
-.000128125
-.000142187
-.000146094
-.000117187
-.0001125
-7.26562e-05
-.000108594
-.000127344
-.000140625
-.000155469
-.000122656
-.000121875
-.000146094
-.000149219
-.000138281
-.000153906
-9.53124e-05
-.000138281
-.000155469
-.000157812
-.000135937
-.0001375
-8.67187e-05
-.000110937
-.000105469
-.000110937
-.000108594
-.000123437
-.000107031
-.000125
-.000110937
-.000128125
-.000125
-.000128125
-9.99999e-05
-.000148437
-.00010625
-9.06249e-05
-.000115625
-.000139062
-.000119531
-.000157031
-.00014375
-.000116406
-.000141406
-.000135937
-.000135937
-.000129687
-.000142969
-.000117187
-.000125
-.000120312
-.000110937
-.000132031
-.000157031
-.00015
-.000108594
-.000116406
-.000120312
-8.28124e-05
-.0001375
-.000120312
-.00015625
-7.89062e-05
-.0001375
-.000136719
-.000153906
-.000138281
-.000139844
-.000121094
-.000134375
-.0001125
-.000117969
-.000110937
-.000121094
-.000105469
-.000123437
-.000146875
-8.28124e-05
-8.67187e-05
-.000103125
-7.34374e-05
-.000114062
-.000124219
-.000113281
-.000117969
-9.53124e-05
-.000151562
-.000153125
-.000117187
-.000140625
-.000121094
-.000117969
-.000114062
-.00010625
-.000116406
-.000133594
-.000114844
-.000104687
-.00015625
-.000146094
-.000128125
-.000142187
-.000139844
-.000155469
-.000127344
-.000133594
-.000117187
-.000122656
-6.79687e-05
-9.84374e-05
-.000111719
-.000108594
-9.53124e-05
-.000119531
-.000117969
-.000102344
-.000136719
-.000117187
-.000110156
-.000123437
-.000102344
-.000128906
-5.31249e-05
-6.40624e-05
-8.59374e-05
-.00011875
-.000132031
-.000126562
-.000100781
-9.84374e-05
-9.45312e-05
-.000102344
-.000117187
-.00015
-.0001375
-.000145312
-.000128125
-.000107031
-9.60937e-05
-.00011875
-.000126562
-.000121875
-.000105469
-.000127344
-.00013125
-.000142187
-.000155469
-.000142187
-.000113281
-8.20312e-05
-9.76562e-05
-.000117969
-.000113281
-.000123437
-.000111719
-.000123437
-.000129687
-.000149219
-.000132031
-.000160937
-.000113281
-.00010625
-.000139844
-.000123437
-.000117187
-.000147656
-.000110156
-.000155469
-.000142187
-.000153906
-.000114844
-.000139844
-.000110156
-8.43749e-05
-.000109375
-.000126562
-.000126562
-.0001375
-.000141406
-.000185937
-.000121875
-.000113281
-9.84374e-05
-.000103906
-.000103906
-.000153125
-.000109375
-.000123437
-.000142969
-.000130469
-.000116406
-.000114844
-.000116406
-9.21874e-05
-.000164844
-.000146875
-.000133594
-9.84374e-05
-8.43749e-05
-9.53124e-05
-8.98437e-05
-7.26562e-05
-7.81249e-05
-.000100781
-.0001125
-.000111719
-.000115625
-.00014375
-.000125781
-.000142969
-.000128906
-.000159375
-.0001375
-.000121875
-.000127344
-.000129687
-.000147656
-.0001375
-.00015625
-.000146094
-.0001375
-.000148437
-.0001125
-.000125
-.000123437
-.000117969
-.000107812
-.000155469
-.000105469
-.000159375
-.000165625
-.000134375
-.0001375
-.000160156
-.000164062
-.000144531
-.000145312
-.000108594
-9.37499e-05
-.000113281
-.000129687
-.000124219
-8.90624e-05
-.000145312
-8.74999e-05
-.000157031
-.000145312
-.000126562
-.000103125
-9.76562e-05
-8.82812e-05
-.000144531
-.000129687
-.000133594
-.000124219
-.000125781
-.000128125
-.000102344
-.000127344
-.000125781
-.000150781
-.000141406
-.000102344
-.000123437
-.000121094
-.000149219
-.000132812
-.000125
-.000110937
-.000132031
-.000121094
-.000125781
-.000146094
-.000105469
-.000130469
-.000114844
-.000110156
-.000103125
-.000101562
-.000128906
-.000103125
-.000142969
-.000144531
-.000153906
-.00011875
-.000148437
-8.74999e-05
-.000100781
-.000107812
-.000128125
-.000116406
-.000107031
-9.14062e-05
-.000114062
-8.82812e-05
-.000110937
-.000113281
-8.43749e-05
-.000114062
-9.29687e-05
-9.76562e-05
-.00011875
-8.82812e-05
-.000117187
-8.67187e-05
-7.96874e-05
-.000110156
-.000122656
-.000124219
-.000147656
-.000164062
-.000127344
-.000135156
-.000117969
-.000146875
-.000116406
-8.90624e-05
-.000117187
-.000105469
-9.53124e-05
-.000117187
-.000159375
-8.59374e-05
-.000107812
-.000116406
-9.99999e-05
-.00011875
-.000121875
-.000148437
-.000104687
-.000133594
-.000121094
-.000175
-.000166406
-.000171875
-.000121875
-.00014375
-.000139844
-.000148437
-.000129687
-.00015
-.000125781
-.000128906
-.000110937
-9.92187e-05
-.000108594
-.000124219
-.000126562
-.000123437
-.000107812
-.000119531
-7.89062e-05
-.000119531
-9.92187e-05
-.000167969
-.000133594
-.000133594
-.000128906
-.000152344
-8.67187e-05
-8.35937e-05
-9.99999e-05
-9.60937e-05
-9.21874e-05
-.000102344
-.000127344
-.00010625
-.000139062
