5000
2.e-09
500
.478882
.000106251
6.25008e-05
-3.43742e-05
6.56258e-05
.000106251
7.50008e-05
-4.37492e-05
-6.87492e-05
-5.31242e-05
7.18758e-05
2.81258e-05
.000131251
7.18758e-05
-1.56242e-05
6.56258e-05
8.12508e-05
-8.74992e-05
-2.49992e-05
-3.12492e-05
-4.06242e-05
4.68758e-05
4.06258e-05
-1.56242e-05
9.68758e-05
.000134376
.000106251
.000125001
.000103126
6.25076e-06
-6.24992e-05
-4.37492e-05
-5.31242e-05
1.56258e-05
7.18758e-05
4.37508e-05
-6.24924e-06
2.81258e-05
-7.18742e-05
-5.31242e-05
.000100001
.000109376
7.50008e-05
-6.24924e-06
-9.68742e-05
3.75008e-05
7.81258e-05
7.81258e-05
3.12576e-06
-2.49992e-05
-4.06242e-05
5.93758e-05
9.68758e-05
.000134376
2.81258e-05
-9.37424e-06
1.56258e-05
-1.24992e-05
-5.62492e-05
-.000106249
8.12508e-05
.000134376
5.93758e-05
4.68758e-05
6.25008e-05
5.31258e-05
.000112501
9.37508e-05
4.68758e-05
7.62939e-10
1.87508e-05
6.25008e-05
5.00008e-05
7.81258e-05
.000118751
9.06258e-05
-4.37492e-05
-3.12492e-05
2.18758e-05
.000140626
.000165626
.000112501
-3.74992e-05
2.18758e-05
8.75008e-05
7.50008e-05
3.12576e-06
6.25076e-06
5.62508e-05
.000159376
7.50008e-05
6.25076e-06
-5.62492e-05
3.43758e-05
.000100001
-6.87492e-05
-.000103124
-.000159374
-2.18742e-05
.000109376
.000109376
3.43758e-05
5.93758e-05
9.68758e-05
6.25008e-05
-4.06242e-05
2.50008e-05
-3.12424e-06
7.18758e-05
.000121876
1.25008e-05
2.81258e-05
-3.43742e-05
8.12508e-05
4.06258e-05
1.56258e-05
-8.12492e-05
2.81258e-05
2.81258e-05
2.81258e-05
-3.74992e-05
-3.12492e-05
.000100001
4.06258e-05
-9.37492e-05
-9.37492e-05
-.000118749
9.37576e-06
8.12508e-05
7.81258e-05
3.12576e-06
8.75008e-05
3.12508e-05
.000118751
-2.49992e-05
-3.12492e-05
2.18758e-05
-6.24924e-06
-9.37424e-06
8.43758e-05
.000187501
.000118751
1.56258e-05
-.000149999
-.000112499
-.000112499
3.43758e-05
-5.31242e-05
1.87508e-05
5.31258e-05
-1.87492e-05
8.12508e-05
8.75008e-05
-7.49992e-05
-4.68742e-05
-1.87492e-05
-8.12492e-05
-6.56242e-05
5.93758e-05
5.00008e-05
2.81258e-05
6.87508e-05
-5.62492e-05
-3.43742e-05
7.62939e-10
-1.56242e-05
-4.99992e-05
7.81258e-05
4.37508e-05
1.87508e-05
.000115626
9.37576e-06
7.81258e-05
.000118751
6.25008e-05
-2.18742e-05
-8.74992e-05
-9.37424e-06
-3.12492e-05
-3.12424e-06
-1.87492e-05
2.18758e-05
4.68758e-05
.000112501
4.37508e-05
-1.24992e-05
9.37576e-06
9.06258e-05
9.37508e-05
-7.18742e-05
-.000128124
-5.93742e-05
.000165626
8.12508e-05
-4.68742e-05
2.18758e-05
-3.12424e-06
8.12508e-05
5.31258e-05
-.000103124
-5.31242e-05
1.56258e-05
-2.81242e-05
-.000156249
-2.18742e-05
-4.99992e-05
.000175001
.000171876
.000112501
1.25008e-05
-4.99992e-05
-3.12424e-06
-8.12492e-05
-9.06242e-05
3.12576e-06
8.75008e-05
9.37576e-06
-4.68742e-05
-2.18742e-05
-7.49992e-05
6.25076e-06
7.62939e-10
-.000153124
-.000149999
-8.12492e-05
.000168751
3.43758e-05
3.43758e-05
1.25008e-05
6.25008e-05
3.75008e-05
-4.06242e-05
-9.37424e-06
7.81258e-05
7.50008e-05
2.81258e-05
-4.68742e-05
-4.06242e-05
-9.37424e-06
.000140626
8.75008e-05
-2.81242e-05
-4.37492e-05
-3.74992e-05
7.62939e-10
7.62939e-10
-3.12424e-06
-3.12492e-05
-5.31242e-05
-1.87492e-05
-.000103124
-9.37424e-06
2.18758e-05
5.00008e-05
.000118751
3.12576e-06
-3.12424e-06
.000115626
.000115626
.000153126
4.68758e-05
7.18758e-05
6.25076e-06
5.93758e-05
8.75008e-05
9.37576e-06
4.37508e-05
2.81258e-05
-4.68742e-05
-.000140624
-.000181249
-6.87492e-05
9.37576e-06
.000137501
.000134376
7.18758e-05
3.12576e-06
-4.68742e-05
-6.87492e-05
-3.43742e-05
-7.49992e-05
-4.06242e-05
-4.37492e-05
-4.06242e-05
-5.93742e-05
6.25008e-05
-2.81242e-05
1.56258e-05
-9.99992e-05
-4.06242e-05
2.81258e-05
.000162501
4.68758e-05
5.00008e-05
.000156251
9.37576e-06
-4.37492e-05
-4.99992e-05
-5.93742e-05
4.37508e-05
.000146876
9.37508e-05
.000143751
3.12576e-06
-2.81242e-05
-4.68742e-05
2.50008e-05
8.75008e-05
3.43758e-05
5.00008e-05
9.37576e-06
9.37508e-05
.000118751
.000125001
9.68758e-05
1.87508e-05
-.000149999
-.000103124
5.62508e-05
1.56258e-05
4.06258e-05
3.43758e-05
3.75008e-05
5.93758e-05
4.06258e-05
9.06258e-05
-3.74992e-05
3.43758e-05
2.50008e-05
2.81258e-05
5.31258e-05
9.37576e-06
7.18758e-05
4.68758e-05
1.87508e-05
-6.56242e-05
-8.74992e-05
-9.37424e-06
7.81258e-05
8.75008e-05
-6.24924e-06
9.37576e-06
-4.68742e-05
-2.81242e-05
-8.74992e-05
9.37508e-05
.000131251
.000121876
7.81258e-05
-3.43742e-05
3.12576e-06
9.06258e-05
.000112501
.000125001
4.37508e-05
9.37576e-06
9.37576e-06
-5.62492e-05
-2.81242e-05
-9.37424e-06
5.31258e-05
6.25076e-06
-6.24992e-05
-6.56242e-05
7.62939e-10
9.37576e-06
4.06258e-05
-2.81242e-05
-9.99992e-05
-7.49992e-05
1.25008e-05
8.43758e-05
2.50008e-05
6.56258e-05
5.62508e-05
7.81258e-05
-1.24992e-05
4.37508e-05
-5.93742e-05
3.12576e-06
.000137501
-6.24924e-06
-6.56242e-05
-1.24992e-05
4.37508e-05
3.75008e-05
1.25008e-05
7.50008e-05
.000121876
.000140626
9.06258e-05
2.81258e-05
-3.74992e-05
3.43758e-05
2.81258e-05
-8.74992e-05
-.000156249
-1.24992e-05
3.12508e-05
2.81258e-05
6.56258e-05
5.00008e-05
.000115626
.000128126
5.00008e-05
.000131251
2.18758e-05
9.06258e-05
-4.06242e-05
9.37508e-05
3.43758e-05
3.12508e-05
.000121876
.000112501
.000128126
-1.87492e-05
-2.49992e-05
3.12576e-06
3.12508e-05
.000100001
2.50008e-05
9.37508e-05
9.68758e-05
.000131251
-1.24992e-05
-1.56242e-05
7.18758e-05
8.12508e-05
6.25008e-05
3.12508e-05
-1.87492e-05
-1.56242e-05
-4.37492e-05
6.25076e-06
5.62508e-05
-3.12424e-06
6.87508e-05
.000171876
5.93758e-05
.000171876
5.93758e-05
6.87508e-05
1.25008e-05
-7.49992e-05
-1.56242e-05
4.06258e-05
7.50008e-05
6.87508e-05
.000109376
3.43758e-05
3.12508e-05
8.43758e-05
.000100001
7.18758e-05
-3.12492e-05
-5.62492e-05
-.000168749
-.000109374
-4.06242e-05
9.06258e-05
.000112501
-9.37424e-06
6.25076e-06
6.25076e-06
1.25008e-05
6.87508e-05
.000109376
.000125001
.000159376
.000168751
-4.37492e-05
1.56258e-05
1.25008e-05
.000181251
9.68758e-05
-4.37492e-05
-.000106249
8.75008e-05
3.75008e-05
3.12508e-05
2.81258e-05
4.06258e-05
1.87508e-05
5.62508e-05
-3.12492e-05
5.93758e-05
9.68758e-05
.000159376
1.87508e-05
-3.12492e-05
-.000137499
-6.24924e-06
-3.12424e-06
-1.87492e-05
-2.49992e-05
1.25008e-05
5.62508e-05
6.25008e-05
4.37508e-05
9.06258e-05
.000109376
.000109376
8.12508e-05
7.62939e-10
-4.37492e-05
7.81258e-05
.000187501
.000128126
-1.87492e-05
-7.49992e-05
-4.68742e-05
2.50008e-05
-4.06242e-05
-8.12492e-05
-9.37424e-06
5.62508e-05
7.18758e-05
9.37576e-06
-9.37424e-06
4.68758e-05
2.50008e-05
2.50008e-05
-4.06242e-05
-5.31242e-05
1.87508e-05
.000125001
.000218751
.000100001
.000143751
8.12508e-05
5.62508e-05
7.81258e-05
3.43758e-05
7.62939e-10
-7.18742e-05
2.81258e-05
-4.37492e-05
-3.12492e-05
2.18758e-05
2.50008e-05
8.12508e-05
2.18758e-05
4.06258e-05
2.81258e-05
2.18758e-05
3.12508e-05
6.56258e-05
7.18758e-05
-9.37424e-06
8.75008e-05
6.25076e-06
.000137501
6.87508e-05
9.06258e-05
6.87508e-05
-2.49992e-05
-4.68742e-05
6.25076e-06
.000115626
6.56258e-05
-2.49992e-05
-2.18742e-05
9.37508e-05
3.12576e-06
4.68758e-05
3.12508e-05
3.12508e-05
4.68758e-05
-5.31242e-05
-9.37424e-06
3.12576e-06
-8.43742e-05
5.00008e-05
9.68758e-05
5.93758e-05
-4.99992e-05
-7.81242e-05
-2.81242e-05
9.37576e-06
2.18758e-05
-1.24992e-05
7.81258e-05
-6.24992e-05
-9.68742e-05
-1.87492e-05
6.25076e-06
7.50008e-05
-2.81242e-05
2.50008e-05
3.12508e-05
5.62508e-05
5.00008e-05
-9.37424e-06
8.43758e-05
.000103126
-4.68742e-05
-8.43742e-05
-8.43742e-05
-3.43742e-05
.000131251
.000118751
.000181251
4.37508e-05
3.12508e-05
4.37508e-05
-3.74992e-05
-8.74992e-05
-4.68742e-05
-3.43742e-05
1.25008e-05
2.50008e-05
-1.87492e-05
.000118751
7.18758e-05
-6.87492e-05
-6.24992e-05
-.000128124
-6.24924e-06
9.06258e-05
.000165626
-4.68742e-05
-7.81242e-05
5.62508e-05
.000109376
4.37508e-05
-3.74992e-05
3.12508e-05
-4.06242e-05
-6.24924e-06
6.87508e-05
-9.06242e-05
-9.37492e-05
.000125001
9.37508e-05
1.56258e-05
3.75008e-05
5.00008e-05
.000134376
6.25008e-05
3.75008e-05
2.81258e-05
.000100001
4.06258e-05
-5.93742e-05
1.56258e-05
-1.56242e-05
7.62939e-10
7.50008e-05
-2.49992e-05
-4.37492e-05
4.06258e-05
9.68758e-05
.000153126
4.37508e-05
4.37508e-05
-9.37424e-06
7.62939e-10
-2.49992e-05
-9.37424e-06
4.06258e-05
2.18758e-05
9.37576e-06
3.12576e-06
-8.74992e-05
3.12508e-05
6.25008e-05
-3.43742e-05
7.50008e-05
-1.56242e-05
-1.24992e-05
3.12576e-06
3.12508e-05
.000121876
-3.74992e-05
2.18758e-05
-2.81242e-05
-9.99992e-05
-6.24924e-06
6.25008e-05
7.81258e-05
5.31258e-05
-2.18742e-05
-6.24924e-06
-2.81242e-05
6.25076e-06
5.93758e-05
.000137501
9.68758e-05
1.56258e-05
-.000112499
1.87508e-05
9.37576e-06
-2.18742e-05
-4.06242e-05
-.000131249
-9.37492e-05
-1.56242e-05
7.62939e-10
5.93758e-05
-4.06242e-05
2.81258e-05
1.25008e-05
-2.18742e-05
9.37576e-06
7.18758e-05
6.87508e-05
6.87508e-05
-1.56242e-05
-9.99992e-05
-7.18742e-05
-6.56242e-05
-3.74992e-05
-6.87492e-05
-1.56242e-05
-8.74992e-05
-3.12424e-06
3.43758e-05
5.93758e-05
7.62939e-10
-3.74992e-05
.000100001
1.87508e-05
-2.81242e-05
-.000134374
-3.43742e-05
8.43758e-05
-3.43742e-05
-9.37424e-06
-.000128124
-5.31242e-05
7.81258e-05
-1.24992e-05
-.000109374
2.50008e-05
-9.37424e-06
.000112501
.000109376
4.06258e-05
8.75008e-05
.000168751
.000118751
-7.18742e-05
-.000118749
-7.18742e-05
-4.68742e-05
8.12508e-05
-1.56242e-05
7.62939e-10
-2.81242e-05
4.37508e-05
6.56258e-05
-2.81242e-05
-1.87492e-05
-1.24992e-05
-3.43742e-05
-.000106249
-4.99992e-05
-1.24992e-05
7.50008e-05
.000109376
-9.99992e-05
-.000128124
-.000212499
-9.68742e-05
-.000103124
-.000103124
-6.87492e-05
3.12508e-05
.000181251
3.75008e-05
9.37576e-06
-7.18742e-05
3.75008e-05
2.50008e-05
3.12576e-06
-2.81242e-05
-.000128124
-7.18742e-05
-3.43742e-05
-6.24992e-05
-9.37424e-06
7.18758e-05
3.12576e-06
-3.43742e-05
6.25008e-05
6.25008e-05
-4.99992e-05
-.000153124
-.000156249
-.000187499
-.000109374
6.56258e-05
7.18758e-05
3.43758e-05
-6.56242e-05
2.18758e-05
-3.12424e-06
7.18758e-05
3.43758e-05
4.68758e-05
2.81258e-05
3.12576e-06
-4.37492e-05
3.12576e-06
3.75008e-05
3.12576e-06
4.68758e-05
.000121876
5.93758e-05
-4.37492e-05
-6.56242e-05
-4.68742e-05
-4.68742e-05
-3.12424e-06
-2.18742e-05
-2.18742e-05
-3.12492e-05
6.87508e-05
.000128126
4.37508e-05
-4.99992e-05
-5.93742e-05
-1.24992e-05
4.37508e-05
7.62939e-10
1.56258e-05
-5.93742e-05
5.93758e-05
2.81258e-05
5.93758e-05
4.06258e-05
1.56258e-05
9.68758e-05
-3.74992e-05
-4.68742e-05
-6.24924e-06
6.56258e-05
9.37508e-05
7.50008e-05
5.00008e-05
9.37576e-06
6.87508e-05
1.87508e-05
-7.81242e-05
-8.74992e-05
-.000115624
4.37508e-05
6.56258e-05
-4.99992e-05
6.25076e-06
4.37508e-05
.000168751
.000206251
5.62508e-05
-3.43742e-05
-6.56242e-05
2.18758e-05
-6.24924e-06
-4.68742e-05
2.50008e-05
3.12508e-05
.000106251
7.62939e-10
1.56258e-05
3.12576e-06
.000109376
.000125001
-6.24924e-06
5.31258e-05
1.25008e-05
6.87508e-05
-9.37424e-06
8.43758e-05
2.18758e-05
8.75008e-05
7.81258e-05
-4.99992e-05
-4.06242e-05
-7.49992e-05
9.68758e-05
3.43758e-05
2.50008e-05
-3.12424e-06
1.25008e-05
9.37508e-05
-2.49992e-05
4.37508e-05
-9.99992e-05
-1.56242e-05
3.43758e-05
2.18758e-05
9.37508e-05
4.68758e-05
.000171876
4.06258e-05
-3.74992e-05
-3.43742e-05
-5.62492e-05
-2.49992e-05
4.68758e-05
-3.12492e-05
-9.06242e-05
-7.18742e-05
6.25008e-05
.000103126
-5.93742e-05
-.000103124
-9.06242e-05
3.12576e-06
.000109376
-3.74992e-05
-6.24924e-06
3.12508e-05
6.56258e-05
2.18758e-05
-7.49992e-05
-5.31242e-05
-1.24992e-05
8.12508e-05
7.50008e-05
9.68758e-05
2.18758e-05
-3.12492e-05
-3.43742e-05
-4.99992e-05
5.31258e-05
2.50008e-05
-3.43742e-05
-6.56242e-05
-9.68742e-05
-9.06242e-05
-3.12492e-05
6.87508e-05
9.37576e-06
2.50008e-05
3.12576e-06
4.06258e-05
.000109376
4.06258e-05
7.50008e-05
-4.37492e-05
-9.37424e-06
-.000134374
-8.12492e-05
6.25076e-06
-3.12424e-06
4.06258e-05
-9.06242e-05
-.000103124
4.37508e-05
9.06258e-05
.000115626
.000209376
.000131251
.000131251
6.87508e-05
-1.87492e-05
7.62939e-10
3.43758e-05
-3.12492e-05
-6.56242e-05
-1.24992e-05
-6.87492e-05
.000103126
7.50008e-05
4.68758e-05
8.75008e-05
-4.06242e-05
2.81258e-05
4.06258e-05
3.43758e-05
1.56258e-05
.000150001
.000184376
1.87508e-05
.000103126
6.25008e-05
.000121876
.000125001
3.12576e-06
-4.06242e-05
-4.99992e-05
6.25008e-05
6.25008e-05
-6.24924e-06
-6.24924e-06
.000106251
.000109376
6.56258e-05
.000140626
5.31258e-05
5.31258e-05
.000125001
7.50008e-05
-4.37492e-05
7.62939e-10
-5.31242e-05
4.06258e-05
4.06258e-05
3.12508e-05
8.43758e-05
.000100001
.000115626
6.87508e-05
-3.12424e-06
-9.37424e-06
7.62939e-10
4.06258e-05
-3.12424e-06
-4.68742e-05
-1.87492e-05
9.37508e-05
8.75008e-05
-3.12492e-05
-4.99992e-05
-5.31242e-05
2.81258e-05
-1.87492e-05
3.12508e-05
.000134376
.000165626
.000115626
3.75008e-05
1.56258e-05
3.43758e-05
.000131251
-3.12492e-05
-.000106249
-.000178124
-9.06242e-05
-3.12424e-06
2.50008e-05
-1.87492e-05
5.00008e-05
.000100001
.000115626
4.06258e-05
1.25008e-05
3.12576e-06
7.18758e-05
-3.43742e-05
-6.87492e-05
-8.43742e-05
-6.24924e-06
9.06258e-05
.000118751
-1.24992e-05
-6.24924e-06
-3.43742e-05
7.18758e-05
7.50008e-05
-1.56242e-05
2.50008e-05
1.87508e-05
3.12576e-06
-3.43742e-05
-8.43742e-05
8.75008e-05
.000112501
8.43758e-05
-4.99992e-05
-6.56242e-05
-5.31242e-05
1.56258e-05
.000137501
5.62508e-05
-6.24924e-06
3.43758e-05
8.75008e-05
4.37508e-05
5.00008e-05
3.43758e-05
3.12508e-05
-2.49992e-05
-7.18742e-05
-8.43742e-05
-2.18742e-05
.000109376
5.00008e-05
5.62508e-05
7.81258e-05
9.68758e-05
.000118751
4.68758e-05
-3.12424e-06
-3.43742e-05
-2.49992e-05
-8.74992e-05
-.000112499
4.68758e-05
9.06258e-05
.000109376
9.68758e-05
.000131251
8.75008e-05
4.06258e-05
4.37508e-05
3.12508e-05
2.81258e-05
3.12576e-06
6.25076e-06
.000106251
3.43758e-05
5.62508e-05
.000140626
.000103126
3.43758e-05
4.68758e-05
1.25008e-05
7.50008e-05
7.62939e-10
3.43758e-05
9.68758e-05
.000100001
-3.12424e-06
9.06258e-05
-6.24924e-06
4.37508e-05
1.56258e-05
7.62939e-10
-8.12492e-05
-5.31242e-05
-4.06242e-05
8.75008e-05
6.56258e-05
.000171876
9.68758e-05
.000100001
8.75008e-05
4.68758e-05
3.12576e-06
9.06258e-05
.000221876
.000168751
6.87508e-05
-5.62492e-05
3.43758e-05
.000150001
5.31258e-05
2.18758e-05
6.25008e-05
9.06258e-05
2.18758e-05
8.12508e-05
8.43758e-05
-4.06242e-05
2.18758e-05
-9.37492e-05
-.000106249
-9.06242e-05
-2.81242e-05
3.12508e-05
5.93758e-05
-3.12492e-05
-1.87492e-05
.000109376
.000171876
.000181251
5.31258e-05
-9.37424e-06
6.25076e-06
8.12508e-05
2.18758e-05
-6.24924e-06
1.87508e-05
4.06258e-05
2.18758e-05
-3.74992e-05
-8.12492e-05
-3.12424e-06
.000131251
.000125001
-4.99992e-05
-3.12424e-06
-3.12424e-06
.000115626
7.50008e-05
-9.99992e-05
-.000103124
-2.18742e-05
-1.87492e-05
-4.68742e-05
-1.56242e-05
-1.56242e-05
.000115626
.000121876
2.18758e-05
-5.62492e-05
-3.12424e-06
.000115626
2.18758e-05
-4.99992e-05
-2.18742e-05
3.12576e-06
.000100001
3.75008e-05
1.87508e-05
9.37576e-06
.000112501
5.93758e-05
2.18758e-05
7.62939e-10
-2.81242e-05
6.87508e-05
2.50008e-05
7.81258e-05
-1.24992e-05
.000128126
.000143751
5.62508e-05
9.37508e-05
-3.74992e-05
2.81258e-05
-1.87492e-05
-4.06242e-05
-1.24992e-05
8.43758e-05
.000243751
.000209376
.000175001
6.25008e-05
2.81258e-05
9.37576e-06
5.00008e-05
3.43758e-05
5.31258e-05
6.25076e-06
1.56258e-05
2.50008e-05
6.87508e-05
.000181251
.000131251
-6.24924e-06
3.12576e-06
6.87508e-05
.000134376
.000100001
9.06258e-05
5.00008e-05
5.31258e-05
.000146876
.000131251
.000103126
1.56258e-05
4.68758e-05
2.18758e-05
-1.56242e-05
-6.24992e-05
9.37576e-06
.000115626
5.62508e-05
.000137501
7.18758e-05
.000100001
5.62508e-05
3.75008e-05
-5.62492e-05
-1.87492e-05
.000159376
.000200001
2.81258e-05
-1.87492e-05
-1.24992e-05
7.81258e-05
.000103126
-2.81242e-05
-.000187499
-4.37492e-05
3.75008e-05
1.87508e-05
3.12576e-06
.000131251
6.25008e-05
.000150001
.000115626
-9.37424e-06
-8.74992e-05
.000106251
5.93758e-05
3.12576e-06
-.000115624
-6.87492e-05
-7.18742e-05
-9.37424e-06
2.81258e-05
.000125001
4.06258e-05
.000115626
8.12508e-05
-3.74992e-05
7.62939e-10
7.62939e-10
2.81258e-05
-9.37492e-05
-.000153124
-.000118749
1.87508e-05
.000118751
4.06258e-05
3.43758e-05
-4.68742e-05
7.62939e-10
8.43758e-05
-8.43742e-05
-.000112499
-.000134374
6.25076e-06
2.50008e-05
2.81258e-05
7.62939e-10
9.06258e-05
.000134376
5.31258e-05
-7.81242e-05
-9.68742e-05
-3.12424e-06
-1.56242e-05
4.37508e-05
7.62939e-10
.000115626
8.43758e-05
.000156251
3.43758e-05
-3.12424e-06
4.06258e-05
.000100001
3.12576e-06
-5.93742e-05
-.000215624
7.62939e-10
9.06258e-05
.000168751
-2.49992e-05
6.25076e-06
-5.93742e-05
7.18758e-05
8.12508e-05
3.75008e-05
6.25076e-06
-1.56242e-05
-3.12424e-06
4.68758e-05
.000118751
.000165626
.000181251
4.37508e-05
5.62508e-05
-2.18742e-05
5.93758e-05
7.81258e-05
3.12508e-05
7.81258e-05
4.68758e-05
4.06258e-05
-1.56242e-05
-6.87492e-05
3.43758e-05
7.50008e-05
.000159376
4.06258e-05
7.18758e-05
-5.62492e-05
-.000134374
-3.12424e-06
5.93758e-05
.000171876
7.50008e-05
1.56258e-05
2.50008e-05
.000103126
.000190626
8.43758e-05
5.31258e-05
6.25076e-06
4.06258e-05
7.18758e-05
6.56258e-05
1.87508e-05
3.43758e-05
.000215626
.000215626
.000118751
-3.12492e-05
3.75008e-05
-5.31242e-05
5.31258e-05
1.25008e-05
-8.12492e-05
7.50008e-05
.000103126
.000134376
9.68758e-05
4.37508e-05
4.68758e-05
6.87508e-05
3.75008e-05
4.06258e-05
1.87508e-05
8.43758e-05
7.18758e-05
-9.06242e-05
-5.93742e-05
6.25076e-06
.000121876
2.50008e-05
8.75008e-05
1.25008e-05
-2.81242e-05
.000146876
8.75008e-05
3.12508e-05
-5.93742e-05
6.25008e-05
.000140626
5.62508e-05
-1.56242e-05
6.25076e-06
6.25008e-05
9.68758e-05
-7.18742e-05
-.000146874
-.000131249
9.37508e-05
.000106251
.000131251
.000125001
2.50008e-05
.000159376
8.75008e-05
7.18758e-05
4.68758e-05
3.12508e-05
.000121876
2.81258e-05
-3.12424e-06
-.000115624
3.75008e-05
.000162501
8.12508e-05
-2.18742e-05
-4.37492e-05
2.50008e-05
.000121876
3.12508e-05
4.37508e-05
8.43758e-05
3.12576e-06
5.31258e-05
8.75008e-05
4.06258e-05
.000100001
6.56258e-05
4.37508e-05
2.81258e-05
-4.68742e-05
9.37576e-06
5.62508e-05
6.25008e-05
6.87508e-05
3.12576e-06
-4.37492e-05
-1.87492e-05
3.12508e-05
8.75008e-05
.000109376
7.50008e-05
2.18758e-05
3.12576e-06
1.87508e-05
-9.37424e-06
7.81258e-05
-1.24992e-05
7.18758e-05
1.87508e-05
-5.62492e-05
5.93758e-05
.000200001
.000103126
1.87508e-05
-5.62492e-05
7.81258e-05
6.56258e-05
4.37508e-05
3.12576e-06
3.75008e-05
6.25076e-06
.000103126
.000112501
9.37508e-05
5.00008e-05
.000131251
7.50008e-05
1.25008e-05
6.56258e-05
-6.24992e-05
1.87508e-05
8.43758e-05
5.93758e-05
3.43758e-05
-6.24992e-05
-1.24992e-05
6.87508e-05
-9.37424e-06
3.75008e-05
3.12576e-06
7.50008e-05
3.12508e-05
.000109376
9.37576e-06
3.75008e-05
7.50008e-05
.000128126
9.68758e-05
5.62508e-05
-4.37492e-05
-1.56242e-05
9.37576e-06
-1.56242e-05
3.12576e-06
9.37576e-06
7.18758e-05
5.62508e-05
5.93758e-05
2.18758e-05
.000131251
.000134376
3.12576e-06
6.56258e-05
-1.56242e-05
6.56258e-05
4.37508e-05
-3.12492e-05
7.62939e-10
-.000115624
-2.49992e-05
9.37576e-06
1.87508e-05
1.25008e-05
5.62508e-05
5.00008e-05
1.87508e-05
2.18758e-05
5.62508e-05
8.12508e-05
-2.18742e-05
-3.12424e-06
-5.93742e-05
-.000109374
1.25008e-05
.000225001
.000150001
7.18758e-05
-1.24992e-05
-5.62492e-05
1.87508e-05
2.81258e-05
5.62508e-05
4.37508e-05
2.81258e-05
9.06258e-05
6.25076e-06
1.87508e-05
6.87508e-05
.000184376
5.31258e-05
2.81258e-05
-9.06242e-05
-9.99992e-05
-3.43742e-05
3.43758e-05
1.56258e-05
-3.43742e-05
.000131251
9.68758e-05
5.62508e-05
2.18758e-05
6.87508e-05
.000128126
-5.62492e-05
1.56258e-05
-7.81242e-05
-2.49992e-05
9.37508e-05
7.50008e-05
6.25008e-05
-9.37492e-05
-3.12492e-05
3.43758e-05
6.25076e-06
.000143751
.000115626
8.75008e-05
-2.49992e-05
3.75008e-05
3.12508e-05
-3.12424e-06
-6.24992e-05
-1.24992e-05
.000131251
3.12576e-06
5.00008e-05
-9.37424e-06
-6.24924e-06
1.87508e-05
-3.12492e-05
-3.43742e-05
-8.43742e-05
-4.37492e-05
.000106251
.000118751
.000100001
.000115626
9.06258e-05
4.68758e-05
3.12576e-06
-6.87492e-05
1.56258e-05
-6.56242e-05
5.31258e-05
7.50008e-05
6.25076e-06
-4.06242e-05
-5.31242e-05
-3.43742e-05
5.31258e-05
-5.62492e-05
-8.12492e-05
-5.62492e-05
5.93758e-05
-6.24924e-06
1.87508e-05
-4.99992e-05
1.25008e-05
-4.99992e-05
9.37576e-06
3.12508e-05
.000115626
.000109376
4.68758e-05
-3.12424e-06
-3.12424e-06
7.18758e-05
7.50008e-05
2.18758e-05
-1.56242e-05
-4.99992e-05
9.37576e-06
-7.81242e-05
3.12508e-05
-.000118749
4.37508e-05
6.56258e-05
-7.81242e-05
-8.43742e-05
1.56258e-05
8.75008e-05
.000125001
5.62508e-05
-2.81242e-05
-.000103124
9.37576e-06
6.25076e-06
-2.49992e-05
-7.81242e-05
-4.99992e-05
-8.74992e-05
6.25076e-06
-6.24924e-06
-3.12424e-06
6.25076e-06
9.06258e-05
.000134376
9.68758e-05
3.12508e-05
-3.43742e-05
9.37508e-05
5.93758e-05
3.43758e-05
-2.18742e-05
-6.87492e-05
2.81258e-05
-6.56242e-05
-6.87492e-05
-1.24992e-05
-3.43742e-05
6.25076e-06
-4.68742e-05
-4.68742e-05
7.62939e-10
.000215626
4.68758e-05
1.56258e-05
-1.87492e-05
-2.49992e-05
2.81258e-05
6.56258e-05
-1.87492e-05
5.62508e-05
5.31258e-05
1.56258e-05
-5.93742e-05
-6.24992e-05
-6.24924e-06
5.00008e-05
.000175001
3.75008e-05
-9.37424e-06
6.87508e-05
5.00008e-05
3.75008e-05
-3.43742e-05
-9.06242e-05
1.56258e-05
7.81258e-05
-3.12492e-05
1.87508e-05
8.43758e-05
.000128126
.000146876
-1.87492e-05
-2.49992e-05
3.75008e-05
7.81258e-05
.000118751
3.12508e-05
-1.24992e-05
-3.74992e-05
7.62939e-10
-9.37424e-06
-8.74992e-05
.000115626
7.50008e-05
-2.49992e-05
7.62939e-10
9.37576e-06
2.50008e-05
2.18758e-05
9.37576e-06
2.81258e-05
.000103126
3.12508e-05
2.18758e-05
5.00008e-05
-9.37424e-06
-9.37424e-06
-7.49992e-05
-6.24924e-06
-5.31242e-05
-6.87492e-05
-3.43742e-05
5.93758e-05
.000146876
3.75008e-05
5.93758e-05
5.00008e-05
-1.24992e-05
-3.12492e-05
1.56258e-05
3.43758e-05
-6.87492e-05
-.000149999
-6.87492e-05
-1.56242e-05
.000118751
6.56258e-05
.000153126
6.56258e-05
3.12508e-05
.000190626
2.18758e-05
1.56258e-05
4.06258e-05
4.68758e-05
-3.12492e-05
-.000112499
-4.99992e-05
-9.37424e-06
-1.24992e-05
4.68758e-05
3.12576e-06
-2.49992e-05
-2.81242e-05
9.68758e-05
.000106251
9.37508e-05
3.75008e-05
.000156251
.000215626
6.87508e-05
-6.24924e-06
-1.24992e-05
4.06258e-05
6.56258e-05
-4.06242e-05
-.000137499
-.000124999
.000106251
2.50008e-05
-6.24924e-06
-7.49992e-05
7.62939e-10
3.43758e-05
9.37508e-05
2.50008e-05
-5.93742e-05
.000100001
-3.74992e-05
-9.37492e-05
9.68758e-05
5.93758e-05
.000121876
5.00008e-05
-8.74992e-05
-4.06242e-05
1.25008e-05
4.06258e-05
5.00008e-05
.000103126
-1.87492e-05
-1.56242e-05
-3.74992e-05
-.000124999
-.000140624
-9.37492e-05
2.18758e-05
.000115626
1.56258e-05
-8.43742e-05
1.25008e-05
.000153126
.000134376
7.62939e-10
-4.68742e-05
1.56258e-05
6.87508e-05
.000112501
2.50008e-05
2.50008e-05
-9.06242e-05
-4.37492e-05
-2.81242e-05
-2.81242e-05
-3.12424e-06
5.62508e-05
5.62508e-05
-4.37492e-05
-4.37492e-05
-1.24992e-05
4.37508e-05
.000131251
4.06258e-05
3.43758e-05
9.37576e-06
5.31258e-05
-6.24924e-06
6.25076e-06
3.75008e-05
6.56258e-05
4.06258e-05
.000128126
-2.49992e-05
-5.93742e-05
-8.12492e-05
7.50008e-05
1.56258e-05
-3.74992e-05
-4.06242e-05
-6.56242e-05
1.87508e-05
.000106251
7.18758e-05
-6.24924e-06
-3.43742e-05
-.000128124
3.12576e-06
-4.68742e-05
6.56258e-05
-4.68742e-05
-5.31242e-05
9.06258e-05
.000221876
.000100001
.000146876
1.25008e-05
8.43758e-05
.000112501
6.25076e-06
4.37508e-05
-3.74992e-05
3.12576e-06
6.25008e-05
6.25076e-06
-3.74992e-05
-1.87492e-05
-1.56242e-05
-2.18742e-05
7.81258e-05
4.68758e-05
2.81258e-05
.000112501
6.25076e-06
6.25008e-05
6.56258e-05
.000115626
.000125001
7.81258e-05
1.25008e-05
-6.87492e-05
.000112501
8.75008e-05
6.25076e-06
3.43758e-05
-4.37492e-05
-9.37424e-06
3.43758e-05
-3.12492e-05
6.56258e-05
7.18758e-05
7.50008e-05
.000137501
2.81258e-05
-2.81242e-05
7.18758e-05
-1.24992e-05
7.62939e-10
-2.49992e-05
-4.68742e-05
4.68758e-05
.000103126
-5.62492e-05
-4.06242e-05
6.25076e-06
.000106251
6.56258e-05
5.93758e-05
6.87508e-05
.000115626
.000109376
3.12508e-05
-.000140624
-.000165624
5.62508e-05
.000131251
.000187501
.000106251
4.37508e-05
.000121876
7.50008e-05
-3.12424e-06
3.12576e-06
-2.81242e-05
7.18758e-05
-6.24924e-06
-4.68742e-05
-4.37492e-05
2.81258e-05
-1.87492e-05
-4.06242e-05
-5.62492e-05
-4.68742e-05
-9.37424e-06
.000118751
.000112501
-6.24924e-06
6.25076e-06
8.75008e-05
7.18758e-05
4.37508e-05
5.00008e-05
.000103126
7.50008e-05
-2.18742e-05
-6.87492e-05
-.000156249
-6.56242e-05
5.93758e-05
6.87508e-05
5.31258e-05
7.50008e-05
7.81258e-05
2.50008e-05
-3.43742e-05
-.000124999
-6.24992e-05
-6.56242e-05
-.000149999
-.000149999
2.50008e-05
4.37508e-05
6.87508e-05
4.06258e-05
-.000118749
-9.37492e-05
2.81258e-05
8.75008e-05
.000112501
7.50008e-05
-3.74992e-05
2.18758e-05
-9.06242e-05
-.000103124
-9.37424e-06
.000112501
4.06258e-05
8.12508e-05
-5.93742e-05
-.000146874
7.62939e-10
-5.62492e-05
-7.49992e-05
7.50008e-05
-1.24992e-05
-5.93742e-05
3.12576e-06
9.37576e-06
5.62508e-05
7.50008e-05
.000100001
2.18758e-05
-1.87492e-05
1.25008e-05
5.93758e-05
8.75008e-05
3.75008e-05
3.75008e-05
-6.24992e-05
-6.24924e-06
5.62508e-05
3.75008e-05
4.68758e-05
7.50008e-05
3.12508e-05
3.12576e-06
-5.93742e-05
1.56258e-05
3.43758e-05
5.62508e-05
4.37508e-05
-6.24924e-06
9.68758e-05
3.12508e-05
4.68758e-05
-1.24992e-05
-3.74992e-05
-2.18742e-05
-.000109374
-6.24992e-05
-5.93742e-05
-9.37424e-06
5.93758e-05
4.06258e-05
-4.37492e-05
-1.24992e-05
4.06258e-05
4.37508e-05
6.56258e-05
-2.81242e-05
-4.06242e-05
.000125001
5.31258e-05
1.25008e-05
-1.87492e-05
-9.37424e-06
-3.12424e-06
-3.12424e-06
-7.81242e-05
-5.31242e-05
2.50008e-05
.000143751
.000181251
5.93758e-05
.000121876
-3.12492e-05
1.56258e-05
-.000106249
-8.74992e-05
7.62939e-10
5.00008e-05
-1.24992e-05
-7.81242e-05
-4.99992e-05
-7.49992e-05
.000118751
2.50008e-05
9.37576e-06
-2.18742e-05
-8.43742e-05
8.12508e-05
4.06258e-05
5.62508e-05
-3.43742e-05
-6.24992e-05
-1.24992e-05
-6.24992e-05
-3.74992e-05
-6.56242e-05
2.18758e-05
9.68758e-05
3.43758e-05
-2.81242e-05
-4.99992e-05
5.00008e-05
7.62939e-10
4.68758e-05
-7.49992e-05
-7.49992e-05
8.43758e-05
1.25008e-05
-1.87492e-05
-9.37424e-06
4.37508e-05
7.62939e-10
-6.87492e-05
-7.18742e-05
-1.24992e-05
7.50008e-05
4.06258e-05
9.37576e-06
-.000124999
-6.56242e-05
3.12576e-06
5.93758e-05
2.50008e-05
-5.93742e-05
2.81258e-05
-1.24992e-05
-3.43742e-05
-3.43742e-05
-4.06242e-05
-4.37492e-05
7.62939e-10
7.18758e-05
3.75008e-05
2.50008e-05
5.62508e-05
6.25076e-06
7.62939e-10
-4.37492e-05
3.43758e-05
2.18758e-05
-9.37492e-05
6.25076e-06
2.50008e-05
-3.74992e-05
-5.93742e-05
-8.74992e-05
-1.24992e-05
2.18758e-05
-3.43742e-05
9.37576e-06
5.00008e-05
1.25008e-05
6.25008e-05
-6.24924e-06
-5.62492e-05
-5.62492e-05
2.18758e-05
5.31258e-05
-3.74992e-05
1.25008e-05
3.43758e-05
4.68758e-05
9.37576e-06
3.43758e-05
-.000124999
-.000103124
-8.12492e-05
1.87508e-05
1.25008e-05
1.56258e-05
.000128126
.000125001
-4.68742e-05
7.62939e-10
7.62939e-10
7.81258e-05
-4.06242e-05
-8.43742e-05
-.000162499
-8.12492e-05
4.68758e-05
-2.49992e-05
-4.06242e-05
1.87508e-05
2.81258e-05
8.12508e-05
-9.37492e-05
6.25076e-06
-5.62492e-05
3.12508e-05
8.75008e-05
3.12576e-06
-6.24992e-05
-9.68742e-05
.000103126
8.12508e-05
1.87508e-05
-3.74992e-05
-5.31242e-05
7.50008e-05
1.56258e-05
-6.56242e-05
-4.06242e-05
-2.18742e-05
-4.06242e-05
-6.56242e-05
-8.74992e-05
-4.06242e-05
5.93758e-05
.000128126
-7.49992e-05
-.000112499
-7.49992e-05
1.87508e-05
5.93758e-05
5.00008e-05
2.81258e-05
-1.24992e-05
6.25076e-06
2.18758e-05
-2.49992e-05
-3.12492e-05
-3.43742e-05
5.31258e-05
-5.62492e-05
-5.93742e-05
-3.74992e-05
2.18758e-05
.000103126
-4.06242e-05
-4.37492e-05
-4.68742e-05
1.25008e-05
3.75008e-05
7.18758e-05
6.56258e-05
.000131251
-1.24992e-05
-.000115624
-.000149999
-6.87492e-05
4.06258e-05
3.12508e-05
7.18758e-05
5.62508e-05
-.000103124
-5.62492e-05
-3.12424e-06
-2.49992e-05
-2.49992e-05
-4.06242e-05
-4.68742e-05
2.50008e-05
6.87508e-05
5.93758e-05
4.68758e-05
3.43758e-05
2.81258e-05
6.25076e-06
-6.56242e-05
-.000103124
-.000124999
2.50008e-05
9.37508e-05
4.37508e-05
-6.24924e-06
2.18758e-05
2.50008e-05
9.37508e-05
-2.49992e-05
-3.12424e-06
-4.37492e-05
-1.87492e-05
8.12508e-05
.000140626
.000131251
.000125001
2.18758e-05
-1.24992e-05
7.50008e-05
3.12576e-06
2.18758e-05
6.25076e-06
5.62508e-05
-2.81242e-05
-3.12424e-06
9.37576e-06
.000168751
.000103126
-3.12424e-06
-7.49992e-05
1.25008e-05
.000162501
3.12576e-06
4.37508e-05
9.37576e-06
9.37508e-05
4.37508e-05
7.81258e-05
-.000115624
-1.87492e-05
7.81258e-05
-9.99992e-05
3.43758e-05
-6.24924e-06
5.31258e-05
8.12508e-05
7.18758e-05
1.87508e-05
3.12508e-05
-1.56242e-05
2.81258e-05
-5.93742e-05
-9.37492e-05
6.25076e-06
6.25008e-05
.000159376
-9.37424e-06
-7.18742e-05
-1.87492e-05
8.43758e-05
3.43758e-05
-5.62492e-05
4.37508e-05
.000103126
.000100001
8.12508e-05
1.56258e-05
-3.12424e-06
2.50008e-05
.000109376
-2.49992e-05
-.000174999
-.000131249
-9.68742e-05
7.81258e-05
9.68758e-05
-6.24924e-06
3.12508e-05
9.37508e-05
2.50008e-05
-2.18742e-05
-.000106249
-3.12424e-06
3.43758e-05
1.25008e-05
-6.24992e-05
-4.99992e-05
.000103126
8.12508e-05
-2.49992e-05
-.000184374
-.000112499
-5.93742e-05
.000103126
9.68758e-05
-1.56242e-05
6.25076e-06
-4.99992e-05
5.00008e-05
-3.74992e-05
-4.06242e-05
5.62508e-05
-1.24992e-05
1.25008e-05
-5.31242e-05
-6.87492e-05
-9.37492e-05
-9.37424e-06
5.93758e-05
1.25008e-05
-4.68742e-05
5.00008e-05
7.50008e-05
3.12508e-05
.000115626
3.12508e-05
6.25076e-06
-3.43742e-05
-8.12492e-05
3.43758e-05
3.43758e-05
9.06258e-05
-2.81242e-05
-7.49992e-05
-2.49992e-05
-3.74992e-05
.000187501
8.75008e-05
.000109376
1.56258e-05
5.31258e-05
9.68758e-05
6.25008e-05
1.25008e-05
-5.31242e-05
-7.81242e-05
2.18758e-05
1.25008e-05
9.37576e-06
-3.74992e-05
-8.43742e-05
5.31258e-05
3.43758e-05
6.56258e-05
3.12508e-05
-3.12424e-06
5.93758e-05
.000128126
.000165626
.000100001
6.25076e-06
-3.12424e-06
6.87508e-05
-3.74992e-05
-3.12424e-06
5.00008e-05
-1.24992e-05
-6.24992e-05
-6.56242e-05
-1.87492e-05
.000137501
9.68758e-05
.000103126
.000115626
3.43758e-05
6.87508e-05
.000115626
.000118751
1.25008e-05
-4.99992e-05
-6.24924e-06
-1.87492e-05
-4.68742e-05
3.12508e-05
5.31258e-05
.000178126
8.75008e-05
3.12576e-06
8.43758e-05
.000106251
.000103126
.000128126
1.87508e-05
-.000112499
-4.37492e-05
-1.87492e-05
6.56258e-05
3.43758e-05
-9.99992e-05
-5.93742e-05
-1.87492e-05
-1.56242e-05
4.68758e-05
8.43758e-05
.000125001
.000200001
.000112501
.000143751
7.62939e-10
.000115626
.000121876
6.25076e-06
-6.24924e-06
-5.93742e-05
-3.74992e-05
-3.12492e-05
-3.12492e-05
-2.18742e-05
5.00008e-05
.000121876
6.25076e-06
8.12508e-05
4.68758e-05
-6.24992e-05
5.93758e-05
7.50008e-05
1.56258e-05
-2.81242e-05
-1.24992e-05
-3.12424e-06
6.87508e-05
6.25008e-05
3.12576e-06
3.75008e-05
-3.74992e-05
-.000109374
7.62939e-10
.000100001
.000212501
.000137501
.000106251
5.93758e-05
.000100001
1.87508e-05
-6.24924e-06
-.000121874
-6.56242e-05
-.000128124
1.87508e-05
-9.37424e-06
-6.24924e-06
-2.18742e-05
.000115626
3.12576e-06
7.62939e-10
6.25008e-05
6.87508e-05
.000118751
3.75008e-05
-4.06242e-05
-3.12424e-06
-5.62492e-05
4.37508e-05
7.18758e-05
6.56258e-05
9.06258e-05
5.00008e-05
1.25008e-05
-4.68742e-05
6.87508e-05
5.93758e-05
.000103126
.000106251
2.81258e-05
-4.68742e-05
-1.24992e-05
-3.12424e-06
-2.18742e-05
6.25076e-06
-5.31242e-05
-9.37424e-06
2.81258e-05
.000109376
.000203126
.000103126
3.75008e-05
3.43758e-05
7.18758e-05
1.25008e-05
3.43758e-05
4.06258e-05
6.56258e-05
5.31258e-05
5.00008e-05
3.43758e-05
-3.74992e-05
-1.87492e-05
1.25008e-05
6.56258e-05
-9.37424e-06
2.50008e-05
2.18758e-05
.000243751
.000200001
9.37508e-05
6.25008e-05
-5.93742e-05
-.000124999
-.000137499
-6.56242e-05
3.12576e-06
1.56258e-05
4.06258e-05
5.31258e-05
5.62508e-05
7.50008e-05
3.75008e-05
6.87508e-05
-1.56242e-05
-5.31242e-05
1.87508e-05
.000103126
.000100001
2.50008e-05
-5.31242e-05
1.25008e-05
2.81258e-05
-3.12424e-06
-.000146874
-.000112499
5.31258e-05
-1.56242e-05
5.00008e-05
-9.37492e-05
-9.37492e-05
-3.74992e-05
-1.24992e-05
-2.18742e-05
-.000140624
-.000121874
2.18758e-05
-6.56242e-05
1.87508e-05
-5.31242e-05
.000109376
.000106251
-1.87492e-05
-.000103124
-6.87492e-05
9.37576e-06
6.87508e-05
6.56258e-05
-5.93742e-05
7.62939e-10
1.87508e-05
.000109376
5.62508e-05
-6.87492e-05
-6.87492e-05
-3.43742e-05
-8.74992e-05
-9.06242e-05
-.000106249
-7.49992e-05
4.68758e-05
-6.24924e-06
-.000128124
-.000118749
5.93758e-05
.000106251
7.18758e-05
7.62939e-10
-6.24924e-06
2.81258e-05
5.00008e-05
9.68758e-05
3.43758e-05
-1.56242e-05
1.87508e-05
-1.56242e-05
-5.93742e-05
-4.37492e-05
-6.24992e-05
-6.24924e-06
4.06258e-05
-1.56242e-05
-5.62492e-05
-5.31242e-05
1.56258e-05
1.56258e-05
-8.12492e-05
-6.24992e-05
-2.81242e-05
4.37508e-05
5.62508e-05
-2.49992e-05
3.12576e-06
2.81258e-05
.000115626
9.37508e-05
-.000115624
-2.49992e-05
-4.37492e-05
7.62939e-10
3.12508e-05
1.25008e-05
-2.49992e-05
-9.06242e-05
-3.12424e-06
9.37576e-06
2.81258e-05
-9.37424e-06
1.56258e-05
-1.24992e-05
-4.99992e-05
-5.93742e-05
2.81258e-05
2.18758e-05
1.87508e-05
-1.24992e-05
-9.37492e-05
-5.93742e-05
-1.24992e-05
2.81258e-05
7.62939e-10
9.37576e-06
2.81258e-05
-6.87492e-05
9.37508e-05
-5.31242e-05
-9.06242e-05
-2.81242e-05
3.12576e-06
-7.18742e-05
-7.18742e-05
-1.24992e-05
7.50008e-05
.000128126
1.87508e-05
-5.62492e-05
-4.37492e-05
-7.18742e-05
-7.81242e-05
.000140626
.000106251
-8.12492e-05
-6.24924e-06
5.62508e-05
4.68758e-05
9.37576e-06
-7.49992e-05
-4.99992e-05
-8.43742e-05
-6.24992e-05
-4.37492e-05
3.43758e-05
6.25008e-05
.000184376
4.06258e-05
-6.24924e-06
-4.37492e-05
4.06258e-05
8.12508e-05
6.25008e-05
-2.49992e-05
-4.06242e-05
-9.37492e-05
4.06258e-05
-1.24992e-05
5.62508e-05
-9.68742e-05
-4.99992e-05
-2.18742e-05
-4.68742e-05
-9.99992e-05
.000109376
.000153126
.000153126
3.12508e-05
-2.49992e-05
-9.68742e-05
9.68758e-05
5.93758e-05
2.18758e-05
-6.56242e-05
3.12508e-05
3.43758e-05
2.50008e-05
-4.37492e-05
7.62939e-10
.000106251
7.18758e-05
-1.24992e-05
-.000106249
-1.24992e-05
.000109376
.000121876
-9.37424e-06
-8.12492e-05
3.75008e-05
-8.74992e-05
-1.24992e-05
-9.68742e-05
-8.43742e-05
2.18758e-05
4.68758e-05
6.25008e-05
2.18758e-05
-2.18742e-05
9.68758e-05
.000150001
5.93758e-05
-3.43742e-05
-6.87492e-05
-1.56242e-05
-3.74992e-05
-7.49992e-05
-3.12492e-05
-9.37424e-06
6.25076e-06
.000106251
5.31258e-05
8.43758e-05
5.31258e-05
.000100001
2.50008e-05
-3.43742e-05
-7.18742e-05
1.56258e-05
-9.37424e-06
4.68758e-05
-1.56242e-05
-7.81242e-05
-6.87492e-05
9.37576e-06
1.25008e-05
2.81258e-05
1.56258e-05
-1.87492e-05
-8.12492e-05
-5.62492e-05
-3.74992e-05
.000118751
8.12508e-05
4.68758e-05
-2.18742e-05
-5.31242e-05
-2.81242e-05
-1.56242e-05
6.25076e-06
3.12508e-05
2.81258e-05
4.37508e-05
7.62939e-10
-2.49992e-05
.000106251
5.62508e-05
.000121876
4.06258e-05
3.12508e-05
3.12576e-06
-9.06242e-05
-6.56242e-05
-2.49992e-05
1.56258e-05
4.68758e-05
3.12508e-05
-6.24992e-05
9.37508e-05
.000193751
6.56258e-05
7.81258e-05
-3.12424e-06
1.87508e-05
9.68758e-05
5.93758e-05
-2.18742e-05
-9.37424e-06
-4.06242e-05
-1.24992e-05
-6.56242e-05
-6.24992e-05
-4.68742e-05
3.75008e-05
7.50008e-05
7.18758e-05
-1.87492e-05
-3.12424e-06
3.12576e-06
9.68758e-05
.000156251
6.56258e-05
-1.24992e-05
5.00008e-05
-4.06242e-05
-.000124999
-.000124999
-4.37492e-05
-9.37424e-06
-6.56242e-05
-8.12492e-05
3.12508e-05
.000103126
.000209376
-1.24992e-05
-.000121874
-9.99992e-05
-3.12492e-05
-9.37424e-06
-.000115624
-6.24992e-05
-.000109374
.000134376
6.25076e-06
8.12508e-05
.000150001
.000162501
.000137501
2.18758e-05
-4.68742e-05
-6.24924e-06
1.87508e-05
9.68758e-05
2.50008e-05
1.87508e-05
9.37576e-06
4.68758e-05
-9.99992e-05
-9.06242e-05
-.000143749
-3.12424e-06
-1.24992e-05
9.37576e-06
-8.43742e-05
-9.37492e-05
9.37576e-06
.000162501
2.18758e-05
9.37576e-06
-5.93742e-05
9.68758e-05
.000112501
.000100001
-4.99992e-05
-3.43742e-05
-8.43742e-05
-5.93742e-05
-9.37424e-06
-6.24924e-06
6.87508e-05
.000153126
8.12508e-05
-9.37424e-06
6.25008e-05
-7.18742e-05
-3.12492e-05
-3.12492e-05
-9.99992e-05
-.000121874
-3.12492e-05
-4.99992e-05
-1.56242e-05
1.56258e-05
5.62508e-05
8.12508e-05
-3.12424e-06
-.000146874
3.12576e-06
2.50008e-05
9.37576e-06
-5.31242e-05
-9.99992e-05
-3.74992e-05
-8.12492e-05
1.56258e-05
1.87508e-05
3.75008e-05
5.62508e-05
-1.87492e-05
-6.56242e-05
-.000128124
.000103126
4.68758e-05
6.56258e-05
7.18758e-05
6.25008e-05
8.75008e-05
1.87508e-05
-1.24992e-05
-3.12492e-05
-2.81242e-05
-6.24992e-05
-4.06242e-05
-5.93742e-05
-7.49992e-05
-2.81242e-05
.000109376
3.12508e-05
-2.49992e-05
-1.87492e-05
.000128126
.000109376
5.00008e-05
3.12508e-05
-2.18742e-05
-4.37492e-05
-7.18742e-05
-3.74992e-05
4.68758e-05
.000215626
.000168751
.000103126
-6.24924e-06
7.62939e-10
4.37508e-05
3.43758e-05
5.31258e-05
-3.12492e-05
-1.24992e-05
9.37576e-06
-4.37492e-05
-.000106249
6.25076e-06
1.87508e-05
.000100001
.000137501
1.56258e-05
9.37508e-05
.000125001
.000109376
8.43758e-05
5.31258e-05
2.50008e-05
2.18758e-05
1.25008e-05
-1.56242e-05
5.93758e-05
8.12508e-05
2.81258e-05
-3.12424e-06
-2.81242e-05
-4.99992e-05
6.56258e-05
.000168751
.000128126
9.37576e-06
-3.74992e-05
-2.81242e-05
1.25008e-05
3.75008e-05
2.18758e-05
-9.68742e-05
6.25076e-06
2.50008e-05
2.81258e-05
7.62939e-10
6.87508e-05
5.93758e-05
9.68758e-05
3.12508e-05
-4.68742e-05
2.18758e-05
-4.37492e-05
-9.06242e-05
-1.24992e-05
-4.68742e-05
2.81258e-05
6.56258e-05
3.12576e-06
1.56258e-05
4.06258e-05
-6.24924e-06
2.81258e-05
-7.81242e-05
-1.24992e-05
4.06258e-05
.000187501
.000168751
3.75008e-05
-3.43742e-05
-1.24992e-05
-.000112499
-3.12424e-06
-9.06242e-05
-4.37492e-05
-7.81242e-05
-6.24924e-06
5.93758e-05
9.06258e-05
5.31258e-05
5.93758e-05
1.25008e-05
9.37576e-06
-1.87492e-05
-3.12492e-05
6.25076e-06
.000103126
7.50008e-05
9.68758e-05
2.50008e-05
2.81258e-05
1.87508e-05
-7.81242e-05
-1.87492e-05
6.25008e-05
2.50008e-05
2.50008e-05
3.12576e-06
7.81258e-05
3.43758e-05
.000131251
4.68758e-05
-5.62492e-05
-.000106249
-8.74992e-05
-5.62492e-05
.000100001
5.00008e-05
-9.06242e-05
6.56258e-05
2.50008e-05
5.31258e-05
.000125001
3.43758e-05
-9.37424e-06
1.25008e-05
-1.56242e-05
.000118751
4.06258e-05
.000125001
5.31258e-05
6.25008e-05
3.12508e-05
-2.49992e-05
-4.37492e-05
6.25076e-06
5.31258e-05
3.12576e-06
-6.24924e-06
-7.18742e-05
-7.18742e-05
2.50008e-05
-1.56242e-05
-3.12424e-06
-1.24992e-05
6.25076e-06
6.25076e-06
3.75008e-05
2.50008e-05
7.50008e-05
6.25076e-06
-1.24992e-05
-4.99992e-05
-4.06242e-05
2.50008e-05
.000203126
.000137501
.000131251
-9.37424e-06
2.81258e-05
-1.56242e-05
-4.68742e-05
-9.99992e-05
-1.87492e-05
1.87508e-05
.000103126
8.75008e-05
8.43758e-05
5.62508e-05
.000134376
9.68758e-05
9.37576e-06
-9.68742e-05
-.000131249
-.000121874
8.43758e-05
9.68758e-05
.000143751
8.43758e-05
9.68758e-05
.000100001
-2.49992e-05
-3.74992e-05
-1.56242e-05
3.12576e-06
-4.99992e-05
9.37576e-06
4.06258e-05
9.06258e-05
.000171876
.000171876
.000118751
4.06258e-05
2.81258e-05
-2.18742e-05
-5.62492e-05
-4.99992e-05
-.000143749
-.000146874
-5.93742e-05
4.06258e-05
1.25008e-05
6.87508e-05
5.93758e-05
9.37576e-06
9.68758e-05
-1.87492e-05
-2.18742e-05
8.43758e-05
-2.81242e-05
-1.87492e-05
-5.62492e-05
5.00008e-05
1.87508e-05
7.81258e-05
6.25076e-06
1.25008e-05
4.06258e-05
-5.62492e-05
1.87508e-05
1.56258e-05
.000178126
8.43758e-05
7.81258e-05
1.87508e-05
-3.12424e-06
3.43758e-05
-4.99992e-05
1.87508e-05
9.37576e-06
3.43758e-05
-6.24992e-05
-3.12492e-05
-9.37424e-06
-5.62492e-05
3.12576e-06
1.56258e-05
7.18758e-05
6.25076e-06
4.68758e-05
5.93758e-05
8.43758e-05
9.37576e-06
6.25076e-06
3.43758e-05
-8.12492e-05
-5.93742e-05
-4.68742e-05
3.43758e-05
7.81258e-05
7.81258e-05
4.06258e-05
-4.68742e-05
1.87508e-05
6.25076e-06
5.00008e-05
7.50008e-05
1.87508e-05
.000125001
3.12508e-05
-3.12424e-06
-6.24924e-06
5.31258e-05
-7.18742e-05
-7.49992e-05
-.000156249
-7.18742e-05
8.12508e-05
.000131251
.000109376
2.50008e-05
3.12508e-05
5.31258e-05
.000121876
.000162501
7.18758e-05
.000100001
9.37576e-06
-3.74992e-05
-4.06242e-05
-5.93742e-05
2.18758e-05
1.87508e-05
4.37508e-05
6.87508e-05
.000115626
3.12576e-06
9.37576e-06
-1.24992e-05
-5.62492e-05
9.37576e-06
6.56258e-05
3.12576e-06
-5.31242e-05
-9.99992e-05
-3.43742e-05
1.87508e-05
2.81258e-05
-4.99992e-05
7.62939e-10
9.37508e-05
.000134376
7.50008e-05
6.25008e-05
7.50008e-05
7.81258e-05
1.87508e-05
3.12576e-06
1.25008e-05
-3.12424e-06
.000112501
-2.49992e-05
-6.56242e-05
-.000121874
-6.87492e-05
-3.74992e-05
-3.12492e-05
-1.24992e-05
-6.24924e-06
.000137501
.000165626
.000134376
5.31258e-05
9.68758e-05
.000125001
-4.06242e-05
-3.12492e-05
-9.37492e-05
.000121876
6.87508e-05
-1.24992e-05
-3.12492e-05
-.000109374
8.75008e-05
3.75008e-05
.000156251
7.50008e-05
-3.43742e-05
-6.24924e-06
6.25076e-06
3.75008e-05
.000134376
.000115626
.000153126
.000112501
-6.24992e-05
-5.31242e-05
3.12576e-06
6.25008e-05
1.56258e-05
5.00008e-05
3.12576e-06
7.62939e-10
7.81258e-05
.000109376
.000106251
.000150001
-5.93742e-05
2.50008e-05
-.000156249
-8.12492e-05
-2.18742e-05
3.12576e-06
.000100001
5.62508e-05
.000112501
4.37508e-05
9.37576e-06
.000109376
3.12508e-05
8.12508e-05
-6.24924e-06
-1.87492e-05
-4.99992e-05
-6.24924e-06
.000103126
3.12508e-05
-8.43742e-05
-9.06242e-05
-9.37492e-05
-.000118749
-1.24992e-05
2.50008e-05
3.12508e-05
1.25008e-05
-4.99992e-05
-3.12492e-05
-4.68742e-05
7.81258e-05
-3.12492e-05
-4.68742e-05
-3.12492e-05
.000140626
8.43758e-05
9.37508e-05
.000125001
5.62508e-05
5.62508e-05
.000103126
-1.24992e-05
-6.56242e-05
5.62508e-05
.000106251
.000109376
2.81258e-05
6.87508e-05
-3.43742e-05
-6.24924e-06
2.81258e-05
2.81258e-05
-5.93742e-05
-9.99992e-05
2.50008e-05
7.62939e-10
-5.62492e-05
-.000115624
6.87508e-05
.000153126
9.37508e-05
6.87508e-05
-2.18742e-05
1.87508e-05
.000112501
1.87508e-05
-2.49992e-05
-4.37492e-05
6.87508e-05
.000109376
3.12508e-05
4.06258e-05
2.18758e-05
2.81258e-05
3.75008e-05
-7.18742e-05
-7.49992e-05
.000100001
.000209376
.000103126
4.06258e-05
-6.56242e-05
-1.56242e-05
-5.93742e-05
-4.37492e-05
-5.93742e-05
-6.24992e-05
6.56258e-05
3.12508e-05
9.68758e-05
-2.81242e-05
-2.81242e-05
9.06258e-05
-5.31242e-05
-9.37492e-05
-5.93742e-05
-2.81242e-05
.000121876
9.68758e-05
4.68758e-05
1.25008e-05
8.43758e-05
-1.56242e-05
-8.43742e-05
-.000159374
-6.24924e-06
5.93758e-05
.000134376
-3.74992e-05
-8.43742e-05
-9.37424e-06
3.75008e-05
3.12576e-06
1.25008e-05
-6.56242e-05
1.25008e-05
9.68758e-05
5.93758e-05
8.12508e-05
-5.93742e-05
-6.24992e-05
-2.81242e-05
-4.68742e-05
-1.87492e-05
9.37576e-06
2.50008e-05
2.50008e-05
5.93758e-05
9.06258e-05
-5.62492e-05
4.06258e-05
-4.37492e-05
-4.68742e-05
-3.43742e-05
-1.56242e-05
1.56258e-05
-.000146874
7.62939e-10
-3.12424e-06
4.37508e-05
-4.37492e-05
-9.37424e-06
5.00008e-05
.000159376
.000109376
-3.74992e-05
-.000115624
-.000137499
-6.24924e-06
3.43758e-05
-1.87492e-05
5.31258e-05
9.06258e-05
-4.99992e-05
-2.18742e-05
7.50008e-05
.000103126
6.25008e-05
8.75008e-05
-1.56242e-05
5.93758e-05
-1.24992e-05
-9.37424e-06
-4.68742e-05
-3.43742e-05
-4.06242e-05
-3.12424e-06
5.00008e-05
-6.87492e-05
-.000112499
-2.18742e-05
6.25076e-06
3.12508e-05
-9.06242e-05
5.62508e-05
-2.81242e-05
4.37508e-05
-1.56242e-05
2.81258e-05
-3.12424e-06
6.56258e-05
6.56258e-05
1.87508e-05
-9.37492e-05
2.18758e-05
7.18758e-05
-8.12492e-05
3.12576e-06
-6.56242e-05
.000140626
.000143751
.000171876
3.12576e-06
-.000103124
-3.12424e-06
-3.12492e-05
-.000115624
-.000171874
-5.62492e-05
5.31258e-05
2.81258e-05
-2.18742e-05
-3.43742e-05
.000131251
9.37508e-05
3.75008e-05
-1.87492e-05
-9.37424e-06
2.18758e-05
5.00008e-05
-9.37424e-06
-4.99992e-05
6.25076e-06
.000112501
.000118751
-3.12492e-05
-6.24924e-06
-3.12424e-06
6.25076e-06
-9.37424e-06
-.000171874
-.000215624
-.000140624
5.62508e-05
.000156251
.000125001
-6.24924e-06
6.56258e-05
.000131251
4.37508e-05
9.68758e-05
3.43758e-05
-2.18742e-05
1.25008e-05
-7.18742e-05
-1.87492e-05
-4.68742e-05
6.56258e-05
8.12508e-05
7.62939e-10
-3.12424e-06
6.25008e-05
.000150001
-6.24924e-06
.000106251
8.75008e-05
5.00008e-05
5.00008e-05
-6.56242e-05
8.43758e-05
8.43758e-05
.000168751
.000196876
-3.12424e-06
6.56258e-05
7.62939e-10
2.50008e-05
1.87508e-05
-2.18742e-05
-4.68742e-05
-.000115624
-2.49992e-05
.000112501
7.18758e-05
.000109376
8.75008e-05
-3.12424e-06
-.000112499
-2.49992e-05
-2.18742e-05
-2.49992e-05
-5.31242e-05
-9.37424e-06
3.12508e-05
.000150001
9.37508e-05
.000140626
1.87508e-05
5.31258e-05
-1.56242e-05
-6.87492e-05
-5.31242e-05
-3.12492e-05
9.37576e-06
-6.24924e-06
7.62939e-10
3.12576e-06
-9.99992e-05
-8.74992e-05
-.000118749
-1.87492e-05
-1.87492e-05
-1.56242e-05
-4.06242e-05
3.12576e-06
-3.74992e-05
.000115626
9.68758e-05
3.75008e-05
-6.24992e-05
-.000131249
3.12576e-06
.000109376
-6.87492e-05
-.000106249
-.000112499
5.62508e-05
8.43758e-05
-1.24992e-05
-6.87492e-05
-4.06242e-05
7.81258e-05
7.62939e-10
3.75008e-05
4.06258e-05
7.81258e-05
8.12508e-05
-2.18742e-05
-4.99992e-05
-4.37492e-05
-2.81242e-05
5.93758e-05
-7.18742e-05
1.87508e-05
1.25008e-05
7.18758e-05
5.93758e-05
-7.81242e-05
-.000128124
7.62939e-10
7.81258e-05
8.43758e-05
4.06258e-05
-6.87492e-05
4.06258e-05
.000100001
.000131251
-9.37492e-05
-7.49992e-05
-8.74992e-05
-4.06242e-05
-8.43742e-05
-8.74992e-05
-3.12424e-06
6.25008e-05
.000125001
.000109376
7.18758e-05
-5.31242e-05
2.18758e-05
5.93758e-05
-1.24992e-05
-4.06242e-05
-7.49992e-05
-1.56242e-05
-9.99992e-05
-3.12492e-05
-5.31242e-05
5.31258e-05
8.75008e-05
3.12576e-06
-1.87492e-05
-2.49992e-05
6.25076e-06
9.06258e-05
-2.49992e-05
-3.74992e-05
-6.24992e-05
9.37508e-05
.000150001
7.81258e-05
-1.87492e-05
-5.62492e-05
-1.56242e-05
-4.37492e-05
-1.56242e-05
-7.18742e-05
-1.87492e-05
3.12508e-05
.000121876
3.43758e-05
4.37508e-05
3.75008e-05
.000103126
4.68758e-05
-5.62492e-05
3.12576e-06
5.62508e-05
.000118751
6.87508e-05
9.37576e-06
-2.49992e-05
1.25008e-05
3.75008e-05
-3.12424e-06
-2.81242e-05
2.18758e-05
6.56258e-05
5.62508e-05
4.68758e-05
-9.99992e-05
-7.18742e-05
7.62939e-10
-3.74992e-05
-2.18742e-05
5.93758e-05
3.12508e-05
-.000128124
-3.74992e-05
-1.24992e-05
-1.24992e-05
3.12576e-06
-6.87492e-05
7.62939e-10
6.87508e-05
7.81258e-05
.000106251
-1.24992e-05
7.18758e-05
2.81258e-05
3.43758e-05
6.25076e-06
-6.87492e-05
-4.06242e-05
-8.12492e-05
-.000124999
-.000106249
-.000115624
-3.12492e-05
1.87508e-05
4.37508e-05
3.43758e-05
-6.24924e-06
1.56258e-05
9.68758e-05
9.06258e-05
2.81258e-05
.000109376
9.68758e-05
4.37508e-05
-1.24992e-05
-3.12492e-05
.000103126
8.75008e-05
-5.62492e-05
-4.37492e-05
-1.87492e-05
-1.87492e-05
2.18758e-05
7.81258e-05
5.31258e-05
6.25008e-05
3.43758e-05
-2.18742e-05
-1.87492e-05
-4.68742e-05
1.87508e-05
-6.24924e-06
-1.87492e-05
-7.81242e-05
3.43758e-05
1.56258e-05
-2.81242e-05
7.62939e-10
-9.37492e-05
-1.87492e-05
9.37576e-06
.000125001
3.43758e-05
-6.56242e-05
6.87508e-05
5.93758e-05
-7.81242e-05
-2.49992e-05
-1.24992e-05
7.62939e-10
5.93758e-05
-2.49992e-05
-4.06242e-05
-.000131249
-2.49992e-05
.000159376
2.18758e-05
4.06258e-05
-1.87492e-05
2.81258e-05
-2.49992e-05
-4.37492e-05
-1.87492e-05
8.75008e-05
.000106251
1.87508e-05
2.81258e-05
-6.56242e-05
-5.31242e-05
7.50008e-05
5.93758e-05
.000100001
.000100001
.000137501
9.06258e-05
-2.49992e-05
-6.24924e-06
-2.49992e-05
-6.24992e-05
-2.18742e-05
2.50008e-05
-4.99992e-05
-4.68742e-05
7.18758e-05
9.37576e-06
-3.74992e-05
-5.93742e-05
-7.81242e-05
6.87508e-05
7.50008e-05
.000106251
.000112501
7.50008e-05
1.87508e-05
3.43758e-05
-6.24924e-06
7.62939e-10
4.37508e-05
-6.24924e-06
1.87508e-05
.000100001
7.81258e-05
.000118751
1.25008e-05
-8.12492e-05
-9.37492e-05
-2.18742e-05
-3.43742e-05
-9.37424e-06
6.25076e-06
7.18758e-05
5.62508e-05
.000112501
1.87508e-05
-3.12424e-06
6.25008e-05
7.62939e-10
.000100001
9.37576e-06
-9.99992e-05
4.06258e-05
6.56258e-05
3.12508e-05
.000100001
9.68758e-05
.000121876
8.12508e-05
-6.56242e-05
6.25076e-06
-6.24924e-06
5.93758e-05
5.00008e-05
-1.87492e-05
.000121876
3.43758e-05
.000121876
.000137501
-7.49992e-05
1.87508e-05
-7.81242e-05
-8.74992e-05
-1.87492e-05
.000156251
9.37508e-05
9.37508e-05
-4.37492e-05
-2.81242e-05
1.25008e-05
7.18758e-05
-1.87492e-05
1.56258e-05
-3.43742e-05
.000100001
4.06258e-05
-6.56242e-05
-.000103124
2.81258e-05
.000206251
.000131251
6.87508e-05
3.75008e-05
-3.43742e-05
-2.49992e-05
3.12576e-06
3.75008e-05
-3.74992e-05
-3.12492e-05
5.93758e-05
8.43758e-05
6.25008e-05
.000125001
.000128126
3.12576e-06
-3.74992e-05
3.12576e-06
-3.12424e-06
.000100001
-6.24924e-06
5.31258e-05
-2.18742e-05
7.62939e-10
7.50008e-05
7.18758e-05
-9.37424e-06
-4.06242e-05
3.12508e-05
.000106251
-4.68742e-05
-9.99992e-05
-3.43742e-05
5.93758e-05
.000106251
-5.62492e-05
-8.12492e-05
-2.49992e-05
.000100001
.000159376
9.68758e-05
1.56258e-05
4.37508e-05
.000156251
.000140626
3.75008e-05
3.75008e-05
.000112501
4.68758e-05
3.12508e-05
3.43758e-05
3.43758e-05
2.18758e-05
1.87508e-05
3.43758e-05
-4.06242e-05
1.87508e-05
3.75008e-05
-6.87492e-05
9.37576e-06
-9.37424e-06
.000137501
.000137501
9.06258e-05
-4.68742e-05
-1.87492e-05
7.18758e-05
.000121876
5.93758e-05
2.50008e-05
9.37576e-06
9.68758e-05
9.37508e-05
7.50008e-05
3.12576e-06
-3.74992e-05
-6.56242e-05
-1.87492e-05
-2.18742e-05
.000103126
9.06258e-05
3.75008e-05
-4.68742e-05
4.68758e-05
-1.87492e-05
1.87508e-05
7.18758e-05
2.18758e-05
6.56258e-05
5.62508e-05
9.68758e-05
.000125001
6.56258e-05
7.50008e-05
.000175001
3.43758e-05
-7.49992e-05
-7.49992e-05
-.000146874
-8.74992e-05
-4.06242e-05
-3.43742e-05
-6.24924e-06
4.06258e-05
-9.37424e-06
-1.87492e-05
6.25076e-06
3.43758e-05
5.00008e-05
1.25008e-05
2.18758e-05
2.18758e-05
7.50008e-05
8.12508e-05
-5.93742e-05
-5.93742e-05
-2.18742e-05
3.12576e-06
5.31258e-05
2.81258e-05
1.56258e-05
8.75008e-05
3.43758e-05
2.50008e-05
3.43758e-05
4.68758e-05
1.25008e-05
6.25076e-06
-.000131249
-7.81242e-05
-2.81242e-05
4.68758e-05
4.68758e-05
5.62508e-05
.000118751
.000175001
.000159376
.000106251
9.37576e-06
9.06258e-05
.000143751
5.93758e-05
-8.12492e-05
-9.37424e-06
5.93758e-05
9.06258e-05
8.75008e-05
7.81258e-05
2.81258e-05
3.43758e-05
5.00008e-05
3.12508e-05
6.87508e-05
9.06258e-05
.000143751
5.62508e-05
4.37508e-05
5.93758e-05
9.37508e-05
.000134376
7.50008e-05
-3.12424e-06
-3.12424e-06
9.37508e-05
.000159376
4.37508e-05
-1.24992e-05
7.81258e-05
3.75008e-05
5.31258e-05
7.62939e-10
1.87508e-05
.000103126
.000209376
.000165626
.000137501
6.25076e-06
-2.81242e-05
5.93758e-05
2.81258e-05
5.31258e-05
.000140626
9.37508e-05
7.50008e-05
4.37508e-05
.000115626
.000103126
.000125001
7.81258e-05
-5.62492e-05
-.000115624
3.12576e-06
.000112501
4.68758e-05
7.50008e-05
.000137501
-3.12492e-05
-1.56242e-05
2.18758e-05
-1.87492e-05
-6.24924e-06
2.50008e-05
-7.49992e-05
-3.74992e-05
6.25076e-06
9.68758e-05
.000118751
.000153126
5.62508e-05
-9.37424e-06
-2.81242e-05
-2.18742e-05
-9.37492e-05
2.18758e-05
9.37508e-05
9.06258e-05
5.00008e-05
-6.24992e-05
1.56258e-05
.000150001
5.00008e-05
-.000106249
-.000131249
-9.37424e-06
8.12508e-05
.000109376
.000140626
6.87508e-05
7.50008e-05
2.50008e-05
-3.74992e-05
-2.81242e-05
7.62939e-10
6.25076e-06
7.18758e-05
-6.24924e-06
5.93758e-05
6.87508e-05
8.43758e-05
7.81258e-05
-3.43742e-05
9.68758e-05
.000112501
5.00008e-05
5.62508e-05
1.25008e-05
5.31258e-05
7.18758e-05
9.37576e-06
-5.93742e-05
-9.68742e-05
4.06258e-05
.000181251
9.37576e-06
1.87508e-05
-3.43742e-05
3.75008e-05
3.12576e-06
6.87508e-05
7.81258e-05
.000112501
6.25076e-06
-7.81242e-05
-5.31242e-05
-5.31242e-05
8.43758e-05
.000131251
.000106251
-9.37424e-06
-1.87492e-05
7.18758e-05
7.81258e-05
-2.81242e-05
-5.31242e-05
3.75008e-05
8.75008e-05
3.43758e-05
-9.37424e-06
-5.62492e-05
-3.12424e-06
6.56258e-05
4.68758e-05
1.56258e-05
-1.24992e-05
1.56258e-05
-3.74992e-05
3.12576e-06
-5.31242e-05
-9.99992e-05
5.93758e-05
5.93758e-05
.000112501
9.68758e-05
9.06258e-05
8.12508e-05
-7.18742e-05
-1.56242e-05
-1.56242e-05
-3.12492e-05
-2.81242e-05
.000109376
-4.37492e-05
-8.43742e-05
5.62508e-05
3.12576e-06
-4.06242e-05
3.12576e-06
1.25008e-05
9.37508e-05
6.25008e-05
5.00008e-05
-6.24924e-06
2.81258e-05
4.68758e-05
9.68758e-05
5.31258e-05
-3.12492e-05
-9.37492e-05
-3.12492e-05
.000115626
6.56258e-05
5.93758e-05
1.56258e-05
7.81258e-05
-1.24992e-05
9.06258e-05
3.12576e-06
4.06258e-05
2.81258e-05
-7.18742e-05
5.00008e-05
7.62939e-10
.000100001
9.37508e-05
2.81258e-05
-2.81242e-05
-.000174999
-3.43742e-05
-2.81242e-05
.000153126
.000156251
-9.37424e-06
-5.31242e-05
-5.31242e-05
-4.99992e-05
2.50008e-05
-9.37424e-06
3.12508e-05
.000121876
6.56258e-05
3.12508e-05
5.93758e-05
.000106251
.000100001
2.18758e-05
-4.68742e-05
-.000112499
-.000103124
.000112501
.000134376
.000218751
5.93758e-05
-1.24992e-05
2.18758e-05
2.18758e-05
2.50008e-05
-3.43742e-05
-1.56242e-05
-5.31242e-05
-4.99992e-05
4.68758e-05
-1.87492e-05
5.00008e-05
.000118751
.000128126
9.37508e-05
6.87508e-05
5.31258e-05
.000103126
7.81258e-05
-2.81242e-05
-1.24992e-05
-.000103124
-8.43742e-05
3.43758e-05
7.50008e-05
3.12508e-05
.000162501
.000196876
3.12508e-05
4.06258e-05
-3.12492e-05
9.68758e-05
7.18758e-05
-2.49992e-05
3.12576e-06
-2.18742e-05
9.37576e-06
4.06258e-05
4.06258e-05
-5.62492e-05
-1.24992e-05
5.00008e-05
7.81258e-05
7.18758e-05
7.50008e-05
7.18758e-05
.000159376
-4.37492e-05
-4.37492e-05
-8.74992e-05
1.87508e-05
.000112501
1.25008e-05
-.000103124
-.000131249
3.43758e-05
7.50008e-05
9.06258e-05
4.37508e-05
6.56258e-05
8.75008e-05
3.75008e-05
8.75008e-05
9.37576e-06
-2.49992e-05
4.06258e-05
-9.37424e-06
-8.12492e-05
-7.18742e-05
-1.24992e-05
.000112501
6.87508e-05
-5.93742e-05
-8.43742e-05
-7.81242e-05
8.12508e-05
8.75008e-05
7.81258e-05
3.43758e-05
5.00008e-05
.000131251
3.43758e-05
1.56258e-05
3.43758e-05
4.68758e-05
3.75008e-05
7.62939e-10
-6.24992e-05
-9.99992e-05
-6.87492e-05
-8.12492e-05
-3.43742e-05
2.81258e-05
9.37508e-05
9.06258e-05
6.56258e-05
.000118751
.000100001
4.37508e-05
2.81258e-05
-.000131249
-9.99992e-05
6.25076e-06
3.12508e-05
7.18758e-05
.000162501
.000137501
3.43758e-05
-3.43742e-05
6.25076e-06
3.43758e-05
2.18758e-05
-3.12424e-06
-5.31242e-05
-.000159374
-4.99992e-05
7.81258e-05
.000143751
3.43758e-05
3.75008e-05
6.25076e-06
-1.24992e-05
6.87508e-05
-1.56242e-05
7.62939e-10
4.06258e-05
1.87508e-05
6.87508e-05
-4.99992e-05
5.31258e-05
6.87508e-05
-2.49992e-05
-3.74992e-05
-4.06242e-05
5.62508e-05
4.68758e-05
7.81258e-05
3.75008e-05
4.06258e-05
-3.43742e-05
-4.68742e-05
-.000134374
3.43758e-05
9.37508e-05
.000165626
.000125001
3.75008e-05
-2.81242e-05
-3.12492e-05
3.12576e-06
-7.18742e-05
-.000118749
-9.37492e-05
7.62939e-10
.000109376
5.00008e-05
.000115626
9.37508e-05
8.43758e-05
-7.49992e-05
-.000159374
-8.12492e-05
6.87508e-05
7.81258e-05
3.75008e-05
-1.24992e-05
-9.37492e-05
-2.81242e-05
7.81258e-05
9.37576e-06
-7.49992e-05
3.12576e-06
9.37508e-05
7.50008e-05
-9.37424e-06
1.87508e-05
.000103126
.000134376
8.12508e-05
-4.37492e-05
-.000109374
-9.06242e-05
1.56258e-05
-7.81242e-05
-6.24992e-05
-7.18742e-05
4.68758e-05
8.43758e-05
3.12508e-05
.000165626
.000143751
9.06258e-05
2.18758e-05
-6.24992e-05
3.12576e-06
7.50008e-05
.000278126
.000228126
-1.56242e-05
-3.12492e-05
-8.12492e-05
-7.49992e-05
-6.56242e-05
-3.43742e-05
3.12576e-06
.000153126
.000121876
.000150001
7.50008e-05
4.68758e-05
.000106251
4.37508e-05
3.43758e-05
-4.37492e-05
-1.56242e-05
-1.24992e-05
-6.24924e-06
3.12508e-05
3.75008e-05
6.56258e-05
-3.12424e-06
-1.87492e-05
-3.43742e-05
2.81258e-05
7.50008e-05
-6.24924e-06
1.87508e-05
3.43758e-05
5.62508e-05
.000125001
.000115626
.000100001
-9.37492e-05
-7.49992e-05
-.000162499
-9.99992e-05
-4.68742e-05
3.12576e-06
6.25008e-05
9.37508e-05
4.68758e-05
-6.24992e-05
-6.24992e-05
2.18758e-05
6.25076e-06
-7.81242e-05
-4.37492e-05
-6.24992e-05
-4.99992e-05
-8.12492e-05
-4.99992e-05
-4.99992e-05
-.000128124
-2.49992e-05
1.25008e-05
9.37576e-06
9.37576e-06
5.62508e-05
9.37576e-06
-5.62492e-05
-7.49992e-05
-7.18742e-05
9.37508e-05
3.75008e-05
-9.37424e-06
2.50008e-05
1.25008e-05
6.25076e-06
-3.12492e-05
3.12576e-06
.000100001
8.75008e-05
-2.81242e-05
-5.31242e-05
-1.56242e-05
6.25076e-06
5.62508e-05
-5.93742e-05
-3.12424e-06
6.87508e-05
-2.49992e-05
-4.37492e-05
-7.81242e-05
-8.74992e-05
7.50008e-05
4.37508e-05
3.75008e-05
-5.93742e-05
-3.12424e-06
9.68758e-05
6.56258e-05
7.81258e-05
6.56258e-05
4.37508e-05
9.37508e-05
-9.37424e-06
-6.87492e-05
7.81258e-05
.000159376
9.37508e-05
7.62939e-10
-7.81242e-05
5.31258e-05
8.43758e-05
5.00008e-05
-9.37492e-05
-.000121874
-.000103124
1.87508e-05
4.06258e-05
5.62508e-05
-2.81242e-05
-3.43742e-05
.000131251
.000118751
6.25008e-05
1.56258e-05
7.18758e-05
8.75008e-05
-9.37424e-06
-.000118749
-.000103124
.000103126
.000146876
9.37508e-05
2.81258e-05
4.68758e-05
-2.49992e-05
6.25076e-06
-5.62492e-05
-.000131249
6.87508e-05
-3.12424e-06
6.25076e-06
-9.37424e-06
1.56258e-05
.000143751
9.68758e-05
9.06258e-05
-.000140624
-6.56242e-05
-1.56242e-05
7.62939e-10
2.18758e-05
-.000109374
-5.31242e-05
4.37508e-05
5.93758e-05
.000140626
.000121876
.000118751
2.50008e-05
3.43758e-05
-7.81242e-05
-1.24992e-05
9.37576e-06
-3.12424e-06
-3.12492e-05
1.87508e-05
-6.24924e-06
6.87508e-05
-5.62492e-05
-7.18742e-05
-.000115624
-9.99992e-05
-9.68742e-05
-6.87492e-05
-9.99992e-05
2.81258e-05
1.25008e-05
5.31258e-05
3.43758e-05
9.06258e-05
3.12508e-05
3.12576e-06
6.25076e-06
1.25008e-05
-5.62492e-05
-5.31242e-05
6.25076e-06
-1.87492e-05
-6.24924e-06
6.87508e-05
-1.56242e-05
2.18758e-05
7.62939e-10
7.50008e-05
1.25008e-05
6.25008e-05
7.62939e-10
-4.37492e-05
1.25008e-05
2.18758e-05
-9.06242e-05
-.000149999
-.000193749
-3.12424e-06
.000131251
.000162501
9.37508e-05
2.50008e-05
-6.24924e-06
4.68758e-05
8.75008e-05
.000100001
9.37576e-06
5.93758e-05
6.25008e-05
6.56258e-05
9.37508e-05
.000146876
.000109376
6.25008e-05
-7.49992e-05
2.50008e-05
-6.56242e-05
5.00008e-05
-3.12492e-05
-2.49992e-05
.000100001
.000175001
.000115626
.000112501
1.87508e-05
7.50008e-05
9.06258e-05
-3.74992e-05
-.000103124
3.75008e-05
9.68758e-05
.000175001
8.12508e-05
5.93758e-05
7.81258e-05
.000128126
2.18758e-05
5.31258e-05
9.68758e-05
4.37508e-05
2.81258e-05
-2.81242e-05
-6.24992e-05
-1.87492e-05
9.37508e-05
.000100001
-6.24924e-06
-6.24924e-06
-6.56242e-05
5.31258e-05
.000121876
4.68758e-05
-4.37492e-05
7.18758e-05
2.50008e-05
4.68758e-05
9.37508e-05
-1.56242e-05
-2.49992e-05
-1.87492e-05
-5.62492e-05
-.000103124
-5.93742e-05
7.50008e-05
4.37508e-05
7.81258e-05
-3.12424e-06
4.06258e-05
-7.49992e-05
-3.12424e-06
3.12576e-06
6.56258e-05
.000121876
1.25008e-05
-4.06242e-05
-8.43742e-05
-6.24992e-05
9.37576e-06
4.06258e-05
-.000106249
-.000174999
-9.37492e-05
-4.06242e-05
3.43758e-05
2.18758e-05
-5.31242e-05
-1.56242e-05
-6.24992e-05
-8.12492e-05
-3.74992e-05
-.000121874
-9.37492e-05
-6.87492e-05
-2.81242e-05
-3.12492e-05
7.62939e-10
4.37508e-05
9.68758e-05
.000121876
-6.24924e-06
-9.68742e-05
-7.81242e-05
-4.37492e-05
9.37508e-05
.000175001
5.00008e-05
2.18758e-05
-7.49992e-05
-.000115624
-.000134374
-.000131249
-5.31242e-05
-.000103124
-5.93742e-05
-8.12492e-05
-9.37424e-06
.000146876
-6.24924e-06
-6.24924e-06
-1.87492e-05
-7.18742e-05
5.93758e-05
8.12508e-05
5.00008e-05
-6.24924e-06
-1.24992e-05
-9.68742e-05
5.31258e-05
-6.87492e-05
-1.56242e-05
-2.18742e-05
5.93758e-05
2.18758e-05
3.75008e-05
-2.81242e-05
-3.74992e-05
-4.37492e-05
2.18758e-05
7.50008e-05
2.18758e-05
-3.12492e-05
-4.99992e-05
-3.43742e-05
-4.99992e-05
-7.81242e-05
-4.37492e-05
-9.37424e-06
-2.18742e-05
-6.56242e-05
-2.18742e-05
9.37508e-05
8.43758e-05
8.43758e-05
3.12576e-06
-2.81242e-05
-6.24924e-06
7.18758e-05
-9.37424e-06
-7.81242e-05
-8.12492e-05
7.62939e-10
-6.24924e-06
-2.49992e-05
1.56258e-05
2.50008e-05
.000128126
3.75008e-05
1.25008e-05
9.37576e-06
3.43758e-05
-2.49992e-05
.000121876
9.06258e-05
1.25008e-05
-7.18742e-05
3.12576e-06
4.37508e-05
7.50008e-05
-4.68742e-05
1.56258e-05
4.37508e-05
.000131251
.000118751
1.87508e-05
.000121876
9.68758e-05
.000146876
-1.56242e-05
4.06258e-05
.000103126
5.93758e-05
5.00008e-05
4.37508e-05
5.00008e-05
7.50008e-05
.000134376
5.93758e-05
7.81258e-05
9.37576e-06
.000162501
.000115626
9.68758e-05
7.50008e-05
-1.56242e-05
-9.37424e-06
6.87508e-05
-4.06242e-05
-9.06242e-05
7.62939e-10
-5.31242e-05
-1.24992e-05
2.18758e-05
2.18758e-05
.000121876
9.37508e-05
-3.12424e-06
-4.06242e-05
1.87508e-05
.000156251
.000100001
-3.74992e-05
-2.81242e-05
-8.43742e-05
-9.37424e-06
9.37576e-06
3.43758e-05
-5.93742e-05
-1.24992e-05
7.81258e-05
5.93758e-05
1.25008e-05
3.43758e-05
7.18758e-05
3.12508e-05
1.87508e-05
-3.43742e-05
-2.49992e-05
2.81258e-05
-5.62492e-05
-1.24992e-05
-2.18742e-05
-2.81242e-05
6.56258e-05
3.12508e-05
5.31258e-05
6.87508e-05
4.68758e-05
-1.56242e-05
-1.56242e-05
-2.49992e-05
7.18758e-05
5.00008e-05
9.37576e-06
-5.62492e-05
-1.87492e-05
-1.24992e-05
-2.81242e-05
5.00008e-05
6.56258e-05
4.37508e-05
-5.93742e-05
-5.93742e-05
-4.68742e-05
.000100001
-9.37424e-06
9.37576e-06
3.12576e-06
-3.43742e-05
3.75008e-05
.000137501
7.81258e-05
7.18758e-05
4.37508e-05
-7.49992e-05
-9.99992e-05
-6.24924e-06
-1.87492e-05
4.68758e-05
6.56258e-05
5.00008e-05
-.000115624
-.000103124
3.12508e-05
4.68758e-05
9.37508e-05
-7.81242e-05
-5.62492e-05
2.50008e-05
3.12576e-06
7.18758e-05
6.56258e-05
6.56258e-05
6.25008e-05
6.25076e-06
-2.18742e-05
-5.62492e-05
9.37576e-06
8.43758e-05
-1.87492e-05
-.000149999
-9.06242e-05
-.000109374
5.31258e-05
7.62939e-10
-1.56242e-05
-3.12424e-06
9.06258e-05
1.87508e-05
7.50008e-05
5.00008e-05
5.62508e-05
.000131251
.000115626
4.68758e-05
-3.12492e-05
6.25076e-06
3.12576e-06
3.75008e-05
-3.12492e-05
3.12576e-06
-1.24992e-05
6.25076e-06
1.87508e-05
3.12576e-06
-3.12424e-06
-6.24924e-06
-3.12424e-06
-.000112499
6.25076e-06
7.62939e-10
-3.12424e-06
3.75008e-05
-5.62492e-05
-.000134374
-5.93742e-05
.000156251
6.25008e-05
1.25008e-05
8.75008e-05
6.87508e-05
-1.56242e-05
5.00008e-05
3.12508e-05
.000131251
6.87508e-05
-2.49992e-05
-5.93742e-05
-.000112499
-8.12492e-05
