5000
2.e-09
500
.492645
-7.81246e-05
-.000171875
-.000196875
-.0001375
-.00023125
-.000203125
-.00015625
-8.43746e-05
-4.06246e-05
-7.18746e-05
-7.49996e-05
-6.87496e-05
-8.74996e-05
-.000128125
-.000196875
-.00013125
-4.99996e-05
-2.18746e-05
-9.06246e-05
-7.49996e-05
-9.06246e-05
-.000175
-.0002375
-.000184375
-.00029375
-.00010625
-.000215625
-.000115625
-9.99996e-05
-.000109375
-.00011875
-.0001875
-.000309375
-.00020625
-.000303125
-.000209375
-.000178125
-2.49996e-05
-4.06246e-05
-3.74996e-05
-3.74996e-05
-.000178125
-.000203125
-.000171875
-.000128125
-.000128125
-.000178125
-.00010625
-.0001125
-.000103125
-6.87496e-05
-.00021875
-.000140625
-.000190625
-8.74996e-05
-.000165625
-.000159375
-.0001375
-.000128125
-.000215625
-.0003
-.00024375
-.00018125
-.00011875
-.00015625
-.000171875
-.000175
-.000159375
-.00010625
-8.12496e-05
-5.31246e-05
-6.56246e-05
-2.49996e-05
-3.12496e-05
-7.81246e-05
-6.56246e-05
-.000215625
-.00013125
-7.18746e-05
-7.49996e-05
-.000125
-.00021875
-.00021875
-.00013125
-6.56246e-05
-.000109375
-.000265625
-.00025625
-.000253125
-.000296875
-.000278125
-.000246875
-.000125
-.000159375
-.0001375
-4.06246e-05
-.00010625
-.0001625
-7.18746e-05
-6.24996e-05
-9.37462e-06
-2.49996e-05
-9.37462e-06
-.0001375
-.000115625
-5.93746e-05
-.0001375
-.000196875
-.0002625
-.00029375
-.000246875
-.000253125
-.000178125
-.00014375
-.0001625
-.0001625
-.000203125
-.00030625
-.000334375
-.00020625
-.000215625
-.00015
-.000109375
-.000109375
-5.93746e-05
-9.68746e-05
3.12538e-06
3.8147e-10
-6.56246e-05
-6.56246e-05
-.000128125
-.00010625
-.00013125
-9.37496e-05
-.000159375
-5.31246e-05
-.000228125
-.000271875
-.0002
-.000178125
-.0001875
-.00016875
-.00020625
-.000184375
-.0002
-.00015625
-7.18746e-05
-.00011875
-6.87496e-05
-7.81246e-05
-.00015625
-.000175
-.000175
-7.49996e-05
-2.18746e-05
7.18754e-05
1.87504e-05
-.00013125
-.000196875
-.0001625
-9.68746e-05
-.0002
-.000134375
-.000190625
-.000259375
-.000134375
-.00025
-.000228125
-.000225
-.000221875
-.000134375
-7.49996e-05
-6.56246e-05
2.81254e-05
-3.43746e-05
1.87504e-05
-7.18746e-05
-9.99996e-05
-.0001875
-.00015
-9.68746e-05
-6.56246e-05
-6.56246e-05
-.00011875
-8.74996e-05
-8.43746e-05
-6.56246e-05
-.000159375
-.000146875
-.00013125
-.00014375
-7.49996e-05
-.00016875
-3.43746e-05
6.25038e-06
-.000121875
-8.74996e-05
-.000175
-.000209375
-8.43746e-05
-1.24996e-05
3.43754e-05
5.62504e-05
-.000134375
-.000121875
-8.43746e-05
-5.31246e-05
-9.37496e-05
-8.43746e-05
-.000171875
-.000234375
-.000209375
-.000171875
-.000175
-.00018125
-.000121875
-.000165625
-.000115625
-.00015625
-.00018125
-.000178125
-.000159375
-4.68746e-05
-.000121875
-.0002
-.000153125
-.0001125
-2.49996e-05
-.00015
-9.37496e-05
-.000125
-.000128125
-.000165625
-9.68746e-05
-.000103125
-.000259375
-.000325
-5.62496e-05
-.000159375
-6.24996e-05
-6.56246e-05
-4.68746e-05
-6.87496e-05
-8.43746e-05
-.0001875
-.000321875
-.00031875
-.0002625
-.000175
-.00020625
-.000203125
-.000184375
-.000153125
-.000171875
-.000290625
-.00028125
-.000271875
-.0002
-.000165625
-.000109375
-.0001375
-3.12496e-05
-.00010625
-9.68746e-05
-.00013125
-.00020625
-.00018125
-.000159375
-.000121875
-7.49996e-05
-.00020625
-.00020625
-.000178125
-.0002375
-.000240625
-.000221875
-.00024375
-8.74996e-05
-.00011875
-.000171875
-.00013125
-.00018125
-6.56246e-05
-.000159375
-.000128125
-.000190625
-.00030625
-.000228125
-3.43746e-05
-2.18746e-05
-.00011875
-9.68746e-05
-.000103125
-.000125
-.00013125
-.00018125
-.00021875
-.000196875
-9.37496e-05
-.000225
-.000178125
-.000159375
-.000178125
-.00020625
-.000175
-.000190625
-.00019375
-.0002125
-9.68746e-05
-2.18746e-05
-4.68746e-05
-1.56246e-05
-.000134375
-9.06246e-05
-4.06246e-05
-7.81246e-05
-8.74996e-05
-.00013125
-.000178125
-.00011875
-8.74996e-05
-7.18746e-05
-2.81246e-05
-.00013125
-.0002625
-.00030625
-.000209375
-.00015
-.000146875
-.00024375
-.000175
-.000175
-.000203125
-.00010625
-5.93746e-05
-8.43746e-05
-.000103125
-.00021875
-.000128125
-5.93746e-05
-5.62496e-05
-5.62496e-05
-.000175
-.000240625
-.000190625
-.00013125
-.000140625
-.000165625
-.000240625
-.00021875
-.0002125
-.000271875
-.000203125
-.00018125
-7.49996e-05
-9.99996e-05
-.0001375
-.00021875
-.000175
-.000290625
-.000221875
-.0001875
-.000125
-.000190625
-.000196875
-8.43746e-05
2.18754e-05
-1.24996e-05
-.00015
-.00021875
-.000203125
-.000259375
-.000228125
-9.99996e-05
-.000125
-8.43746e-05
-.000115625
-.000240625
-.000175
-.0002875
-.00025625
-.000265625
-.000278125
-.000175
-5.31246e-05
-9.68746e-05
-.00013125
-.00011875
-.00010625
-.000265625
-.000296875
-.000125
1.87504e-05
-5.31246e-05
-9.06246e-05
-.00010625
-.000196875
-.000184375
-.000178125
-.000159375
-9.37496e-05
-2.49996e-05
-3.74996e-05
-.000178125
-.000159375
-.000125
-.0002125
-.0003125
-.000315625
-.000271875
-.000309375
-.000109375
-6.87496e-05
-7.18746e-05
-.0001375
-.00025
-.000275
-.000240625
-.00014375
-4.99996e-05
-.000121875
-5.62496e-05
3.12504e-05
-6.24996e-05
-9.06246e-05
-.00016875
-.000178125
-.000128125
-.000128125
-.000221875
-.000175
-.00020625
-.000196875
-.000178125
-.000321875
-.00035625
-.000303125
-.000321875
-.000184375
-8.43746e-05
-1.87496e-05
-6.24996e-05
-.0001125
-9.68746e-05
-.000109375
1.87504e-05
-1.24996e-05
-4.99996e-05
-9.37462e-06
-4.99996e-05
-7.18746e-05
-6.24996e-05
-.000140625
-.000128125
-.000165625
-.00023125
-.000171875
-.000115625
-.0001875
-.000103125
-.000265625
-.00023125
-.000134375
-.0002125
-.000203125
-.0001375
-.00018125
-.000109375
-.0001625
-.000196875
-.00019375
-.000128125
-.000140625
-9.99996e-05
-5.62496e-05
-.0001375
-.000165625
-.000225
-.00028125
-.000246875
-.000271875
-.000209375
-.000159375
-7.81246e-05
-8.43746e-05
-.000140625
-.000228125
-.00028125
-.000259375
-.00015
-.00024375
-.000178125
-.000303125
-.00025625
-.00018125
-.000209375
-.000190625
-.00025
-.000234375
-.000203125
-.000215625
-.00015
-.000153125
-.00014375
-.000178125
-.000265625
-.0003125
-.000221875
-.00020625
-.000175
-.0001625
-.000190625
-.00023125
-.000140625
-.000190625
-9.37496e-05
-.00016875
-.00025625
-.000275
-.0002375
-.00023125
-.000140625
-.00011875
-.0001375
-.000215625
-.000246875
-.000209375
-.000159375
-1.24996e-05
.000103125
.00013125
5.93754e-05
.00011875
.0001375
.00024375
.00016875
.000203125
.000190625
.0002625
.000396875
.00060625
.000753125
.000871875
.000959375
.00107813
.00118125
.0012375
.00147813
.00164063
.00180938
.0021125
.00238125
.00278125
.0031
.00329375
.00346875
.00365938
.0039375
.00425938
.00466875
.00507813
.0054375
.005825
.00625938
.00667188
.00689688
.007275
.00754688
.00765938
.00802188
.00836875
.00866875
.00907188
.009225
.00945
.0096375
.00970313
.00980938
.00982813
.00978438
.00976875
.00980625
.00979375
.00970625
.00955625
.00935938
.00913438
.00894688
.00865313
.00822813
.00796875
.007625
.0073
.00691875
.00644688
.00602188
.00565313
.00521875
.0047375
.00419688
.00373125
.00324688
.0027875
.00240938
.00190938
.00149688
.000959375
.000509375
2.50004e-05
-.00050625
-.0010625
-.0016
-.00215937
-.0026625
-.00324375
-.00371875
-.004225
-.00468125
-.00516875
-.00572187
-.00620625
-.00687187
-.00743437
-.007925
-.00844375
-.00875
-.0091125
-.0096375
-.0100312
-.0105031
-.0109406
-.0114031
-.0119375
-.0123781
-.012775
-.0131156
-.0134187
-.0137281
-.0142531
-.0148531
-.0152937
-.0157312
-.0160437
-.016375
-.0166469
-.0169594
-.0172062
-.0175469
-.01785
-.0181937
-.0186375
-.0189687
-.0192844
-.0195
-.0195844
-.0198094
-.019875
-.0200562
-.0201906
-.0205312
-.0207594
-.0208625
-.0210031
-.0210531
-.0210437
-.0211031
-.0210562
-.021075
-.0211062
-.0211062
-.0211562
-.0212875
-.0212125
-.0210062
-.0207
-.0204812
-.0202344
-.0199906
-.019625
-.0193062
-.0189656
-.0185219
-.0179469
-.0173094
-.0167281
-.0159969
-.0152562
-.0143219
-.0133375
-.0122125
-.0109437
-.00944062
-.0075875
-.00554375
-.003075
-.000203125
.00379063
.0104969
.02425
.0436687
.0609969
.067725
.0656156
.0601719
.0560969
.0545906
.0543531
.0533031
.0513656
.0487469
.046575
.0447812
.0433437
.0418281
.0401656
.0383469
.0366719
.0349844
.0335125
.0320062
.0305156
.0289312
.0276031
.0262937
.0249406
.0236531
.0223687
.0211406
.0198219
.0185406
.0174
.0162219
.0150875
.0139281
.012825
.0117094
.0107094
.00986875
.00902188
.00813125
.00722188
.0062375
.00519688
.0043625
.00340625
.002525
.00167188
.00075625
-7.81246e-05
-.0008
-.00151562
-.0021875
-.00295
-.00374687
-.00462187
-.0053125
-.0059625
-.00654375
-.0071875
-.00784687
-.00841875
-.0091375
-.0097125
-.0104781
-.0109312
-.0115375
-.0121812
-.0127031
-.0131656
-.0137
-.0140156
-.0144937
-.01505
-.0155594
-.0160875
-.0166469
-.0170875
-.0174687
-.0179281
-.0182812
-.0186656
-.0190562
-.0193812
-.0197312
-.020125
-.0204812
-.0206719
-.021075
-.0212656
-.0215687
-.0217875
-.0221344
-.022425
-.0227719
-.0229656
-.0230375
-.0232375
-.0234094
-.0235844
-.0237969
-.0239344
-.0240937
-.0242781
-.0244344
-.0243656
-.0243562
-.0244031
-.0242312
-.0242031
-.0242406
-.02425
-.0242094
-.024175
-.0240625
-.0238531
-.023575
-.0233687
-.0230656
-.0227406
-.0224875
-.022075
-.0217094
-.02115
-.0205969
-.0200281
-.0193969
-.0186281
-.0178406
-.0168812
-.0158937
-.0148062
-.0135469
-.0121375
-.0105437
-.00876562
-.00674062
-.004425
-.00172812
.00150625
.00574063
.0114719
.0204219
.0333562
.0472875
.0571906
.0602156
.0584781
.0551937
.0528969
.0519187
.0508594
.0496219
.0477281
.0457219
.0438531
.0422031
.0408187
.0392781
.0378094
.0362281
.0347187
.0331156
.0316937
.0303062
.0291281
.0277781
.0263625
.0250625
.0237469
.0222937
.0210937
.0199375
.0188187
.0178937
.0168375
.0156656
.0145656
.0135281
.0124906
.0113438
.0103906
.0093625
.00849375
.0076125
.006925
.00609688
.00528438
.0044125
.00346875
.00252813
.00158438
.000890625
.000228125
-.000475
-.00109062
-.00195625
-.00264062
-.0033625
-.00401875
-.00459687
-.005275
-.00597812
-.0066625
-.00725
-.00774375
-.00827187
-.00894687
-.00949687
-.0100625
-.0106281
-.0112187
-.0117344
-.0122094
-.0127
-.0131344
-.0136156
-.0142812
-.0147094
-.0150187
-.0154594
-.0158656
-.016375
-.0167719
-.0172344
-.0176219
-.018025
-.0183375
-.0187406
-.0190906
-.0193844
-.0196906
-.0199312
-.0202625
-.0205469
-.0208031
-.0210844
-.0213594
-.0215219
-.0216875
-.0218031
-.0220219
-.0221562
-.0223031
-.0225187
-.0226687
-.0229031
-.0229344
-.0229
-.0229281
-.02295
-.0230625
-.023075
-.0228719
-.0229312
-.0228031
-.0226437
-.022525
-.0223187
-.0221687
-.0219406
-.0216094
-.0213406
-.0210812
-.0206875
-.0202
-.0197187
-.0190969
-.0184844
-.0178281
-.0169906
-.0162562
-.0153719
-.0143094
-.0133156
-.0120594
-.0106281
-.00918125
-.00728437
-.00521875
-.00272187
.00021875
.00378125
.00843438
.015425
.0264969
.0408531
.053425
.0596281
.0594594
.0562281
.0533125
.0517281
.0509312
.0499219
.0482594
.0461125
.0439719
.0422531
.0407875
.0393344
.0379594
.0363875
.0347156
.0331437
.0315656
.0302719
.0289187
.0276344
.0263094
.0249906
.0236094
.0224594
.0213656
.0201312
.0190125
.0177781
.01645
.01545
.0144125
.0135406
.0124781
.011425
.0105313
.00955625
.0086375
.007825
.00677813
.00595313
.004975
.00408125
.00326875
.00237813
.00168125
.000896875
.000159375
-.00065625
-.00136875
-.0021
-.00279062
-.0034625
-.0042125
-.0049875
-.005525
-.00610937
-.00673437
-.007325
-.0078625
-.0084875
-.00913437
-.00972187
-.0102906
-.0107594
-.0113094
-.0118312
-.0123344
-.0128656
-.0133594
-.0139312
-.0143062
-.0148687
-.0153187
-.0158062
-.0161844
-.016625
-.0169281
-.0173875
-.0177344
-.0180344
-.0184562
-.0187969
-.0191812
-.0195219
-.0198437
-.0201187
-.0204375
-.0206312
-.0209875
-.0212094
-.0214094
-.0216344
-.0218094
-.022025
-.0222156
-.0224687
-.022625
-.0227219
-.0229281
-.0231281
-.0230781
-.0230594
-.0230906
-.0232125
-.0232187
-.0232062
-.0230812
-.0230281
-.0230219
-.0229437
-.0228656
-.0226219
-.022325
-.0221031
-.0219187
-.0215844
-.0213312
-.0209906
-.0205406
-.0200844
-.0195187
-.0190156
-.0184437
-.0177937
-.0170281
-.0160594
-.0151281
-.0140094
-.0127812
-.011525
-.0100719
-.0084375
-.00660937
-.004275
-.00175937
.00125938
.00499688
.0100125
.0175094
.0285344
.0415844
.0525062
.0575969
.0573094
.0545969
.0522125
.050925
.0501844
.0489781
.0473
.0454531
.0435406
.0420437
.0404469
.0389406
.0373906
.0359156
.0345219
.0331625
.0318281
.030475
.0289656
.0276531
.0262594
.0249437
.0237
.0224625
.0211937
.0200844
.0188406
.0177781
.0167937
.0157875
.0146844
.0136438
.0125
.0114031
.0104438
.00958125
.00856563
.00760938
.00675938
.00611563
.0051875
.0044125
.0036375
.00284063
.001875
.00100938
.000334375
-.00046875
-.0011
-.0016875
-.00247187
-.003125
-.00394375
-.0045625
-.00525625
-.00589375
-.00651562
-.00715
-.007775
-.00841562
-.00894375
-.00955625
-.0100375
-.0107094
-.01125
-.0118187
-.0122812
-.0128219
-.0132469
-.0136531
-.0141031
-.0145281
-.0149812
-.0155281
-.0159406
-.0163375
-.0167031
-.0171344
-.0176
-.0179312
-.0183
-.0186125
-.0190594
-.0192875
-.0197687
-.0200719
-.0202875
-.0205719
-.0207875
-.0210906
-.0213656
-.0216156
-.0218719
-.0220062
-.0221562
-.0224594
-.0224906
-.0226687
-.0228094
-.0229375
-.022875
-.0228469
-.0229219
-.0230437
-.0231125
-.0231281
-.0231906
-.0231375
-.023075
-.022975
-.0228969
-.0227344
-.0224875
-.0222906
-.0220406
-.021825
-.021525
-.0212094
-.02075
-.0201531
-.019575
-.0191562
-.0185562
-.0179437
-.01715
-.0162594
-.01535
-.0144125
-.0131469
-.0118906
-.0104844
-.00878437
-.00703125
-.00486562
-.00234375
.000615625
.00430313
.00904375
.0162844
.0272937
.0407687
.0522812
.0579719
.0579094
.0551844
.0526594
.0511562
.0503531
.0492906
.0478
.0458281
.0438312
.0421625
.0406969
.0390937
.0376781
.0361344
.0346406
.0331437
.0316687
.0302594
.0289312
.0276625
.0263969
.0252
.0239156
.0225562
.0213812
.0201781
.0191156
.0179062
.0168406
.0158125
.0146875
.0135969
.0125125
.0114844
.0105094
.00964063
.00869063
.0077375
.00691875
.0060625
.0053125
.00442813
.00344688
.00253438
.00163438
.000928125
.000278125
-.000365625
-.00114375
-.00181562
-.00250937
-.0031875
-.00400312
-.00470625
-.0053125
-.00599375
-.00660625
-.00712187
-.00777812
-.0084
-.00900625
-.00960937
-.0101937
-.0106844
-.0112906
-.0117344
-.012175
-.012625
-.0130594
-.0136594
-.0142062
-.014675
-.0151969
-.0156031
-.0160531
-.0164656
-.0169656
-.0172625
-.0175406
-.0178344
-.0182031
-.0186656
-.0189156
-.0193937
-.0197281
-.0200281
-.0202812
-.0206281
-.0208594
-.0211312
-.0213844
-.0215562
-.0217156
-.0219312
-.0221437
-.0223937
-.0225281
-.0226219
-.0227062
-.0228031
-.0228719
-.0229531
-.0229781
-.02305
-.0231344
-.0230844
-.0230469
-.0231156
-.0228969
-.0227937
-.0226781
-.0224562
-.0223187
-.0220156
-.0219562
-.0217219
-.0214094
-.0210656
-.0205937
-.0201344
-.0195844
-.0189781
-.0182875
-.0175812
-.0167781
-.016
-.0151094
-.0139219
-.0127344
-.0114187
-.00989375
-.0082375
-.00624375
-.00405
-.00152187
.00155938
.00550313
.0108875
.0189062
.030725
.0439969
.054275
.0582937
.0572469
.0543312
.0518969
.0508375
.0498594
.0487344
.047025
.045225
.0432531
.0417312
.0402469
.038825
.0373219
.0358281
.0342281
.0327594
.0313
.0299219
.0286219
.0273469
.0260437
.024875
.0235625
.0222781
.0210062
.0197469
.0185969
.0175594
.01645
.0154562
.0143969
.0134313
.0124094
.0113438
.0103563
.00929688
.0084125
.00754063
.00672813
.00582188
.005075
.00425
.00345625
.00259063
.0018125
.000971875
.000265625
-.000525
-.00124062
-.00201562
-.00283125
-.00350312
-.00411875
-.004675
-.0052875
-.00594375
-.00650312
-.00718125
-.00784375
-.00855937
-.00908437
-.0097625
-.0102031
-.0106844
-.0111906
-.0117156
-.0121812
-.0128062
-.0133344
-.0138781
-.0144406
-.0147969
-.0150781
-.0155219
-.0158969
-.0164375
-.0168031
-.0172469
-.0177375
-.0181406
-.0184781
-.0187406
-.0190062
-.0192969
-.01965
-.0199562
-.0202406
-.0205125
-.0207594
-.0211344
-.0212594
-.0214969
-.0217406
-.0219187
-.0221281
-.0224281
-.0226062
-.0228031
-.0229437
-.0228656
-.0228969
-.0230062
-.0229531
-.0230437
-.0231187
-.0231187
-.0230437
-.0230406
-.0230312
-.0228719
-.0227094
-.0225344
-.0223187
-.0221281
-.0219219
-.0215625
-.0212656
-.0209562
-.0205937
-.0200219
-.0194812
-.0188312
-.0182437
-.0176125
-.0168531
-.0159469
-.0149594
-.0138656
-.0126875
-.0113
-.00981562
-.00815312
-.0062125
-.00385937
-.0011875
.001975
.00612188
.0114969
.019875
.0318687
.0451125
.05475
.0582219
.0568875
.0541594
.052
.0506969
.0498594
.0487062
.0468687
.0450187
.0431094
.0416125
.0401687
.0386937
.0372219
.0355875
.0340781
.0327031
.0312125
.0298719
.0285781
.0272687
.0260219
.0247437
.0234625
.0223031
.0210906
.0198969
.0186969
.0175281
.0164406
.0153594
.0142719
.0133
.0123375
.0112094
.0103
.00939375
.00844688
.00763125
.00667188
.00576875
.0048625
.00405938
.00331563
.00253438
.0018
.00103125
.000275
-.000478125
-.0012375
-.0020125
-.00275625
-.00335312
-.00410312
-.00478437
-.00540937
-.00603437
-.00670937
-.00721875
-.00804375
-.0086375
-.00930625
-.00977187
-.0102312
-.0106625
-.0111469
-.0117781
-.0122781
-.0128219
-.0132781
-.0137969
-.0142094
-.0146906
-.0150844
-.0155844
-.0159062
-.016375
-.0168
-.0172031
-.0177344
-.0179781
-.0184281
-.0187875
-.0190469
-.0193687
-.0197437
-.0201281
-.0204687
-.0207
-.0208281
-.0211062
-.0213531
-.021475
-.0216562
-.0218
-.0219594
-.0222312
-.0224781
-.0226031
-.022725
-.0228687
-.022925
-.0231125
-.0231656
-.0230625
-.0230031
-.0230125
-.0230156
-.0228969
-.02285
-.0227125
-.0226875
-.0226656
-.0224969
-.0222094
-.0218094
-.0215906
-.0212187
-.0208656
-.0204312
-.0199812
-.0195812
-.0190969
-.0183969
-.0176812
-.0167844
-.0158625
-.0149656
-.0137437
-.0126312
-.0114469
-.0100906
-.00851875
-.0067625
-.00475937
-.002525
9.37504e-05
.00320625
.00676563
.0108
.0155312
.0204531
.0258437
.0306719
.0344375
.0367906
.0377906
.0379906
.0376594
.0371906
.036525
.0357781
.0347969
.0338875
.0326531
.0317531
.0307687
.0296062
.028575
.0273594
.0263094
.0253156
.0242937
.0232469
.0222344
.0211312
.0201281
.0191
.0179969
.0170906
.01615
.0153562
.0145594
.0136
.01285
.0119031
.0112094
.0103875
.00958438
.00879063
.00808438
.00746875
.00678438
.00629063
.00565938
.00498125
.00435625
.00382188
.0032625
.0026375
.00198438
.00160938
.00113125
.00053125
4.68754e-05
-.000421875
-.000840625
-.00131875
-.00183125
-.0022875
-.00268125
-.00298437
-.0033125
-.0035875
-.00385
-.00420625
-.00445937
-.00463125
-.00506875
-.00526562
-.00553125
-.0055875
-.00577187
-.00595
-.00610625
-.00621875
-.0064125
-.00658125
-.006725
-.00687187
-.00684062
-.00680312
-.00679375
-.00683125
-.00692187
-.00704687
-.00703437
-.0069375
-.00685
-.00681562
-.00665625
-.00659062
-.006475
-.006175
-.00598125
-.00593437
-.005775
-.00559062
-.00539375
-.00506875
-.00480312
-.0046875
-.00443125
-.00418125
-.004
-.0037875
-.00357187
-.0033875
-.0030875
-.00284062
-.00255
-.00225312
-.00204062
-.00179062
-.00145312
-.00128437
-.00105312
-.000865625
-.000659375
-.000328125
-.000175
-.000215625
-6.24962e-06
.000109375
.000340625
.000515625
.000640625
.00063125
.00078125
.000684375
.0008625
.00101563
.00102188
.00111875
.00103438
.00107188
.00107813
.000959375
.000934375
.000940625
.000834375
.00071875
.000515625
.00046875
.000578125
.000503125
.000409375
.00036875
.000190625
.000165625
.000171875
8.12504e-05
3.12538e-06
-.000159375
-.000271875
-.00039375
-.00035625
-.000434375
-.000484375
-.000490625
-.000596875
-.000796875
-.00078125
-.0009375
-.00108437
-.00121875
-.00131875
-.00129062
-.00130312
-.0014125
-.00127187
-.00138437
-.00138125
-.00130625
-.00146875
-.00137812
-.00134375
-.001375
-.00130937
-.00129062
-.0012125
-.0011375
-.00120937
-.00115625
-.0012125
-.00118437
-.0012875
-.00119687
-.00114687
-.000990625
-.000971875
-.000984375
-.00095
-.000834375
-.00071875
-.00065625
-.00060625
-.00055
-.000565625
-.00043125
-.00026875
-9.68746e-05
-5.62496e-05
-5.31246e-05
-8.43746e-05
5.62504e-05
.000196875
.000284375
.00035
.0004375
.000375
.000421875
.000396875
.000428125
.000528125
.00046875
.000546875
.00055625
.00051875
.000621875
.000771875
.000815625
.000803125
.000815625
.00078125
.00079375
.000975
.00102188
.00106563
.00105938
.00100313
.000965625
.000978125
.00095
.000984375
.00099375
.000978125
.00105313
.000978125
.00105625
.00109375
.00093125
.000878125
.00083125
.000934375
.000978125
.00101563
.00091875
.00094375
.000928125
.000940625
.000925
.0008625
.000909375
.0009
.0009125
.00089375
.000940625
.000934375
.00086875
.000921875
.000853125
.000759375
.00075625
.0008375
.0008625
.00091875
.000865625
.00080625
.00075625
.000846875
.000871875
.000846875
.00075
.0007625
.00071875
.000709375
.000696875
.0007
.00071875
.000640625
.00065
.000703125
.000734375
.000771875
.000696875
.000703125
.000659375
.00066875
.00064375
.000653125
.0005
.00054375
.000478125
.000290625
.00030625
.000175
.000334375
.000309375
.000359375
.00025625
.00025625
.0002625
.000271875
.000259375
.00010625
-9.37496e-05
-.000159375
-.00015
3.43754e-05
7.18754e-05
9.06254e-05
-.00013125
-.000196875
-.0003
-.000346875
-.000371875
-.0005375
-.000521875
-.00058125
-.0006625
-.000625
-.00073125
-.00073125
-.00079375
-.000859375
-.00085625
-.000875
-.00095
-.000925
-.0009875
-.00103437
-.00110625
-.00112187
-.00112187
-.0012
-.0011625
-.00125
-.00124375
-.00130312
-.00133125
-.00135
-.00134375
-.00126562
-.00127187
-.00126562
-.001275
-.00140312
-.00143125
-.00139687
-.0013875
-.00147812
-.00139687
-.0014375
-.00135
-.00130625
-.00136562
-.00123125
-.00115625
-.001175
-.001125
-.00116875
-.00109375
-.00104062
-.0008625
-.00089375
-.000884375
-.0009
-.000928125
-.00084375
-.000784375
-.000665625
-.000609375
-.000634375
-.0006375
-.000653125
-.0006375
-.000571875
-.000478125
-.00035
-.00031875
-.000259375
-.00029375
-.000275
-.000275
-.000278125
-.000134375
-.000115625
-1.24996e-05
-6.24962e-06
8.43754e-05
.000234375
.000234375
.000134375
.00011875
.000125
.000221875
.000278125
.00023125
.000271875
.0003625
.000340625
.000296875
.000296875
.000371875
.000296875
.000309375
.0002875
.000275
.000315625
.000271875
.0002625
.00031875
.00016875
.000209375
.0003125
.000315625
.000446875
.000396875
.00025
.00028125
.000265625
.000165625
.000184375
.0001875
6.87504e-05
5.93754e-05
4.37504e-05
1.56254e-05
6.56254e-05
3.75004e-05
-7.49996e-05
-9.37462e-06
-4.06246e-05
-.000121875
-5.93746e-05
-.000175
-.0002125
-.000146875
-7.81246e-05
-.00025
-.00028125
-.00033125
-.0002875
-.000225
-.000296875
-.000296875
-.000346875
-.00034375
-.000259375
-.000321875
-.00030625
-.00035625
-.000384375
-.000321875
-.000415625
-.000375
-.000340625
-.00035
-.000371875
-.00039375
-.000325
-.0003875
-.000271875
-.000203125
-.000196875
-4.68746e-05
-.000125
-.00020625
-.0001375
-.00028125
-.0003125
-.0003375
-.00025
-.000203125
-.00020625
-.000203125
-9.99996e-05
-9.99996e-05
-2.18746e-05
-.0001625
-4.68746e-05
-9.06246e-05
-.000103125
-7.49996e-05
-9.68746e-05
-1.24996e-05
4.37504e-05
1.87504e-05
.000121875
6.56254e-05
8.43754e-05
.000125
.00013125
.000140625
.000103125
.000134375
4.06254e-05
8.12504e-05
.00015
8.43754e-05
8.43754e-05
5.00004e-05
4.37504e-05
3.43754e-05
9.68754e-05
.000153125
.00016875
.00019375
.000109375
5.31254e-05
7.18754e-05
9.37504e-05
6.56254e-05
-3.12496e-05
-7.49996e-05
-5.93746e-05
-.000103125
-5.31246e-05
2.18754e-05
-5.62496e-05
7.18754e-05
1.25004e-05
3.8147e-10
-2.81246e-05
3.75004e-05
-3.12496e-05
-8.12496e-05
-.000146875
-.000221875
-.00024375
-.00020625
-.00016875
-.000125
-.000178125
-.000215625
-.00024375
-.000228125
-.00025625
-.000184375
-.0003125
-.000296875
-.00021875
-.000146875
-.0001625
-.000196875
-.000284375
-.00034375
-.00035
-.0002875
-.00026875
-.0002
-.00021875
-.00024375
-.00025
-.000296875
-.000175
-.000290625
-.000221875
-.000325
-.00036875
-.000259375
-.000228125
-.00024375
-.0001875
-.000228125
-.000234375
-.000178125
-.000153125
-.00010625
-.000134375
-.000146875
-.000153125
-.0001375
-.00021875
-.00015
-.000125
-.00018125
-.000184375
-.000178125
-2.49996e-05
-6.56246e-05
-3.12496e-05
-5.62496e-05
-4.68746e-05
-2.49996e-05
-7.49996e-05
-2.49996e-05
2.50004e-05
6.56254e-05
.000134375
.00010625
-3.74996e-05
-.0001375
-7.49996e-05
-9.06246e-05
-.000128125
-.000121875
-5.62496e-05
-9.37462e-06
4.06254e-05
3.43754e-05
4.06254e-05
-1.87496e-05
3.8147e-10
-5.62496e-05
4.68754e-05
9.06254e-05
-5.62496e-05
-2.49996e-05
1.56254e-05
-4.37496e-05
5.00004e-05
5.00004e-05
2.81254e-05
-1.56246e-05
-6.56246e-05
-4.68746e-05
-8.12496e-05
2.18754e-05
.0001375
-.000103125
-.0002
-.00014375
-.00020625
-.000121875
-.000159375
-8.43746e-05
-5.31246e-05
-.00016875
-.000140625
-8.74996e-05
-.000159375
-.00011875
-7.18746e-05
-.000175
-.000159375
-.00010625
-.000178125
-.000253125
-.000259375
-.000221875
-.000190625
-.0001875
-.0002
-.000121875
-.00015625
-.0001125
-.000159375
-.00023125
-.000259375
-.0003875
-.00026875
-.00019375
-.000246875
-.000234375
-.000153125
-.0002125
-.000159375
-.00028125
-.00034375
-.000378125
-.000246875
-.00014375
-.000128125
-.000103125
-.00010625
-8.43746e-05
-.000175
-.000221875
-.000253125
-.00015
-.000275
-.000125
-7.18746e-05
-9.37496e-05
-9.37462e-06
-6.87496e-05
-.00010625
-8.12496e-05
-.000203125
-.000175
-.000171875
-.0001875
-.000178125
-.000184375
-.000134375
-8.43746e-05
-6.24996e-05
-3.12496e-05
-5.93746e-05
-.000153125
-.00015
-9.37496e-05
-9.37496e-05
-8.74996e-05
-7.81246e-05
-.000121875
-9.06246e-05
-8.12496e-05
-.00011875
-.000140625
-.00013125
-.00015625
-.000225
-.000246875
-.000146875
-.000115625
-7.18746e-05
2.50004e-05
-7.18746e-05
-.000109375
-3.74996e-05
-3.74996e-05
3.12538e-06
.0001
.000125
8.12504e-05
6.25004e-05
-1.24996e-05
-9.37496e-05
3.8147e-10
-5.62496e-05
-7.81246e-05
-4.99996e-05
-.0001375
-.00015625
-.000115625
-.000103125
-3.74996e-05
9.37538e-06
3.8147e-10
.0001
6.56254e-05
8.43754e-05
6.87504e-05
6.25004e-05
-.000121875
-8.12496e-05
4.37504e-05
4.06254e-05
5.31254e-05
-4.37496e-05
-9.37496e-05
-8.74996e-05
2.18754e-05
1.25004e-05
-5.62496e-05
-8.43746e-05
1.56254e-05
-3.12496e-05
-6.56246e-05
-1.56246e-05
-5.31246e-05
-9.06246e-05
-.0001875
-.0002125
-.000128125
-.000171875
-5.31246e-05
-5.31246e-05
-3.74996e-05
-8.12496e-05
-6.24996e-05
-.000109375
-.000128125
-6.56246e-05
4.68754e-05
1.25004e-05
1.87504e-05
-4.99996e-05
-5.31246e-05
-.000115625
-.00019375
-.0002875
-.000271875
-.000225
-.0001625
-8.43746e-05
-.000115625
-.00018125
-.00033125
-.000221875
-.00015
-.0002125
-.0002125
-.000271875
-.0003
-.000215625
-.000128125
-.000259375
-.000221875
-.000253125
-.000371875
-.00025
-.0003125
-.0002375
-.000190625
-.000353125
-.0003625
-.000409375
-.000353125
-.000309375
-.00034375
-.00039375
-.000453125
-.000425
-.00041875
-.000359375
-.0003875
-.000446875
-.00045625
-.000396875
-.00031875
-.00031875
-.0003
-.000390625
-.00048125
-.0004875
-.000509375
-.000553125
-.0002875
-.000253125
-.00025
-.000325
-.00035625
-.000353125
-.000309375
-.000278125
-.0003625
-.00044375
-.00043125
-.000446875
-.00033125
-.000325
-.0002125
-.00025
-.00036875
-.000359375
-.00030625
-.000178125
-.00019375
-.000209375
-.000271875
-.0002
-.00011875
-.000125
-9.99996e-05
-.000153125
-.000196875
-.0002375
-.000190625
-.000153125
-9.68746e-05
-.00013125
-.000175
-.000225
-.0002
-.000175
-.00018125
-.000196875
-.000134375
-.0001625
-9.06246e-05
-.000109375
-9.99996e-05
-.000171875
-.00015
-6.87496e-05
4.06254e-05
5.31254e-05
8.12504e-05
.000171875
.000190625
.000109375
9.68754e-05
.00011875
.000121875
.00014375
.000103125
.0001125
.000175
.00010625
6.87504e-05
.000121875
7.81254e-05
-5.62496e-05
-1.56246e-05
-6.24962e-06
2.18754e-05
.000134375
.00014375
5.31254e-05
3.8147e-10
1.87504e-05
.00011875
5.93754e-05
5.62504e-05
.0001
-1.24996e-05
1.25004e-05
5.62504e-05
3.8147e-10
4.37504e-05
.000125
5.62504e-05
-3.74996e-05
-2.49996e-05
-4.06246e-05
2.50004e-05
5.00004e-05
-9.06246e-05
-.00010625
-.00015625
-.0001375
-.000234375
-.000215625
-.000171875
-.000184375
-.000159375
-.0001875
-.000134375
-8.74996e-05
-3.74996e-05
-2.18746e-05
-9.37496e-05
-.0001875
-.000290625
-.000209375
-8.12496e-05
-6.87496e-05
-9.99996e-05
-.000165625
-.00034375
-.00029375
-.000315625
-.000471875
-.000396875
-.000465625
-.00034375
-.000303125
-.000353125
-.00028125
-.00030625
-.000284375
-.00033125
-.000371875
-.000415625
-.000321875
-.00025
-.0003375
-.00030625
-.000296875
-.000321875
-.000284375
-.000371875
-.000259375
-.0002875
-.0003125
-.000203125
-.000234375
-.000253125
-.000346875
-.0004625
-.000409375
-.000503125
-.00044375
-.00040625
-.000278125
-.00025
-.0002375
-.000228125
-.000209375
-.000196875
-.00014375
-.000240625
-.000196875
-.000175
-.000315625
-.00025
-.000253125
-.000371875
-.000346875
-.00029375
-.00028125
-.000196875
-.000146875
-2.81246e-05
2.18754e-05
-.00020625
-.0002375
-.000171875
-.000134375
-6.24962e-06
-9.06246e-05
-.00023125
-.000165625
-9.37496e-05
-7.81246e-05
-9.37462e-06
-5.93746e-05
-6.24996e-05
-5.62496e-05
-1.56246e-05
3.43754e-05
-9.37496e-05
-4.37496e-05
-1.56246e-05
-5.31246e-05
-9.37462e-06
-5.93746e-05
-4.68746e-05
-6.56246e-05
-9.06246e-05
-8.43746e-05
1.56254e-05
-7.49996e-05
-.000128125
-1.87496e-05
7.18754e-05
.0001
-1.24996e-05
3.12504e-05
-2.18746e-05
3.43754e-05
-4.37496e-05
6.87504e-05
3.8147e-10
-1.56246e-05
-4.06246e-05
-2.18746e-05
-9.37496e-05
-7.49996e-05
-3.12462e-06
-1.56246e-05
5.93754e-05
6.87504e-05
-3.43746e-05
-2.49996e-05
-7.49996e-05
-.00016875
-4.68746e-05
-4.37496e-05
-5.93746e-05
-6.56246e-05
-1.24996e-05
4.06254e-05
2.81254e-05
6.25038e-06
-.000159375
-.000196875
-.000165625
-.000140625
-.0001625
-5.62496e-05
3.43754e-05
-.000121875
-.000146875
-.000115625
-.000178125
-.000178125
-.0001375
-4.99996e-05
3.12538e-06
-5.93746e-05
-.00015
-9.37496e-05
-.000190625
-.00024375
-.00025
-.00038125
-.0002875
-.000334375
-.0002375
-.0002375
-.000134375
-.00015
-.000121875
-.000109375
-.000103125
-.000159375
-.00019375
-.0002125
-.000140625
-.000125
-.000175
-.00025
-.00026875
-.000334375
-.000240625
-.00020625
-.000203125
-.000246875
-.00024375
-.000296875
-.000228125
-.000228125
-.000215625
-.000228125
-.000159375
-7.81246e-05
-.00019375
-.000159375
-.000153125
-.00029375
-.00028125
-.0003
-.00039375
-.000246875
-.00028125
-.000253125
-.000234375
-.00036875
-.0002875
-.00028125
-.0002625
-.000225
-.000234375
-.000271875
-.0003125
-.000175
-9.99996e-05
-9.37462e-06
-4.68746e-05
1.25004e-05
-.00010625
-.000278125
-.000321875
-.000303125
-.000196875
-.000121875
-.000175
-.00015
-.00014375
-.000196875
-.000171875
-.00028125
-.00028125
-.000278125
-.000228125
-5.31246e-05
-6.24996e-05
-4.37496e-05
-.0001625
-.000190625
-.0002625
-.0002625
-.0002
-7.81246e-05
-7.18746e-05
-3.12496e-05
1.56254e-05
1.56254e-05
-3.12496e-05
-5.62496e-05
-.00016875
-9.37496e-05
-4.06246e-05
-6.87496e-05
-.000128125
-.000165625
-.000178125
-.0002
-.000365625
-.000325
-.00034375
-.000184375
-4.06246e-05
7.81254e-05
2.81254e-05
-5.93746e-05
-.000125
3.12538e-06
-7.18746e-05
-.00015
-5.93746e-05
-2.49996e-05
9.37538e-06
-4.37496e-05
-1.87496e-05
-4.06246e-05
-4.06246e-05
-8.12496e-05
-.0001125
-.000159375
-.000134375
-8.74996e-05
1.25004e-05
-1.24996e-05
-3.74996e-05
-5.93746e-05
-.000125
-.00018125
-.000146875
-9.37496e-05
-9.68746e-05
-5.62496e-05
-.000109375
-.00020625
-.0001375
-.00011875
-.000175
-6.56246e-05
-.00016875
-.0002125
-.000121875
-.000115625
-8.12496e-05
-3.74996e-05
-8.74996e-05
-.000128125
-5.31246e-05
-1.24996e-05
-.000109375
-.000228125
-.00025
-.00031875
-.000234375
-.0002375
-.000225
-.00015625
-.000221875
-.000259375
-.000240625
-.000178125
-.000203125
-.000175
-.000140625
-5.62496e-05
-.0001375
-.00016875
-.0002875
-.0003625
-.0003125
-.00028125
-.000309375
-.00030625
-.0003
-.0002125
-.000184375
-.000178125
-.000228125
-.000290625
-.0002875
-.000325
-.000246875
-.000375
-.0003375
-.000353125
-.000340625
-.000225
-.00028125
-.0001625
-.00014375
-.0001875
-.000159375
-.00015
-.00030625
-.0002625
-.000259375
-.00034375
-.0001875
-.000215625
-.000234375
-.000203125
-.00029375
-.000334375
-.00029375
-.000296875
-.000253125
-.00020625
-.0002125
-.00014375
-.000146875
-.0001625
-.000140625
-.00024375
-.000278125
-.00028125
-.00030625
-.00035625
-.00030625
-.00028125
-.0002625
-.000240625
-.0002375
-.0002125
-.00016875
-.00015625
-.0001125
-9.68746e-05
-.0002
-.00019375
-.00024375
-.000203125
-.00023125
-.00023125
-.000253125
-.00024375
-.000171875
-.0001375
-.00010625
-.00024375
-.00025625
-.00018125
-.000271875
-.000203125
-.00019375
-.000109375
-6.56246e-05
-.000134375
-.00023125
-.00025625
-.00025
-.000128125
-.000140625
-.00016875
-.000171875
-.000259375
-.000284375
-.000165625
-.000103125
-9.99996e-05
-.000103125
-.0002125
-.00019375
-.000175
-.000196875
-.00014375
-.000140625
-.000115625
-7.81246e-05
-.000121875
-8.43746e-05
-7.18746e-05
-.000121875
-.00013125
-.0001375
-.000240625
-.00018125
-.0001375
-8.43746e-05
-.00011875
-8.12496e-05
-.000171875
-.00016875
-.000109375
-4.37496e-05
-9.06246e-05
-7.81246e-05
-.00015625
-9.37496e-05
-.00018125
-.00023125
-.000228125
-.00023125
-.000184375
-.00021875
-.000209375
-.000121875
-4.37496e-05
-8.43746e-05
-.0001125
-.00019375
-.00024375
-9.99996e-05
-.00010625
-.000134375
-.00014375
-.000153125
-.0001375
-.000165625
-.000209375
-.000134375
-.000215625
-.000175
-.000121875
-.000159375
-.0001875
-.00010625
-.000134375
-.000175
-.000225
-.000325
-.00031875
-.000171875
-.00026875
-.000125
-.0002
-.000165625
-9.99996e-05
-9.99996e-05
-.000125
-7.49996e-05
-.000121875
-.00015625
-.000175
-.000215625
-.00021875
-.00025
-.000284375
-.000146875
-.000171875
-.00021875
-.0001875
-.00025
-.00025625
-.0002125
-.0002375
-.000259375
-.000284375
-.00025625
-.000196875
-.00025625
-.00024375
-.00024375
-.000225
-.0001875
-.00021875
-.000225
-.000234375
-9.37496e-05
-.000103125
-6.24996e-05
-6.87496e-05
-.000140625
-.000190625
-.00015625
-.000221875
-.000190625
-.000134375
-.000271875
-.000159375
-.000178125
-.0002625
-.00014375
-.000228125
-.00023125
-.000140625
-.000196875
-.0001875
-.000175
-.000140625
-9.37496e-05
-.000146875
-.000221875
-.000171875
-.000175
-.000240625
-.00016875
-.00019375
-.000159375
-.000109375
-8.43746e-05
-.000175
-6.24996e-05
-.00014375
-.000125
-.000140625
-9.68746e-05
-.000184375
-.000309375
-.000271875
-.000134375
-.0001125
-.000121875
-9.37496e-05
-.000146875
-6.56246e-05
-.000196875
-.000309375
-.000321875
-.000315625
-.000240625
-9.68746e-05
-.000109375
-.000159375
-7.81246e-05
-6.87496e-05
-6.56246e-05
-.00014375
-.00021875
-.00024375
-.00010625
-7.18746e-05
-.000103125
-5.31246e-05
-.000125
-.000121875
-.000153125
-.00028125
-.000309375
-.000371875
-.000346875
-.000225
-.00023125
-.000190625
-.00020625
-.0003
-.000184375
-.000240625
-.0002125
-.0002125
-.000178125
-.000178125
-.000128125
-7.18746e-05
-.000140625
-5.31246e-05
-.000121875
-.00014375
-.00014375
-.00020625
-.000234375
-.000178125
-.000203125
-.000184375
-.00025625
-.0002625
-.000315625
-.000271875
-.000140625
-5.31246e-05
-.000178125
-.000134375
-.000171875
-.000153125
-.000159375
-8.12496e-05
-.000240625
-.000196875
-.00023125
-.0001875
-.0001375
-.0001375
-9.99996e-05
-.000140625
-.000278125
-.0002875
-.0002375
-.000175
-.00013125
-6.56246e-05
-9.37496e-05
-6.87496e-05
-.000159375
-.000196875
-.000128125
-.00023125
-.000253125
-.00028125
-.000240625
-.000146875
-9.06246e-05
-3.12496e-05
5.31254e-05
4.68754e-05
-.0001625
-.000109375
-.000103125
-.000153125
-6.87496e-05
-.00016875
-.00015
-.000221875
-.000196875
-.000115625
-.000140625
-.00010625
-.000134375
-.000203125
-.000178125
-.000109375
-.000140625
9.37538e-06
2.81254e-05
-6.87496e-05
-2.49996e-05
-6.24996e-05
-9.06246e-05
-.000171875
-.000203125
-.000309375
-.0002125
-.0002125
-.00020625
-.00013125
-.0001125
-.000134375
-6.87496e-05
-9.99996e-05
-.000146875
-5.31246e-05
-.000234375
-.000203125
-.00014375
-.00025625
-.00014375
-9.99996e-05
-6.56246e-05
-6.24996e-05
-7.49996e-05
-.000159375
-.00015
-.00011875
-2.81246e-05
3.43754e-05
-3.12462e-06
-.000140625
-8.43746e-05
-.0001375
-.00020625
-.00018125
-.000165625
-.00024375
-.00025
-.000215625
-.000165625
-7.81246e-05
-.000140625
-.000159375
-.00021875
-.0002375
-.000175
-.0001625
-.000109375
-.000134375
-.0002
-.0001875
-9.68746e-05
-.0001125
-.000115625
-.0002125
-.000128125
-.000196875
-.00016875
-.000175
-.0001125
-.00020625
-.000153125
-.00024375
-.000190625
-.0002
-.000165625
-4.06246e-05
-6.24996e-05
-4.99996e-05
-.000134375
-.0001125
-.000234375
-.00026875
-.000103125
-.000115625
-.00015625
-.0001125
-.00019375
-.00016875
-.0001875
-.00014375
-.00013125
-.000175
-.0001375
-.000125
-.000178125
-.0002125
-.00020625
-.000178125
-9.68746e-05
-.0001125
-.000234375
-.000225
-.000225
-.00026875
-.000225
-.0001625
-.00013125
-.00018125
-.000128125
-.000153125
-9.06246e-05
-.000159375
-.000165625
-.000196875
-.0003
-.000221875
-9.37496e-05
-.000125
-9.37462e-06
-.00014375
-.000103125
-.000128125
-.000184375
-.000103125
-8.43746e-05
-.000115625
-7.81246e-05
-.000134375
-8.74996e-05
-.000159375
-.0002375
-.000284375
-.00015
-.00019375
-.00011875
-4.37496e-05
-.000146875
-.000109375
-.000190625
-.000128125
-3.12496e-05
-.000171875
-.00025
-.0002
-.000253125
-.00010625
-.0002
-.000259375
-.000240625
-.00018125
-.00011875
-3.43746e-05
1.56254e-05
-9.06246e-05
-2.49996e-05
-4.68746e-05
-5.93746e-05
-.000121875
-.000184375
-.000234375
-.000234375
-.000253125
-.00021875
-.000171875
-.0001875
-4.68746e-05
-2.81246e-05
-.00019375
-.000209375
-.00025625
-.000125
-9.06246e-05
-1.87496e-05
-6.24962e-06
-.000128125
-.000146875
-9.99996e-05
-.000225
-.00016875
-.000134375
-.000125
-.000171875
-.000121875
-.00013125
-.000146875
-.00016875
-.000203125
-.000203125
-.00015625
-.0002
-.00016875
-.00015
-.000146875
-.000215625
-.000175
-.000178125
-.000128125
-6.24996e-05
-9.06246e-05
-.00019375
-.000271875
-.000275
-.000184375
-.00011875
-8.74996e-05
-3.43746e-05
-4.37496e-05
-.00016875
-.000221875
-.000175
-.00019375
-.000203125
-.0001375
-.000134375
-.00016875
-.000178125
-.000140625
-.000115625
-1.87496e-05
-7.49996e-05
-9.99996e-05
-.000296875
-.0001875
-9.68746e-05
-5.31246e-05
-.000121875
-7.18746e-05
-.000121875
-.000184375
-8.12496e-05
-.000171875
-.000121875
-.000178125
-.000128125
-.0002125
-.000225
-.000265625
-.0001625
-9.37496e-05
-.00015
-.00015
-6.87496e-05
-5.31246e-05
5.93754e-05
-3.12496e-05
-6.56246e-05
-.00020625
-.000315625
-.000284375
-.000221875
-.00014375
-.00015
-.0002375
-.000134375
-.0001125
-.00014375
-.000103125
-.00016875
-.000128125
-9.68746e-05
-.00015
-.000140625
-.000171875
-.000115625
-8.74996e-05
-5.31246e-05
-7.49996e-05
-.00011875
-.00023125
-.000109375
-.000121875
-.000140625
-.000125
-.000265625
-.000209375
-.00016875
-4.99996e-05
-.0001125
-.000234375
-.000253125
-.00020625
-.000259375
-.000209375
-.0002625
-.000221875
-.00019375
-5.93746e-05
9.37538e-06
2.18754e-05
-5.31246e-05
-3.43746e-05
-9.37462e-06
-8.12496e-05
-.000128125
-.000221875
-7.18746e-05
-.00018125
-.000209375
-.00013125
-.000140625
-.00015625
-9.06246e-05
-.0001625
-.000196875
-.000240625
-.00020625
-.00018125
-.000221875
-.00025625
-.000146875
-.000146875
-.00015
-.000125
-.000178125
-.00016875
-.000184375
-.000171875
-.00015625
-9.37496e-05
-3.74996e-05
-6.56246e-05
-9.68746e-05
-.00011875
-.000178125
-.0002875
-.00019375
-.000159375
-.000121875
-.000115625
-9.99996e-05
-9.37496e-05
-4.68746e-05
-.0001125
-.00020625
-.000221875
-.000228125
-.000115625
-8.43746e-05
-3.12496e-05
-4.06246e-05
-8.12496e-05
-.000153125
-.000234375
-.000228125
-.000190625
-.000225
-.000134375
-.000171875
-.00015625
-.000146875
-.00016875
-.000259375
-.00024375
-.00025625
-.0002875
-.00028125
-.000246875
-.00015625
-5.31246e-05
-6.87496e-05
-3.43746e-05
-.00013125
-.0001625
-.00020625
-.000225
-.000221875
-.000128125
-.00018125
-.000196875
-.00019375
-.000134375
-.0001125
-.000228125
-.000109375
-.000125
-.00016875
-.000225
-.000253125
-.000165625
-.000165625
-.00014375
-.00019375
-.000246875
-.000234375
-.000228125
-.000259375
-.000278125
-.000153125
-9.37496e-05
-3.43746e-05
-4.37496e-05
-5.93746e-05
-.000128125
-.00019375
-9.37496e-05
-.000265625
-.000271875
-.000153125
-.00014375
-.00025
-.00021875
-.000275
-.000196875
-.00020625
-.000303125
-.000271875
-.000234375
-8.74996e-05
9.37538e-06
-1.24996e-05
-.000115625
-.000125
-.0002625
-.000290625
-.000296875
-.000325
-.000215625
-.000121875
3.12538e-06
7.81254e-05
-5.93746e-05
-.00013125
-.00020625
-.000240625
-.00024375
-6.56246e-05
-7.81246e-05
3.43754e-05
3.75004e-05
-4.99996e-05
-.000175
-.00035
-.000278125
-.000215625
-.00024375
-.00025
-.00013125
-.00016875
-5.31246e-05
-3.43746e-05
-2.49996e-05
-.000115625
-.000240625
-.00025
-.000203125
-9.06246e-05
-6.87496e-05
-8.12496e-05
-.00019375
-.000175
-.000121875
-.00015625
-.000184375
-1.87496e-05
-.000153125
-.00015
-.000109375
-.00020625
-.00029375
-.0002625
-.000253125
-.000175
-.000103125
-.000103125
-4.99996e-05
-.000125
-.00014375
-8.43746e-05
-.000284375
-.000234375
-8.43746e-05
-8.74996e-05
-7.81246e-05
-6.24996e-05
-.00015625
-.0001125
-.00015625
-.000178125
-.000209375
-.000190625
-7.49996e-05
-.000146875
-9.99996e-05
-7.81246e-05
-.00014375
-6.24996e-05
-.0001125
-9.68746e-05
-.000153125
-.0002375
-.000246875
-.00031875
-.0003625
-.00025
-.00020625
-4.37496e-05
-3.74996e-05
-8.12496e-05
-.000240625
-.0001875
-.000278125
-.00033125
-.000328125
-.00029375
-.000203125
-.000134375
-4.68746e-05
-8.12496e-05
-.00014375
-.0001125
-.000109375
-6.87496e-05
-.00016875
-.00014375
-.000125
-4.68746e-05
-4.37496e-05
-.0001375
-.000146875
-.0003
-.00020625
-.00019375
-.0002875
-.000190625
-.000175
-.00014375
-.00010625
-.000146875
-.000134375
-.0001875
-8.74996e-05
-3.43746e-05
-6.24996e-05
-.000140625
-6.87496e-05
-.0002125
-.000253125
-.00026875
-.000278125
-.00019375
-.00013125
-.00013125
-8.74996e-05
-3.43746e-05
-8.43746e-05
-9.99996e-05
-.0001875
-.00033125
-.0002375
-.0002125
-.000159375
-.000178125
-.0002
-.000253125
-.000234375
-.0001625
-.000128125
-8.43746e-05
-3.74996e-05
-6.24996e-05
-5.31246e-05
-5.93746e-05
-.000109375
-.0001625
-.000265625
-.000259375
-.000178125
-.000246875
-9.68746e-05
-.000146875
-.000103125
-5.93746e-05
-.0001375
-.0001125
-.000121875
-.000178125
-.000128125
-7.49996e-05
-6.56246e-05
-.000140625
-.00018125
-.000184375
-8.43746e-05
-.000165625
-.00019375
-.00019375
-.000240625
-.000209375
-.000109375
-.000146875
-3.74996e-05
-6.24962e-06
1.56254e-05
-6.24996e-05
-.0001625
-.00025
-.00021875
-.000178125
-.00011875
-7.81246e-05
-.000234375
-.00018125
-.000121875
-6.24996e-05
-.00013125
-.000240625
-.0003125
-.000290625
-.000178125
-9.06246e-05
-.000115625
-.00015625
-.00025625
-.00018125
-9.37496e-05
-.000140625
-8.43746e-05
-.000103125
9.37538e-06
-1.24996e-05
-4.68746e-05
-7.81246e-05
-.000184375
-.00035625
-.000215625
-.0001875
-.00019375
-5.93746e-05
1.25004e-05
-6.87496e-05
-.000115625
-.000225
-.00030625
-.0002875
-.0003375
-.00020625
-.000140625
-4.06246e-05
-8.43746e-05
-4.06246e-05
-.000203125
-.00026875
-.0002875
-.000325
-.00033125
-.000278125
-.000146875
-6.24996e-05
-9.37496e-05
6.25038e-06
-5.62496e-05
-.000128125
-.0002
-.000225
-.00020625
-.00023125
-.00025
-.000259375
-.00015
-2.81246e-05
6.25038e-06
-6.87496e-05
-7.81246e-05
-.00015625
-.000178125
-.000209375
-.000178125
-.00025
-.000165625
-.000121875
-5.93746e-05
-4.68746e-05
-.000140625
-9.37496e-05
-.0001875
-8.43746e-05
-.000128125
-.0001875
-.00020625
-.0002
-.00015
-.000165625
-.0002
-.000203125
-.0002375
-.00015
-.00015625
-.00015625
-.000153125
-.000134375
-.0001125
-7.49996e-05
-.000109375
-.0001125
-.00013125
-2.49996e-05
-9.99996e-05
-7.81246e-05
-4.99996e-05
-9.68746e-05
-.0001125
-.000134375
-9.06246e-05
-.0001125
-.0001875
-.00020625
-.00025625
-9.37496e-05
-8.12496e-05
-.000184375
-.00013125
-9.99996e-05
-7.18746e-05
-.00020625
-.000159375
-.00025
-.000221875
-.00019375
-9.37496e-05
-9.99996e-05
-8.43746e-05
-7.81246e-05
2.50004e-05
-1.24996e-05
-1.24996e-05
-9.99996e-05
-.000128125
-.000128125
-.000184375
-.000165625
-.00018125
-.000159375
-.000140625
-.000128125
-.000128125
-.000134375
-.000103125
-6.56246e-05
-.000128125
-5.62496e-05
-.0002
-.0001875
-.000121875
-.000178125
-.000196875
-.000165625
-.000221875
-.00021875
-.000296875
-.00033125
-.00021875
-.000109375
-.00010625
-2.81246e-05
-.000171875
-4.68746e-05
-5.31246e-05
-3.12496e-05
-.00020625
-.000303125
-.00028125
-.0002125
-.000134375
-4.68746e-05
-3.43746e-05
-.00015
-.000175
-6.56246e-05
-.0001875
-.0002125
-.000215625
-.000209375
-.0001625
-9.37496e-05
-4.68746e-05
-.00010625
-.00010625
-.00011875
-.0001125
-.000278125
-.000303125
-.000296875
-.00015
-.000103125
-.000196875
-.00025
-.0002375
-.000221875
-.000234375
-7.49996e-05
-9.99996e-05
-.0002
-.000178125
-.000228125
-.000253125
-.000178125
-.0001875
-.0002125
-.000253125
-.000228125
-.000225
-.000284375
-.000315625
-.0001375
-.000178125
-2.81246e-05
-7.18746e-05
-4.68746e-05
-8.12496e-05
-9.37496e-05
-9.37496e-05
-6.24996e-05
-.00024375
-.000290625
-.00011875
-.000121875
-6.87496e-05
-.000103125
-.00014375
-.0001375
-.00015625
-.000128125
-.00023125
-.00019375
-.000128125
-.000128125
-.000115625
-.00014375
-.00021875
-.000134375
-.000184375
-.000221875
-.000146875
-.000271875
-.0002875
-.000196875
-9.99996e-05
-9.06246e-05
-.00015625
-7.49996e-05
-8.12496e-05
-.00010625
-8.43746e-05
-4.68746e-05
-4.06246e-05
-.00011875
-.0001875
-.000284375
-.000309375
-.000321875
-.000178125
-.000125
-.0001625
-.00019375
-.000171875
-9.99996e-05
-.000175
-.00015625
-.000215625
-.00023125
-.000165625
-.000140625
-.000178125
-.0001875
-.000221875
-.000309375
-.00018125
-.000209375
-.000184375
-.000125
-.000125
-9.06246e-05
-.000115625
-.000125
-.000125
-.000228125
-.000296875
-.000246875
-.000240625
-.00024375
-.000140625
-.000221875
-.000203125
-.00019375
-.00018125
-.000190625
-.00020625
-.000175
-8.74996e-05
-6.56246e-05
-.00013125
-.000109375
-.000171875
-.000221875
-.00028125
-.000259375
-.00016875
-.000196875
-.00019375
-.000128125
-.0002125
-.000175
-.00019375
-.000246875
-.000175
-.00019375
-.0002125
-.000140625
-.00013125
-.0001625
-.000184375
-.00015
-.00023125
-.000265625
-.000353125
-.0002375
-.000209375
-.00010625
-4.37496e-05
-5.93746e-05
-9.37496e-05
-9.99996e-05
-.000140625
-.00015
-.000159375
-.000209375
-.00013125
-.00015
-.0001875
-.000153125
-.00019375
-.000178125
-.000240625
-.000259375
-.000225
-.000234375
-.0001375
-.00020625
-.00020625
-.00015625
-.000184375
-.000134375
-.00015625
-.000175
-.000175
-.000203125
-.00015625
-9.06246e-05
-9.99996e-05
6.25038e-06
-.000121875
-.000153125
-9.99996e-05
-.000253125
-.00031875
-.000190625
-.000146875
-.00016875
-.00016875
-7.18746e-05
-5.93746e-05
-.000103125
-.000178125
-.000215625
-.0002875
-.000246875
-.0001875
-.000128125
-9.06246e-05
-.0001625
-.000128125
-.000128125
-.00021875
-.0001625
-.000128125
-.0002125
-.00016875
-.00021875
-.0001375
-.00013125
-.000146875
-.00014375
-.00014375
-.000221875
-.000284375
-.000178125
-.000159375
-9.37496e-05
-.000159375
-9.68746e-05
-.00010625
-.00031875
-.000215625
-.00021875
-.000196875
-.000178125
-.00020625
-.000159375
-.000175
-.000140625
-.000103125
-.000128125
-.00018125
-9.99996e-05
-5.93746e-05
-.000125
-9.68746e-05
-.00015625
-.00010625
-8.74996e-05
-.00014375
-.000234375
-.00018125
-.00020625
-.000134375
-.00020625
-.000203125
-.000203125
-.000171875
-.000178125
-.0001625
-.00026875
-.000290625
-.00025
-.000215625
-.00014375
-.00016875
-.000203125
-.00015
-.000215625
-.000225
-.000234375
-.00025
-.0002375
-.000146875
-.00021875
-.000134375
-.000140625
-6.87496e-05
-.000146875
-.000240625
-.0003125
-.000309375
-.00026875
-.000259375
-.000184375
-.000221875
-9.99996e-05
-4.68746e-05
-8.43746e-05
-.000265625
-.00029375
-.0002375
-.000125
-.00015625
-.00015
-.000209375
-.00020625
-.000278125
-.00025
-.000315625
-.00025
-.000225
-.000175
-.000109375
-.000203125
-.00029375
-.000134375
-.000134375
-.00018125
-.00025625
-.00015
-.000259375
-.00016875
-.000140625
-6.24996e-05
-.000103125
-5.62496e-05
-.0001625
-.00019375
-.000221875
-.000159375
-.000146875
-6.87496e-05
-9.06246e-05
-.000121875
-.00025625
-.000246875
-.000290625
-.000196875
-.00024375
-.00020625
-.000196875
-.00013125
-1.87496e-05
-5.93746e-05
-3.43746e-05
-.000203125
-.0003
-.0002375
-.00024375
-.000196875
-.000171875
-.000159375
-9.37496e-05
-.00014375
-9.99996e-05
-.000153125
-.0002125
-.0001125
-.0001375
-.000140625
-.000115625
-.000128125
-.00013125
-.0001375
-.000146875
-.000225
-.00025625
-.00019375
-.000125
-.000128125
-9.99996e-05
-.000184375
-.000259375
-.000146875
-.00018125
-.000240625
-.000225
-.000234375
-.000246875
-.00015625
-.00010625
-.00021875
-.000284375
-.00023125
-.000234375
-.0002375
-.000221875
-4.06246e-05
-1.87496e-05
4.37504e-05
-9.99996e-05
-.0002375
-.0002625
-.000240625
-.000178125
-.00015625
-.000178125
-.00021875
-.0001875
-.000109375
-.000203125
-.000203125
-.000221875
-.00016875
-.00011875
-.00023125
-.000290625
-.000228125
-.000225
-.0002625
-.00033125
-.000259375
-.00021875
-.0002125
-4.99996e-05
-7.18746e-05
-1.56246e-05
-3.12462e-06
-7.49996e-05
-.000196875
-.000146875
-.000228125
-.0001625
-.000171875
-7.18746e-05
-.000128125
-.000125
-.000240625
-.000303125
-.000321875
-.000253125
-.000196875
-.00024375
-.0001125
-7.18746e-05
-4.06246e-05
5.93754e-05
-4.99996e-05
-.00018125
-.000240625
-.00031875
-.0003125
-.000240625
-.0002625
-.000184375
-2.81246e-05
3.75004e-05
1.87504e-05
-4.68746e-05
-.0002375
-.000275
-.000284375
-.000221875
-.000190625
-.000178125
-7.18746e-05
-5.93746e-05
3.8147e-10
-.000159375
-.000225
-.00028125
-.000225
-.000196875
-.00023125
-.00015625
-.000103125
-4.99996e-05
-2.18746e-05
-4.06246e-05
-5.93746e-05
-.000275
-.000240625
-.000209375
-.000196875
-.000178125
1.87504e-05
6.25004e-05
4.37504e-05
3.75004e-05
3.43754e-05
-.00014375
-.000165625
-.00030625
-.0002625
-.0003
-.00021875
-.000178125
-.0001125
-5.93746e-05
-.000140625
-.000128125
-.0002625
-.000253125
-.0001375
-.000171875
-.000103125
2.81254e-05
7.18754e-05
-5.62496e-05
-.000178125
-.000271875
-.000190625
-.000225
-.000196875
-.000228125
-.00026875
-.0001125
2.50004e-05
-4.06246e-05
-4.37496e-05
-.000196875
-.000309375
-.000225
-.000359375
-.000253125
-.000253125
-.00030625
-.00016875
-.000140625
-.000225
-.000121875
-.00018125
-.000146875
-.0001125
-5.62496e-05
-.00010625
-.0001625
-.0001125
-5.62496e-05
-.000184375
-.00025625
-.00038125
-.000325
-.000253125
-.00024375
-.000253125
-.000309375
-.000253125
-.00014375
-.0001375
-.00015625
-6.56246e-05
-9.37462e-06
3.12504e-05
-1.24996e-05
-.00016875
-.0001375
-.000159375
-.000159375
-.0001625
-.000134375
-.00015625
-.000140625
-.000178125
-.000125
-.000225
-.000225
-.000209375
-.000284375
-.000278125
-.00026875
-.0002625
-.000203125
-5.31246e-05
-.000115625
-5.62496e-05
-6.87496e-05
6.25038e-06
9.37538e-06
-9.06246e-05
6.25038e-06
-9.37496e-05
-4.68746e-05
1.25004e-05
.000134375
-6.24962e-06
-.00013125
-.000284375
-.00025
-.00021875
-.000175
-.00018125
-.00026875
-.00021875
-.00013125
-9.37496e-05
-.000121875
-5.93746e-05
-.000178125
-.0001125
-.000134375
-.000140625
-9.68746e-05
-7.18746e-05
-3.12462e-06
-8.43746e-05
-3.43746e-05
-7.81246e-05
-.000128125
-.000178125
-8.12496e-05
-.000153125
-.000240625
-.000315625
-.00035625
-.000246875
-.000134375
-.00014375
-.000190625
-.00018125
-8.74996e-05
-6.24962e-06
2.18754e-05
-8.74996e-05
-.00023125
-.00025625
-.000184375
-.000196875
-.000175
-.000190625
-.000190625
-1.87496e-05
-.000165625
-7.81246e-05
-4.68746e-05
-9.37496e-05
-7.81246e-05
-.000159375
-.000303125
-.000234375
-.000215625
-.0002
-.000178125
-.000284375
-.00029375
-.000203125
-.00016875
-.000103125
-.00016875
-.0002125
-.000246875
-.0001875
-.000121875
2.18754e-05
-.00015625
-.0001875
-.000178125
-.000334375
-.00029375
-.000175
-9.06246e-05
-8.43746e-05
-9.06246e-05
-.00026875
-.00030625
-.0002375
-.000146875
-3.43746e-05
-1.87496e-05
-9.37496e-05
-.000121875
-8.74996e-05
-9.68746e-05
-8.74996e-05
-.000146875
-.000184375
-.000178125
-.00026875
-.00028125
-4.68746e-05
-6.56246e-05
-2.49996e-05
-7.81246e-05
-.000246875
-.00019375
-.00018125
-7.49996e-05
-3.12462e-06
-9.68746e-05
-8.43746e-05
-.000165625
-.000290625
-.00020625
-.000203125
-.000309375
-.00023125
-.0001125
-.00011875
2.50004e-05
-4.68746e-05
-.000259375
-.0001875
-.00019375
-.000175
-.0001625
-.00025
-.000196875
-.00015625
-.0001375
-4.99996e-05
-.00025
-.00030625
-.00020625
-7.81246e-05
5.93754e-05
-2.49996e-05
-4.06246e-05
-3.43746e-05
-.00015
-.00016875
-.000228125
-.000246875
-.00025
-.000103125
-.000121875
-.000109375
-.00021875
-.000178125
-.0002125
-.000178125
-.000153125
-.000146875
-.0001875
-4.68746e-05
-1.24996e-05
3.43754e-05
-2.49996e-05
-.000125
-.0002125
-.00035
-.000209375
-5.93746e-05
-2.18746e-05
-1.56246e-05
3.12504e-05
-8.74996e-05
-9.06246e-05
-.00025
-.00024375
-.0002875
-.000278125
-.000271875
-.000221875
-.000159375
-6.24996e-05
-3.43746e-05
-9.06246e-05
-7.49996e-05
-.0001625
-.000221875
-.00021875
-.000178125
-.000196875
-9.37496e-05
-6.87496e-05
-5.62496e-05
-.000159375
-.0001125
-.000240625
-.000303125
-.000246875
-.000215625
-.00015625
-.000153125
-8.74996e-05
-.000115625
-.00016875
-.00030625
-.0003
-.00025
-.000128125
-9.68746e-05
-.000109375
-7.81246e-05
-.000190625
-.00025625
-.0002
-.000203125
-.000165625
-.000153125
-.000128125
-9.68746e-05
-9.68746e-05
-.000128125
-.00011875
-.000196875
-.0002375
-.00026875
-.000240625
-8.74996e-05
-9.06246e-05
-.00011875
-6.87496e-05
-.000115625
-.000121875
-.000140625
-.00028125
-.00024375
-.000190625
-.000190625
-.00018125
-.000175
-.000128125
-.000128125
-.000103125
-9.06246e-05
-5.62496e-05
-.000134375
-.000128125
-8.12496e-05
-.0001625
-.00025
-.00019375
-.0001875
-.000121875
-.00016875
-8.74996e-05
-.0001375
-.0001875
-.00016875
-.000215625
-.000315625
-.000225
-9.68746e-05
-5.93746e-05
-8.12496e-05
-1.56246e-05
-9.37496e-05
-4.68746e-05
-.000128125
-.000196875
-.000225
-.000190625
-.0002
-.000171875
-8.12496e-05
-.000121875
-4.68746e-05
-.00011875
-.000165625
-.0001375
-.000265625
-.0002625
-.000240625
-.00016875
-.000121875
-5.31246e-05
-3.43746e-05
4.37504e-05
-8.74996e-05
-.00021875
-.0001375
-6.56246e-05
-2.49996e-05
-6.24996e-05
-6.56246e-05
-.000184375
-.00013125
-.000125
-.00013125
-.00021875
-.000234375
-.000225
-.000284375
-8.12496e-05
-.000128125
-.000140625
-.000109375
-.000121875
-.000121875
-.000225
-.000196875
-.000215625
-4.06246e-05
-7.81246e-05
-.000225
-.000228125
-6.24996e-05
-2.81246e-05
-9.37462e-06
-.000115625
-.00020625
-.00026875
-.000171875
-.000159375
-.0001375
-6.56246e-05
-.000134375
-.00013125
-.000334375
-.000165625
-9.99996e-05
-.000121875
-.000184375
-.000209375
-.000221875
-9.37496e-05
-8.12496e-05
-8.43746e-05
-7.49996e-05
-.000234375
-.00016875
-.000190625
-.0002125
-.0003
-.000246875
-.0001625
-.000171875
-.000184375
-.0002125
-.000140625
-.000253125
-.0001375
-.000175
-.000134375
-.0001375
-.000153125
-2.18746e-05
3.8147e-10
-.000115625
-7.18746e-05
-.00010625
-4.68746e-05
-5.62496e-05
3.12538e-06
-6.24996e-05
-.000153125
-.000153125
-.0001375
-.000140625
-.0001625
-.000203125
-.000171875
-.000228125
-.000159375
-.000184375
-.000221875
-.000303125
-.000184375
-9.99996e-05
-.0001375
-5.62496e-05
-6.24996e-05
-4.37496e-05
-2.81246e-05
-6.24996e-05
-.00020625
-.000178125
-.00020625
-.000153125
-.0001875
-.000234375
-.000215625
-.0002125
-.000184375
-8.74996e-05
-.0001875
-.000240625
-.0002125
-.00015
-6.87496e-05
-6.24996e-05
-.000134375
-.000221875
-.000184375
-.00025
-.00018125
-.000134375
-.000109375
3.12538e-06
3.12504e-05
-9.37462e-06
-4.06246e-05
-.000134375
-.000184375
-9.37496e-05
-.000196875
-.000153125
-.000196875
-.00018125
