5000
2.e-09
500
.497253
7.81258e-05
-6.24924e-06
5.62508e-05
5.93758e-05
.000112501
.000125001
7.81258e-05
7.50008e-05
.000153126
.000134376
.000112501
-9.37424e-06
9.37576e-06
-3.12424e-06
-5.31242e-05
-3.12492e-05
5.00008e-05
7.81258e-05
8.43758e-05
.000134376
5.31258e-05
8.43758e-05
3.43758e-05
6.25008e-05
6.25076e-06
-7.18742e-05
1.87508e-05
-1.24992e-05
.000118751
.000184376
.000125001
9.06258e-05
.000143751
.000178126
7.18758e-05
4.06258e-05
9.06258e-05
.000150001
4.06258e-05
.000100001
4.68758e-05
4.68758e-05
.000125001
7.18758e-05
6.87508e-05
-6.24992e-05
-.000109374
1.56258e-05
5.93758e-05
.000125001
.000206251
.000225001
.000131251
.000137501
4.68758e-05
5.31258e-05
.000106251
3.75008e-05
6.25076e-06
-6.87492e-05
-9.37492e-05
3.12576e-06
.000153126
.000137501
.000106251
7.18758e-05
.000118751
.000137501
5.31258e-05
4.68758e-05
1.87508e-05
9.37576e-06
5.31258e-05
3.12576e-06
.000121876
3.12576e-06
.000125001
.000121876
1.25008e-05
-5.31242e-05
-1.87492e-05
-6.87492e-05
6.87508e-05
8.75008e-05
-2.81242e-05
-5.31242e-05
9.37576e-06
9.37576e-06
-2.49992e-05
-3.12492e-05
4.68758e-05
3.43758e-05
-2.81242e-05
-8.43742e-05
-9.37424e-06
7.81258e-05
2.50008e-05
-2.49992e-05
-1.24992e-05
-2.81242e-05
-2.49992e-05
.000100001
9.37576e-06
-4.37492e-05
-.000137499
-3.12424e-06
-6.24992e-05
-9.06242e-05
-.000146874
-4.99992e-05
-3.43742e-05
8.75008e-05
1.25008e-05
7.62939e-10
-2.81242e-05
-7.81242e-05
-9.37492e-05
-.000106249
-8.74992e-05
-7.18742e-05
1.56258e-05
3.12508e-05
8.43758e-05
5.93758e-05
7.62939e-10
5.62508e-05
4.68758e-05
-5.93742e-05
-4.06242e-05
1.87508e-05
-3.12424e-06
-1.56242e-05
1.56258e-05
-1.56242e-05
2.81258e-05
.000103126
7.81258e-05
-4.68742e-05
-4.06242e-05
-9.37424e-06
9.37576e-06
-1.87492e-05
4.37508e-05
.000106251
.000206251
.000256251
.000143751
.000118751
-1.24992e-05
2.50008e-05
5.93758e-05
1.87508e-05
6.25076e-06
-8.74992e-05
2.18758e-05
1.56258e-05
7.81258e-05
7.62939e-10
8.75008e-05
.000178126
.000146876
.000106251
-1.24992e-05
-3.12424e-06
.000181251
.000150001
6.25008e-05
-2.81242e-05
1.56258e-05
.000137501
7.18758e-05
2.81258e-05
1.87508e-05
6.25008e-05
.000131251
9.37508e-05
.000140626
.000237501
.000337501
.000246876
.000150001
6.56258e-05
6.56258e-05
.000128126
.000159376
8.12508e-05
9.06258e-05
7.50008e-05
.000206251
.000190626
7.18758e-05
.000112501
5.62508e-05
2.18758e-05
6.56258e-05
-1.56242e-05
3.12576e-06
.000171876
9.37508e-05
9.37576e-06
5.31258e-05
8.12508e-05
.000134376
7.18758e-05
4.37508e-05
3.75008e-05
6.87508e-05
.000106251
1.87508e-05
1.56258e-05
-3.43742e-05
-4.68742e-05
1.25008e-05
.000128126
5.93758e-05
6.25076e-06
.000115626
3.43758e-05
-8.12492e-05
-9.06242e-05
-9.99992e-05
-.000146874
-.000146874
-1.56242e-05
1.56258e-05
6.25008e-05
.000128126
8.43758e-05
.000112501
8.12508e-05
-1.24992e-05
5.93758e-05
-7.81242e-05
-9.37492e-05
7.62939e-10
-6.24924e-06
.000143751
.000190626
2.50008e-05
-.000118749
-.000109374
-.000128124
-5.31242e-05
-3.12424e-06
-2.49992e-05
6.25008e-05
8.43758e-05
.000212501
4.37508e-05
3.12576e-06
-1.87492e-05
-9.68742e-05
7.62939e-10
-4.68742e-05
-8.12492e-05
-4.99992e-05
3.12576e-06
4.68758e-05
2.18758e-05
9.06258e-05
.000134376
.000115626
.000146876
.000143751
-3.12424e-06
5.93758e-05
7.62939e-10
-1.56242e-05
-3.12424e-06
-9.37424e-06
2.18758e-05
-3.43742e-05
-6.24992e-05
4.06258e-05
4.68758e-05
6.25076e-06
5.00008e-05
-1.87492e-05
5.31258e-05
5.93758e-05
5.00008e-05
.000100001
6.87508e-05
1.25008e-05
2.18758e-05
5.62508e-05
4.68758e-05
5.31258e-05
5.31258e-05
-6.24924e-06
6.25008e-05
4.37508e-05
9.37508e-05
.000125001
.000121876
.000184376
.000240626
.000118751
5.62508e-05
-4.99992e-05
-5.62492e-05
-3.12492e-05
7.18758e-05
5.31258e-05
.000103126
5.62508e-05
7.50008e-05
.000121876
9.37508e-05
.000143751
.000168751
4.68758e-05
2.50008e-05
.000150001
.000115626
.000115626
9.37508e-05
5.93758e-05
.000100001
8.43758e-05
7.50008e-05
6.25076e-06
4.68758e-05
9.37576e-06
6.56258e-05
-5.31242e-05
4.68758e-05
-3.43742e-05
2.50008e-05
9.68758e-05
8.75008e-05
.000112501
7.18758e-05
7.62939e-10
-5.93742e-05
-6.24992e-05
-3.74992e-05
-.000115624
3.12576e-06
7.81258e-05
-2.49992e-05
-1.87492e-05
.000121876
.000165626
7.50008e-05
-4.68742e-05
-2.81242e-05
-6.24992e-05
-3.12492e-05
5.00008e-05
6.25008e-05
7.18758e-05
6.25008e-05
-2.49992e-05
-6.24992e-05
-4.06242e-05
-5.93742e-05
3.12576e-06
-9.37424e-06
2.50008e-05
-9.37424e-06
9.37576e-06
.000115626
7.81258e-05
-4.37492e-05
-6.87492e-05
-1.24992e-05
3.12508e-05
2.81258e-05
4.68758e-05
3.12576e-06
-3.43742e-05
-.000131249
-4.37492e-05
-.000137499
-6.87492e-05
-6.24924e-06
.000121876
-3.74992e-05
4.68758e-05
7.18758e-05
.000153126
7.50008e-05
3.43758e-05
2.50008e-05
-.000103124
1.25008e-05
-8.43742e-05
-9.37424e-06
7.62939e-10
5.93758e-05
5.93758e-05
-2.18742e-05
-1.87492e-05
-2.49992e-05
-4.06242e-05
-1.56242e-05
-4.37492e-05
-4.68742e-05
.000103126
4.06258e-05
.000159376
.000125001
8.12508e-05
5.00008e-05
-2.81242e-05
-7.49992e-05
-8.74992e-05
7.62939e-10
5.00008e-05
-2.49992e-05
-3.12492e-05
-6.24924e-06
7.62939e-10
.000112501
3.12576e-06
5.62508e-05
4.06258e-05
3.12508e-05
3.12576e-06
3.12508e-05
5.00008e-05
3.12508e-05
1.25008e-05
5.00008e-05
3.12508e-05
7.62939e-10
-6.87492e-05
3.12576e-06
5.62508e-05
5.93758e-05
.000118751
3.12576e-06
-2.18742e-05
6.25008e-05
7.18758e-05
.000106251
4.68758e-05
-1.24992e-05
-4.37492e-05
-1.24992e-05
-3.43742e-05
-4.99992e-05
-.000103124
-.000109374
-5.31242e-05
-2.18742e-05
1.87508e-05
6.25008e-05
.000131251
1.25008e-05
-3.43742e-05
-7.81242e-05
-1.56242e-05
9.06258e-05
3.75008e-05
2.50008e-05
9.37576e-06
-7.49992e-05
-6.24924e-06
-.000134374
-.000109374
-.000103124
-.000118749
-6.87492e-05
-6.24924e-06
9.37576e-06
-6.24992e-05
7.18758e-05
-1.24992e-05
4.37508e-05
-3.74992e-05
-5.31242e-05
-6.87492e-05
-5.93742e-05
7.18758e-05
3.12576e-06
-3.12424e-06
-4.99992e-05
7.18758e-05
-3.43742e-05
-4.06242e-05
-5.93742e-05
-7.49992e-05
7.62939e-10
-1.24992e-05
4.68758e-05
4.68758e-05
6.25008e-05
2.50008e-05
7.62939e-10
-1.56242e-05
-3.74992e-05
2.18758e-05
3.12508e-05
8.43758e-05
5.93758e-05
.000153126
.000115626
.000118751
.000121876
1.25008e-05
.000153126
.000121876
6.56258e-05
.000125001
.000275001
.000362501
.000440626
.000440626
.000503126
.000593751
.000737501
.000921876
.00107188
.00112813
.00134688
.00156563
.00168438
.00188438
.00212188
.00236563
.00254063
.00284063
.00308125
.00355
.0039125
.00435313
.00468125
.00508438
.00546563
.00600938
.00659375
.00709375
.00760313
.0080625
.00862813
.00920625
.00980938
.0103375
.0108781
.0114781
.0120844
.0126125
.013075
.0137156
.0140906
.0144063
.014775
.0151563
.0153781
.0156125
.0157563
.0159031
.0160094
.0160313
.0158063
.0157313
.0155031
.0152219
.0149219
.0146031
.0141938
.0138313
.0133281
.0128188
.0122938
.0116469
.0109313
.0103438
.00963438
.00901875
.0084
.00765938
.00700313
.00627188
.00547813
.00452188
.00364063
.00284063
.00202188
.00125938
.000578126
-.000124999
-.000921874
-.00175937
-.00268125
-.00349375
-.0043375
-.00500312
-.00587812
-.00673125
-.00745625
-.0082625
-.00910625
-.009875
-.0105187
-.0114344
-.0122781
-.0130969
-.0137062
-.0144937
-.0149937
-.0157719
-.0164594
-.0170312
-.0178625
-.0185094
-.0193094
-.0200062
-.0205187
-.0212687
-.0219125
-.0225031
-.0230906
-.0236125
-.0241719
-.0247937
-.0254187
-.0258844
-.0262687
-.0267719
-.0272906
-.0277594
-.0282562
-.0287406
-.029075
-.0295531
-.0299906
-.0303187
-.0306156
-.0309375
-.0313062
-.0313969
-.031625
-.0318812
-.03215
-.032425
-.0325219
-.0325344
-.0325656
-.0327031
-.03275
-.0328281
-.0326625
-.03275
-.0325625
-.0323906
-.0320687
-.0317812
-.0316312
-.0313187
-.0309062
-.0303437
-.0297594
-.0290406
-.028475
-.0276312
-.0266687
-.0257094
-.0246344
-.023575
-.0221219
-.0205156
-.0187437
-.0167937
-.0147031
-.0122344
-.00930312
-.0058125
-.00195
.0030125
.00949063
.0197094
.0460906
.0965937
.1117
.107834
.107237
.102162
.0981281
.0942312
.0901531
.0864312
.0824875
.078725
.0751156
.0720844
.0688406
.0656719
.0626594
.0597594
.0569875
.0540875
.0514
.0488469
.04635
.0440656
.0417594
.0395031
.0372781
.0352687
.033275
.031225
.0291313
.0272313
.0254375
.0236375
.0219844
.0202219
.0185125
.0167594
.0151563
.0136125
.0119906
.0105031
.00904063
.0077625
.00629063
.00498125
.00347813
.00215938
.000840626
-.000493749
-.00164062
-.00300625
-.00401875
-.00514062
-.00628125
-.00738437
-.00860312
-.009725
-.0107969
-.0118375
-.012775
-.0136531
-.01475
-.0157281
-.0166969
-.0175156
-.0183812
-.0193094
-.0202125
-.0212094
-.0218937
-.0226906
-.0234219
-.0240937
-.0247719
-.0255594
-.0262125
-.0268906
-.0276187
-.0282062
-.0288187
-.0293156
-.0298625
-.0306219
-.0311625
-.0317375
-.0321531
-.032675
-.0332219
-.0337219
-.0341219
-.0345719
-.034825
-.0351406
-.0354469
-.0356437
-.0360594
-.0364844
-.0367156
-.0368531
-.0370469
-.0372687
-.0374719
-.0376719
-.0377219
-.0379312
-.0378844
-.0379
-.0379031
-.03785
-.03765
-.037375
-.0372812
-.0371187
-.0368625
-.0367062
-.0363781
-.0359812
-.0356656
-.035175
-.0346312
-.0340312
-.0333156
-.0324875
-.0315937
-.0306031
-.02965
-.0284625
-.0273719
-.0259937
-.0244656
-.0228219
-.0209594
-.0188219
-.0164437
-.0138781
-.0110031
-.00754687
-.00358437
.000971876
.0065875
.0137188
.0233156
.0390406
.066075
.092
.0992969
.0993375
.0976781
.0943875
.0910531
.0874219
.0840062
.0805687
.0772531
.0739062
.0707594
.0679094
.0649375
.0621437
.0594156
.0566625
.0541062
.0515594
.0489937
.0466594
.0442937
.0422281
.0401062
.0379531
.0359625
.0338937
.0320719
.0300563
.0282625
.0264344
.0246063
.0230469
.0214219
.0196906
.0181188
.0165406
.0149625
.0135531
.0120719
.0106281
.00924688
.00783125
.00651875
.0052875
.00389063
.002625
.0013375
.000156251
-.00111562
-.00229062
-.00346562
-.00455625
-.00549375
-.00665
-.00774687
-.00878125
-.009775
-.0108781
-.0118312
-.01275
-.0138219
-.0146906
-.0155437
-.0164594
-.0172656
-.0180094
-.0188062
-.0196094
-.0204469
-.0213156
-.0220187
-.0228156
-.023475
-.0241219
-.0247281
-.0254344
-.0260594
-.0266875
-.0272812
-.0278719
-.0284187
-.0289375
-.0294719
-.0300625
-.0304562
-.0311
-.0314937
-.0320312
-.0324531
-.0327719
-.0330969
-.0334656
-.0337844
-.0340937
-.0342531
-.0345031
-.0347969
-.0350531
-.0352625
-.0354187
-.0355594
-.03565
-.0357281
-.0357375
-.0357719
-.0357344
-.0357062
-.0356312
-.0357312
-.0354844
-.0352687
-.0350375
-.0349031
-.0344437
-.0339719
-.0335656
-.0330937
-.0326906
-.0321125
-.0314656
-.0305062
-.0297094
-.0287562
-.0276844
-.0265781
-.0253
-.0239875
-.0223812
-.02065
-.0187844
-.0168281
-.0144375
-.0117844
-.00864062
-.00503437
-.000984374
.00381563
.0097625
.0176875
.0295281
.0509094
.0816406
.0976219
.0987812
.098025
.0949094
.0915625
.0881469
.0845656
.0810625
.0775594
.0742312
.0710656
.0680156
.0649875
.0620406
.0592906
.0565656
.0540156
.0515969
.0491656
.0467469
.0444625
.0421594
.0399375
.0377906
.0358187
.0337437
.031925
.0299531
.0281781
.0264344
.024725
.0230938
.0213031
.0196906
.0180656
.0165906
.01515
.0137094
.0121031
.0106813
.00923125
.00791875
.0066125
.00511563
.00379063
.00260625
.00139688
.000300001
-.000893749
-.00207812
-.00335625
-.0044375
-.00545625
-.00659062
-.007775
-.00876562
-.00984062
-.0107469
-.0117375
-.0128406
-.0137344
-.0145844
-.0155312
-.0163844
-.0172375
-.0179937
-.0188969
-.0197625
-.0205
-.0212375
-.0221281
-.0229
-.0235187
-.0242969
-.0249187
-.0256219
-.026275
-.0269719
-.0275219
-.0280687
-.0286781
-.029125
-.0297625
-.03025
-.0307469
-.0312594
-.0317469
-.0323125
-.0326312
-.0330406
-.0333906
-.0337406
-.034125
-.0344562
-.0346406
-.0348469
-.0351781
-.0354
-.0356562
-.03575
-.0358906
-.0360469
-.0361219
-.0361781
-.0361562
-.0362219
-.0362594
-.0362562
-.0361156
-.0359312
-.0356875
-.0354812
-.0352844
-.0349719
-.0346469
-.0342
-.0337687
-.0332812
-.0327094
-.0320125
-.0313562
-.0305219
-.0296781
-.0286062
-.0275719
-.0264187
-.0250281
-.0235437
-.022
-.0201281
-.0181937
-.0160156
-.0135062
-.0106844
-.00744062
-.003875
.000446876
.00557188
.0119813
.0204
.0330344
.0544906
.0809969
.0939031
.0956812
.0949969
.092225
.0893094
.08615
.08285
.0795594
.0764219
.07315
.07
.0671281
.0642562
.0614125
.0587219
.0560937
.0535687
.0511281
.0487344
.0464437
.0441594
.0420219
.0400375
.0378437
.0358156
.0336875
.0317781
.0299188
.0282031
.0265063
.0247
.02305
.0213594
.0198781
.0184094
.016775
.0153656
.0138313
.012375
.0109938
.00954688
.0081625
.00685
.00558438
.00420625
.00290938
.0017125
.000506251
-.000571874
-.00184062
-.00296875
-.00408437
-.00509687
-.00616562
-.00730937
-.00845312
-.00947812
-.010375
-.0114094
-.0123
-.0133094
-.0140281
-.0151156
-.0160344
-.0169562
-.0178187
-.0185469
-.0192437
-.0200969
-.0208969
-.0217656
-.0225281
-.0231406
-.0238625
-.0246187
-.0252656
-.0259969
-.0266375
-.0271594
-.0277875
-.0283719
-.0288781
-.0294375
-.0299687
-.0304406
-.0309312
-.0313937
-.0319281
-.0322906
-.0326906
-.0331312
-.0334344
-.0338562
-.0342812
-.034525
-.0348656
-.0351187
-.0352969
-.0354062
-.03565
-.0358031
-.03585
-.036025
-.0361687
-.0362469
-.0361906
-.0361812
-.0360719
-.0359906
-.0358469
-.0357125
-.0354875
-.0353406
-.0351
-.0347812
-.034425
-.033925
-.0334187
-.0328562
-.0322187
-.0314969
-.0305937
-.0297906
-.0288937
-.0278906
-.0267812
-.0254469
-.0240812
-.022475
-.0208187
-.0187562
-.0167094
-.0142125
-.0115344
-.00841875
-.00472812
-.000559374
.0043625
.0106219
.0188219
.0309562
.0522594
.0800125
.0944312
.0963812
.0958281
.0932437
.0900156
.0868
.0834031
.0801062
.0768594
.0735437
.0703719
.0674219
.0645906
.0616969
.0590875
.0564344
.0539094
.0513406
.04885
.0465062
.0442156
.0421687
.0399937
.0376875
.035825
.0339625
.0321375
.0301344
.0282938
.026475
.0248094
.0231531
.0215219
.01985
.0182594
.0167313
.0152188
.0137594
.0121813
.0108781
.00948125
.0082375
.00677188
.00548438
.0042125
.0028
.00143438
.000362501
-.000856249
-.00189687
-.00289375
-.00404062
-.00510937
-.00625
-.00739062
-.00850625
-.00957812
-.0105812
-.0115625
-.0125281
-.0133844
-.0142531
-.0151656
-.0161312
-.0169531
-.0177562
-.0186937
-.0195437
-.0203625
-.0210719
-.0218406
-.0225125
-.0232
-.0237844
-.0245844
-.0252406
-.0259344
-.0266344
-.0272437
-.0278187
-.0284062
-.0289719
-.0294594
-.0299562
-.0304844
-.0310094
-.0315687
-.0319219
-.0323156
-.0327344
-.0331656
-.0336125
-.0338625
-.0342281
-.0345375
-.0348812
-.0351125
-.0352656
-.0354031
-.0355625
-.0356906
-.0359062
-.0359531
-.0360187
-.0360125
-.0360594
-.0361062
-.0360875
-.0359562
-.0358687
-.0356812
-.0354937
-.035275
-.0350281
-.0346312
-.0342031
-.0336437
-.033175
-.0326187
-.0318844
-.0311937
-.0304875
-.0296156
-.0286406
-.0276219
-.026425
-.0249844
-.0236187
-.0220094
-.0202344
-.0182687
-.016025
-.0134594
-.0105875
-.00731875
-.00354375
.000875001
.0061
.0127688
.0216875
.0355125
.0592656
.0852437
.0952
.0960875
.0949187
.0919687
.0889594
.0856937
.0823594
.0790281
.075725
.0725625
.0695625
.0666781
.0637031
.0609219
.0582
.0555781
.0530281
.0505312
.0481375
.0458437
.0436969
.04155
.0394312
.0372844
.0354
.0335031
.0315094
.0296156
.0279625
.0261531
.0243594
.0227313
.0209906
.019475
.0180031
.0163313
.0148031
.0133344
.0118375
.010475
.00904375
.0077875
.00648438
.00535313
.00393438
.00270313
.00141875
.000218751
-.000978124
-.0022125
-.00330937
-.0044625
-.00544687
-.0065625
-.007575
-.00873437
-.00980312
-.0108125
-.0117875
-.0128281
-.0137125
-.0145031
-.0153719
-.0162937
-.0171094
-.0180187
-.0188969
-.0196594
-.0204562
-.0213344
-.0222062
-.0229062
-.0235156
-.0241031
-.0247969
-.0255812
-.0260719
-.0267281
-.0273437
-.028075
-.0286219
-.0291281
-.0297219
-.0302594
-.0307594
-.0312844
-.0317062
-.0320969
-.0325719
-.0329719
-.0332969
-.0337844
-.0341187
-.0343937
-.034725
-.0349469
-.0351469
-.0353312
-.0355562
-.0356781
-.0358531
-.0359406
-.0360562
-.0361531
-.0362187
-.0362937
-.0362875
-.0361844
-.0360562
-.0359031
-.035725
-.0355281
-.0352844
-.0349312
-.03455
-.0341125
-.0336812
-.0332219
-.0326687
-.032
-.0313031
-.0305625
-.0295781
-.0286219
-.0275187
-.026225
-.0248906
-.0234281
-.0218062
-.0200594
-.01795
-.0157437
-.0132312
-.0103281
-.00709062
-.0033
.00117813
.00656875
.0134156
.0226719
.0373375
.062075
.0869187
.0953656
.0960281
.0948
.0917719
.0886219
.085275
.0819656
.0787656
.0755
.0723219
.0692031
.0663344
.0635125
.06075
.0580125
.0554656
.052925
.0504781
.048175
.0457906
.0436062
.0415312
.0393156
.0371687
.0351312
.0332125
.0314062
.0295563
.0278063
.0259094
.0242063
.022575
.020925
.0193625
.0177688
.0162094
.0147438
.0134094
.0118344
.0104344
.00905938
.00768125
.006425
.00503438
.00364375
.00244375
.00123438
5.00008e-05
-.00115625
-.0022625
-.0034625
-.00453437
-.0056625
-.00679687
-.00781875
-.00874687
-.00985
-.0108781
-.0118719
-.0128469
-.0136969
-.0146375
-.0156812
-.0165031
-.0173594
-.0180937
-.0188875
-.0198125
-.0206344
-.0213594
-.0221062
-.0227844
-.0235719
-.02425
-.0249625
-.0255875
-.0262656
-.0268531
-.0275031
-.02795
-.0287281
-.0292937
-.0299156
-.03045
-.0308906
-.0313469
-.0317969
-.0321687
-.0325625
-.0328875
-.0333187
-.033725
-.0340687
-.0344312
-.0346719
-.0350437
-.0352625
-.0354437
-.0355437
-.0357
-.035925
-.0361344
-.0361719
-.0361406
-.036225
-.0361906
-.0362594
-.0360906
-.0360125
-.0358844
-.03575
-.0356094
-.0353469
-.0350062
-.0346844
-.0342969
-.0337625
-.0331875
-.0325594
-.0318844
-.0311656
-.0304344
-.0295656
-.0285562
-.0273781
-.0261125
-.0247687
-.0234625
-.0218594
-.0201531
-.0181937
-.0161406
-.0137719
-.0110937
-.007975
-.0044875
-.000678124
.00379063
.00890313
.0147156
.0215625
.0293813
.0381781
.047075
.0546844
.0602
.0631906
.0644219
.0643156
.0634437
.0621469
.0605969
.0587156
.0568625
.0549281
.0529094
.0509437
.049075
.0472125
.0450937
.0430469
.0411531
.0393094
.0374125
.0356312
.0339219
.0323437
.0308031
.0291656
.02775
.0261813
.0246281
.0233469
.0219375
.0206
.019325
.0180844
.0168063
.0156188
.0144469
.0132063
.01205
.0109
.00978438
.0088
.00788125
.00692813
.0060125
.00500625
.00411563
.00322188
.00230938
.00160938
.000728126
-9.37424e-06
-.000687499
-.00138437
-.00215312
-.00281875
-.00345625
-.00403125
-.00459375
-.0052
-.0058375
-.00632187
-.00671875
-.00715
-.00770625
-.00804062
-.00844687
-.00893125
-.00915312
-.00955312
-.00991875
-.0102844
-.0104031
-.0105781
-.0106781
-.0108187
-.0110344
-.0110219
-.0112031
-.0112937
-.0113156
-.0112687
-.01125
-.0111937
-.0111969
-.011075
-.0109656
-.0109219
-.0107125
-.0104906
-.0103281
-.0100312
-.00970937
-.00945625
-.00915937
-.00876875
-.0084375
-.00815
-.00786875
-.00752187
-.007025
-.00665937
-.0062125
-.00578125
-.00541875
-.00498437
-.00450937
-.00413437
-.00377812
-.00341562
-.00304062
-.00263437
-.00233437
-.00191875
-.00150937
-.00109062
-.000837499
-.000628124
-.000343749
-9.37492e-05
.000253126
.000412501
.000625001
.000959376
.00104375
.00119375
.00129688
.00140625
.00145938
.00145938
.0014625
.0015375
.00155625
.0015375
.0015125
.00151563
.00145938
.00140313
.0013375
.0012
.00110625
.000984376
.000859376
.000684376
.000640626
.000571876
.000468751
.000362501
.000165626
.000140626
-8.12492e-05
-.000340624
-.000487499
-.000671874
-.000718749
-.000765624
-.000881249
-.001025
-.00109062
-.00120625
-.0013125
-.00144375
-.0016125
-.0016625
-.00176875
-.00165937
-.00171562
-.00180625
-.00179062
-.00179375
-.00188125
-.00197812
-.00190312
-.0019
-.00183125
-.00169375
-.0018125
-.00174687
-.00173437
-.00169375
-.00166875
-.0015
-.00144687
-.00137812
-.0011875
-.00115625
-.00108437
-.000931249
-.000862499
-.000856249
-.000881249
-.000784374
-.000584374
-.000415624
-.000193749
-.000190624
-6.24992e-05
-3.43742e-05
.000112501
.000234376
.000293751
.000284376
.000334376
.000471876
.000618751
.000709376
.000790626
.000865626
.00102188
.0010375
.0010375
.000993751
.00103438
.00121563
.00130938
.00134063
.00145938
.0014625
.0014625
.00144375
.00155313
.00160313
.001525
.00156563
.001525
.00155
.00156875
.00155938
.0016625
.001725
.00165938
.00159063
.00167188
.00165313
.00152813
.00154688
.00169688
.0016125
.00155625
.00155625
.00151563
.00152188
.00149063
.00149063
.00142188
.0014625
.00147813
.00137188
.00141875
.00129063
.00124375
.00127188
.00128125
.0013125
.0012625
.0012625
.00120625
.00115625
.00120313
.00123125
.00119063
.00115625
.00115313
.00104688
.001125
.00112188
.00110938
.00110938
.00106563
.0010875
.000971876
.000937501
.00101563
.000903126
.000950001
.000925001
.000981251
.000900001
.000884376
.000790626
.000828126
.000775001
.000750001
.000756251
.000712501
.000625001
.000709376
.000646876
.000706251
.000687501
.000562501
.000506251
.000562501
.000515626
.000506251
.000437501
.000365626
.000240626
.000193751
.000100001
6.25008e-05
9.68758e-05
.000112501
5.93758e-05
-4.37492e-05
-9.68742e-05
-.000118749
-.000324999
-.000412499
-.000334374
-.000415624
-.000374999
-.000496874
-.000474999
-.000478124
-.000499999
-.000668749
-.000743749
-.000909374
-.000928124
-.000959374
-.000971874
-.000978124
-.000965624
-.00112187
-.00118437
-.0012125
-.00127812
-.00133125
-.00146875
-.00153125
-.00149062
-.00150625
-.0014625
-.00140312
-.00150937
-.00162812
-.00176875
-.00177187
-.00175625
-.00177812
-.0017625
-.00171875
-.00175312
-.00179375
-.0017125
-.00178125
-.0017625
-.00170625
-.00167812
-.00159375
-.00169687
-.00165937
-.00161875
-.00141875
-.00145312
-.0014375
-.00144375
-.001475
-.001375
-.00132812
-.00124375
-.00110937
-.0011
-.0010375
-.00103125
-.000971874
-.000912499
-.000849999
-.000821874
-.000828124
-.000684374
-.000621874
-.000521874
-.000406249
-.000393749
-.000403124
-.000356249
-.000281249
-.000168749
-.000256249
-7.81242e-05
3.12576e-06
4.37508e-05
9.06258e-05
.000115626
.000140626
.000190626
.000212501
.000250001
.000331251
.000256251
.000359376
.000531251
.000512501
.000515626
.000568751
.000503126
.000615626
.000525001
.000540626
.000628126
.000656251
.000662501
.000625001
.000603126
.000640626
.000618751
.000584376
.000559376
.000415626
.000431251
.000459376
.000440626
.000475001
.000400001
.000478126
.000415626
.000303126
.000190626
.000206251
.000290626
.000196876
.000212501
.000131251
4.06258e-05
.000118751
2.18758e-05
-5.62492e-05
-7.18742e-05
-7.81242e-05
-.000156249
-.000131249
-.000190624
-.000190624
-.000234374
-.000268749
-.000324999
-.000303124
-.000296874
-.000309374
-.000374999
-.000406249
-.000499999
-.000474999
-.000396874
-.000431249
-.000524999
-.000415624
-.000356249
-.000337499
-.000474999
-.000515624
-.000424999
-.000418749
-.000390624
-.000356249
-.000393749
-.000249999
-.000224999
-.000212499
-.000218749
-.000212499
-.000287499
-.000262499
-.000206249
-.000156249
-.000199999
-9.37492e-05
-.000159374
-.000106249
-.000134374
-9.37492e-05
-4.99992e-05
-9.37424e-06
6.25008e-05
7.81258e-05
.000140626
9.37508e-05
.000103126
.000200001
.000193751
.000218751
.000281251
.000268751
.000334376
.000331251
.000306251
.000300001
.000340626
.000290626
.000259376
.000265626
.000225001
.000328126
.000465626
.000515626
.000365626
.000375001
.000381251
.000453126
.000425001
.000400001
.000359376
.000390626
.000321876
.000309376
.000384376
.000321876
.000346876
.000353126
.000281251
.000240626
.000253126
.000228126
.000181251
.000128126
4.06258e-05
7.81258e-05
8.43758e-05
.000121876
9.37508e-05
5.62508e-05
7.18758e-05
7.62939e-10
-.000131249
-.000140624
-.000134374
9.37576e-06
2.18758e-05
-1.87492e-05
-7.81242e-05
-.000112499
-.000178124
-.000199999
-.000149999
-.000343749
-.000318749
-.000296874
-.000196874
-.000237499
-.000212499
-.000212499
-.000256249
-.000303124
-.000259374
-.000231249
-.000228124
-.000271874
-.000356249
-.000312499
-.000318749
-.000262499
-.000243749
-.000249999
-.000206249
-.000337499
-.000365624
-.000284374
-.000262499
-.000243749
-.000171874
-.000181249
-.000115624
-.000199999
-.000199999
-.000124999
-.000131249
-8.12492e-05
-.000149999
-.000140624
-.000146874
7.50008e-05
5.00008e-05
8.75008e-05
.000140626
6.56258e-05
3.43758e-05
-4.68742e-05
-1.87492e-05
.000143751
.000112501
8.75008e-05
3.12508e-05
5.62508e-05
.000128126
.000115626
7.18758e-05
.000203126
.000218751
.000259376
.000250001
.000284376
.000306251
.000256251
.000359376
.000250001
.000212501
.000150001
.000200001
.000231251
.000278126
.000237501
.000215626
.000250001
.000287501
.000306251
.000206251
.000203126
.000162501
.000140626
.000231251
.000231251
.000221876
.000218751
.000184376
.000265626
.000131251
.000134376
.000137501
.000112501
9.37576e-06
7.18758e-05
5.93758e-05
2.81258e-05
.000143751
9.37508e-05
3.12508e-05
9.37576e-06
-2.18742e-05
1.87508e-05
-6.56242e-05
-9.37424e-06
-7.81242e-05
-.000184374
-.000153124
-.000121874
-.000171874
-.000128124
-.000146874
-.000124999
-1.87492e-05
-4.99992e-05
-.000109374
-9.99992e-05
-.000106249
-.000118749
-9.99992e-05
-9.68742e-05
-.000178124
-.000206249
-.000281249
-.000246874
-.000212499
-.000112499
-.000128124
-.000112499
-.000209374
-.000143749
-.000134374
-.000128124
-.000178124
-.000162499
-.000140624
-6.24992e-05
6.25076e-06
-.000112499
-.000131249
-7.18742e-05
-4.06242e-05
-.000112499
-.000124999
-.000118749
-2.49992e-05
5.00008e-05
.000156251
1.25008e-05
-3.43742e-05
-9.99992e-05
-4.99992e-05
7.62939e-10
-1.24992e-05
-5.31242e-05
-7.81242e-05
-.000149999
-.000124999
-1.56242e-05
-9.37424e-06
3.43758e-05
-3.12424e-06
-3.12492e-05
7.62939e-10
.000221876
.000215626
.000131251
.000128126
.000131251
.000171876
.000187501
.000137501
.000121876
-3.12424e-06
2.81258e-05
6.56258e-05
9.68758e-05
5.62508e-05
.000228126
.000271876
.000184376
.000178126
.000103126
.000190626
.000175001
.000209376
.000162501
9.06258e-05
9.68758e-05
7.50008e-05
8.12508e-05
9.68758e-05
.000153126
.000315626
.000281251
.000356251
.000362501
.000346876
.000375001
.000250001
9.37508e-05
6.87508e-05
.000118751
.000171876
.000200001
.000218751
.000253126
.000250001
.000231251
.000209376
.000165626
.000187501
.000284376
.000265626
.000287501
.000306251
.000271876
.000315626
.000281251
.000153126
9.37508e-05
1.56258e-05
9.06258e-05
4.68758e-05
4.06258e-05
.000159376
.000128126
.000181251
9.68758e-05
.000118751
7.50008e-05
5.31258e-05
.000103126
.000143751
9.37508e-05
-5.93742e-05
-6.56242e-05
-9.37424e-06
6.56258e-05
6.25008e-05
-3.12424e-06
-1.87492e-05
-2.81242e-05
-5.62492e-05
2.50008e-05
3.12576e-06
-4.68742e-05
-6.24992e-05
-9.37424e-06
-3.12492e-05
-.000103124
-.000149999
-.000137499
-.000281249
-.000212499
-.000143749
-.000231249
-.000215624
-.000315624
-.000171874
-.000293749
-.000309374
-.000324999
-.000174999
-.000218749
-.000231249
-.000274999
-.000215624
-.000353124
-.000378124
-.000390624
-.000399999
-.000406249
-.000374999
-.000331249
-.000337499
-.000337499
-.000312499
-.000368749
-.000368749
-.000446874
-.000362499
-.000331249
-.000353124
-.000428124
-.000478124
-.000421874
-.000384374
-.000581249
-.000418749
-.000353124
-.000446874
-.000356249
-.000287499
-.000384374
-.000337499
-.000362499
-.000321874
-.000181249
-.000193749
-.000181249
-.000221874
-.000368749
-.000343749
-.000290624
-.000246874
-.000153124
-.000215624
-.000199999
-.000203124
-.000178124
-6.24924e-06
-3.12492e-05
-7.49992e-05
-9.99992e-05
-1.24992e-05
-.000112499
-6.24924e-06
7.62939e-10
9.37576e-06
7.50008e-05
8.75008e-05
8.43758e-05
8.43758e-05
3.12508e-05
.000121876
.000125001
8.75008e-05
.000128126
.000193751
.000321876
.000303126
.000262501
.000309376
.000309376
.000256251
.000181251
.000168751
.000181251
.000271876
.000278126
.000409376
.000250001
.000381251
.000440626
.000390626
.000440626
.000218751
.000296876
.000309376
.000259376
.000365626
.000412501
.000375001
.000487501
.000384376
.000309376
.000381251
.000306251
.000340626
.000359376
.000243751
.000462501
.000356251
.000387501
.000378126
.000393751
.000362501
.000284376
.000159376
.000128126
.000250001
.000246876
.000290626
.000221876
.000253126
.000246876
.000284376
.000259376
.000187501
.000156251
8.12508e-05
-9.37424e-06
.000137501
8.43758e-05
8.12508e-05
3.12508e-05
7.81258e-05
.000109376
9.37576e-06
6.25076e-06
5.00008e-05
-3.43742e-05
-9.37492e-05
-8.74992e-05
-9.68742e-05
-3.74992e-05
-3.12424e-06
-.000109374
-.000149999
-.000203124
-.000240624
-.000131249
-9.68742e-05
-.000128124
-.000112499
-.000218749
-.000187499
-.000131249
-.000178124
-.000162499
-.000253124
-.000296874
-.000281249
-.000343749
-.000309374
-.000174999
-.000140624
-.000199999
-.000181249
-.000274999
-.000268749
-.000218749
-.000178124
-.000190624
-.000215624
-.000218749
-.000149999
-.000184374
-.000106249
-.000265624
-.000259374
-.000178124
-.000109374
-.000156249
-.000196874
-.000149999
-.000156249
-.000156249
-.000196874
-.000168749
-9.99992e-05
-8.43742e-05
-6.24992e-05
-7.49992e-05
-.000118749
-1.87492e-05
-1.24992e-05
-4.37492e-05
-5.93742e-05
-.000106249
-6.56242e-05
-9.06242e-05
-2.18742e-05
3.75008e-05
6.87508e-05
9.37576e-06
.000128126
.000140626
4.37508e-05
2.50008e-05
1.56258e-05
6.25076e-06
4.06258e-05
.000112501
5.00008e-05
.000109376
.000162501
.000106251
.000290626
.000218751
.000156251
.000131251
5.93758e-05
.000171876
.000146876
.000134376
.000109376
.000162501
.000281251
.000321876
.000231251
.000156251
.000287501
.000281251
.000337501
.000281251
.000221876
.000215626
.000218751
.000118751
.000193751
.000203126
.000284376
.000356251
.000312501
.000287501
.000250001
.000103126
.000140626
.000225001
.000134376
.000237501
.000290626
.000328126
.000343751
.000293751
.000259376
.000275001
.000271876
.000234376
.000237501
.000256251
.000193751
.000156251
.000146876
.000221876
.000246876
.000106251
.000131251
.000131251
.000109376
.000146876
.000162501
.000196876
.000200001
.000190626
.000103126
.000225001
.000175001
.000112501
.000128126
9.37508e-05
.000109376
5.93758e-05
5.62508e-05
-4.37492e-05
7.50008e-05
9.37508e-05
6.87508e-05
6.25008e-05
.000109376
4.68758e-05
5.00008e-05
2.50008e-05
2.81258e-05
6.25076e-06
5.62508e-05
6.25076e-06
-3.12424e-06
6.25076e-06
.000131251
.000112501
.000212501
5.62508e-05
-1.87492e-05
-4.06242e-05
4.06258e-05
2.18758e-05
-4.37492e-05
-5.93742e-05
-1.56242e-05
4.68758e-05
-3.12492e-05
6.25076e-06
-3.12492e-05
-2.18742e-05
1.25008e-05
-2.49992e-05
-.000112499
-3.12492e-05
3.75008e-05
7.18758e-05
-3.12424e-06
-4.99992e-05
-.000121874
-.000109374
-5.31242e-05
-8.12492e-05
-4.68742e-05
-9.68742e-05
-6.56242e-05
-6.24992e-05
1.56258e-05
-1.56242e-05
3.12576e-06
-4.99992e-05
-3.12424e-06
3.75008e-05
-1.24992e-05
-9.37424e-06
1.87508e-05
2.81258e-05
-2.49992e-05
-5.93742e-05
-5.62492e-05
-4.99992e-05
3.12576e-06
3.12576e-06
-3.43742e-05
-1.24992e-05
-4.37492e-05
-6.56242e-05
9.37576e-06
-6.24924e-06
-8.12492e-05
7.81258e-05
6.25008e-05
3.12576e-06
2.81258e-05
8.75008e-05
8.12508e-05
.000143751
-3.12492e-05
-5.31242e-05
1.25008e-05
5.62508e-05
.000115626
3.75008e-05
4.68758e-05
5.31258e-05
3.12576e-06
.000103126
3.75008e-05
6.87508e-05
8.75008e-05
.000153126
.000134376
.000115626
6.25008e-05
.000109376
.000171876
5.93758e-05
.000121876
9.06258e-05
.000131251
.000131251
7.50008e-05
.000168751
.000181251
.000209376
.000140626
.000203126
.000215626
.000156251
.000206251
7.50008e-05
6.25008e-05
9.06258e-05
.000115626
.000184376
.000106251
.000112501
.000131251
.000131251
.000187501
.000178126
.000162501
.000159376
.000243751
.000200001
.000109376
6.87508e-05
9.06258e-05
.000250001
.000190626
.000140626
.000228126
.000243751
.000106251
.000181251
9.37508e-05
.000181251
.000140626
.000162501
.000181251
.000156251
.000143751
.000203126
.000131251
7.18758e-05
-6.24924e-06
2.18758e-05
.000112501
.000106251
6.56258e-05
.000187501
3.43758e-05
5.00008e-05
5.00008e-05
8.75008e-05
-7.81242e-05
-7.49992e-05
4.06258e-05
3.43758e-05
-2.18742e-05
5.62508e-05
-1.87492e-05
-8.43742e-05
-4.37492e-05
-9.99992e-05
-7.18742e-05
-6.24992e-05
-8.74992e-05
-2.49992e-05
-9.68742e-05
-.000156249
-.000137499
-.000121874
-.000196874
-.000174999
-.000206249
-.000140624
-.000159374
-5.93742e-05
-8.43742e-05
-.000121874
-.000134374
-.000115624
-6.87492e-05
-9.68742e-05
-5.93742e-05
-.000112499
-.000199999
-.000149999
-.000131249
-.000115624
-.000184374
-.000140624
-.000124999
-.000115624
-6.24992e-05
-.000109374
-7.18742e-05
-.000171874
-.000206249
-.000181249
-.000115624
-.000103124
-7.81242e-05
-9.37492e-05
-.000134374
-.000159374
-8.74992e-05
-6.87492e-05
-2.18742e-05
-.000128124
-7.81242e-05
-4.37492e-05
-2.81242e-05
-5.31242e-05
-5.93742e-05
2.50008e-05
-.000118749
3.12576e-06
-6.24992e-05
-.000118749
-4.68742e-05
-2.81242e-05
-1.24992e-05
-9.37424e-06
9.37576e-06
5.93758e-05
-2.49992e-05
8.75008e-05
3.75008e-05
.000112501
.000128126
6.25076e-06
2.18758e-05
2.81258e-05
4.68758e-05
.000143751
8.43758e-05
-3.12492e-05
1.25008e-05
2.81258e-05
8.12508e-05
.000200001
7.50008e-05
7.62939e-10
.000153126
.000212501
.000212501
.000171876
.000178126
.000106251
5.93758e-05
7.18758e-05
5.62508e-05
.000168751
.000296876
.000290626
.000300001
.000325001
.000268751
.000209376
.000159376
5.31258e-05
.000128126
.000140626
.000190626
.000171876
.000196876
.000281251
.000212501
.000237501
.000146876
.000103126
.000175001
.000215626
.000171876
.000184376
.000159376
.000156251
.000234376
.000100001
4.37508e-05
.000109376
7.81258e-05
5.93758e-05
.000137501
.000281251
.000175001
.000275001
.000240626
.000140626
.000131251
.000140626
3.43758e-05
2.18758e-05
2.81258e-05
.000115626
8.43758e-05
.000118751
8.43758e-05
6.56258e-05
5.00008e-05
7.50008e-05
.000128126
.000146876
.000165626
6.25008e-05
.000140626
.000168751
.000146876
8.12508e-05
6.87508e-05
6.87508e-05
-1.24992e-05
-1.87492e-05
4.06258e-05
4.06258e-05
7.81258e-05
-3.12492e-05
.000118751
.000118751
2.50008e-05
9.37576e-06
-3.12424e-06
-9.37424e-06
9.68758e-05
8.12508e-05
7.18758e-05
3.12576e-06
-1.87492e-05
2.50008e-05
2.18758e-05
6.87508e-05
4.37508e-05
-3.74992e-05
8.43758e-05
-3.12424e-06
-3.12492e-05
1.56258e-05
-2.49992e-05
-4.37492e-05
-3.74992e-05
-7.18742e-05
-6.24992e-05
-9.68742e-05
-.000137499
-8.74992e-05
-6.24924e-06
3.12508e-05
4.68758e-05
4.37508e-05
3.43758e-05
7.81258e-05
.000109376
1.87508e-05
-1.24992e-05
-2.81242e-05
-4.99992e-05
-3.12492e-05
-5.62492e-05
-2.49992e-05
6.25008e-05
.000162501
.000168751
6.25008e-05
-9.37424e-06
6.87508e-05
.000162501
.000106251
.000115626
7.18758e-05
3.43758e-05
8.75008e-05
.000106251
.000200001
9.06258e-05
.000171876
.000106251
4.37508e-05
6.25076e-06
.000109376
.000159376
.000121876
.000134376
1.25008e-05
-3.12424e-06
.000146876
.000106251
5.62508e-05
4.37508e-05
9.06258e-05
.000181251
.000178126
.000103126
.000153126
.000106251
9.68758e-05
.000134376
5.31258e-05
.000103126
.000115626
.000106251
.000115626
6.56258e-05
.000121876
.000156251
5.93758e-05
-9.37424e-06
3.12508e-05
3.75008e-05
5.62508e-05
.000150001
6.25008e-05
9.37508e-05
7.18758e-05
.000103126
7.18758e-05
1.56258e-05
6.25076e-06
5.93758e-05
.000165626
3.43758e-05
9.06258e-05
-3.12424e-06
5.93758e-05
.000137501
.000103126
.000115626
.000181251
.000125001
6.87508e-05
-5.93742e-05
7.18758e-05
3.12576e-06
-5.31242e-05
2.18758e-05
-2.18742e-05
-6.24924e-06
.000112501
5.62508e-05
9.68758e-05
.000128126
.000100001
6.56258e-05
-3.12424e-06
-1.24992e-05
.000103126
9.68758e-05
.000121876
.000159376
.000112501
1.87508e-05
5.93758e-05
.000100001
5.31258e-05
1.56258e-05
4.06258e-05
5.31258e-05
3.12576e-06
4.37508e-05
9.37576e-06
-3.43742e-05
-2.49992e-05
4.68758e-05
6.56258e-05
.000103126
.000206251
.000143751
5.00008e-05
1.87508e-05
-3.12424e-06
6.56258e-05
4.06258e-05
9.37508e-05
7.18758e-05
8.75008e-05
.000162501
.000196876
.000134376
.000121876
.000118751
2.81258e-05
4.06258e-05
3.43758e-05
1.87508e-05
9.68758e-05
9.68758e-05
7.18758e-05
.000175001
.000187501
8.12508e-05
.000100001
3.12508e-05
3.12576e-06
.000140626
.000109376
.000162501
.000237501
.000250001
8.75008e-05
.000143751
.000109376
.000165626
7.81258e-05
8.43758e-05
.000175001
.000103126
.000259376
.000184376
.000240626
.000184376
.000118751
.000128126
8.43758e-05
.000112501
5.62508e-05
.000137501
.000125001
.000162501
.000175001
9.37508e-05
.000109376
.000125001
5.93758e-05
3.12576e-06
6.25008e-05
.000165626
.000187501
.000159376
.000221876
.000140626
.000168751
2.81258e-05
3.43758e-05
3.43758e-05
.000112501
.000137501
.000131251
.000106251
4.06258e-05
7.18758e-05
.000112501
.000137501
5.62508e-05
6.25008e-05
6.25076e-06
9.68758e-05
-6.24924e-06
.000106251
6.56258e-05
2.18758e-05
-2.49992e-05
-6.24924e-06
3.75008e-05
1.56258e-05
.000140626
.000143751
4.68758e-05
7.18758e-05
6.56258e-05
.000171876
9.37508e-05
6.87508e-05
-4.99992e-05
-2.49992e-05
-4.06242e-05
5.00008e-05
7.18758e-05
.000128126
.000175001
.000137501
7.62939e-10
3.12576e-06
6.25008e-05
7.18758e-05
9.37576e-06
-6.24992e-05
-6.87492e-05
5.31258e-05
5.93758e-05
2.18758e-05
-5.62492e-05
-2.81242e-05
2.81258e-05
9.37508e-05
.000125001
-3.12424e-06
8.43758e-05
5.00008e-05
-1.56242e-05
6.87508e-05
-3.12424e-06
3.12576e-06
.000118751
.000146876
3.75008e-05
1.56258e-05
9.06258e-05
7.81258e-05
4.37508e-05
-1.87492e-05
-6.87492e-05
3.12576e-06
5.93758e-05
-9.37424e-06
5.31258e-05
2.18758e-05
1.25008e-05
3.12508e-05
.000109376
7.81258e-05
7.62939e-10
6.87508e-05
7.50008e-05
.000112501
9.06258e-05
.000137501
.000118751
3.12508e-05
.000109376
.000106251
9.37508e-05
2.81258e-05
4.06258e-05
7.62939e-10
6.25076e-06
5.31258e-05
.000115626
.000150001
7.50008e-05
.000187501
5.93758e-05
5.00008e-05
8.75008e-05
.000112501
3.43758e-05
2.50008e-05
7.18758e-05
6.25008e-05
8.75008e-05
.000100001
6.25008e-05
.000103126
5.31258e-05
-6.24924e-06
-3.12424e-06
9.06258e-05
1.87508e-05
-2.49992e-05
2.81258e-05
2.50008e-05
5.31258e-05
5.31258e-05
8.43758e-05
2.50008e-05
.000171876
5.93758e-05
1.87508e-05
7.50008e-05
6.87508e-05
6.56258e-05
6.87508e-05
5.93758e-05
7.62939e-10
-4.99992e-05
3.12508e-05
3.12576e-06
.000121876
2.81258e-05
5.62508e-05
-2.49992e-05
3.43758e-05
4.37508e-05
2.18758e-05
8.12508e-05
9.37576e-06
9.06258e-05
-3.43742e-05
.000187501
8.43758e-05
.000134376
.000150001
.000118751
.000134376
5.93758e-05
1.87508e-05
5.93758e-05
7.18758e-05
5.31258e-05
-5.31242e-05
4.68758e-05
3.75008e-05
6.56258e-05
7.18758e-05
.000143751
1.87508e-05
-5.62492e-05
4.37508e-05
6.87508e-05
-1.56242e-05
5.93758e-05
.000178126
6.56258e-05
-3.12492e-05
6.25008e-05
.000140626
3.75008e-05
7.62939e-10
4.68758e-05
4.68758e-05
5.62508e-05
4.68758e-05
8.43758e-05
.000128126
2.50008e-05
4.06258e-05
-.000106249
9.37576e-06
-.000109374
-4.37492e-05
-9.37424e-06
2.50008e-05
1.56258e-05
5.93758e-05
-6.24924e-06
6.87508e-05
6.87508e-05
3.43758e-05
.000112501
.000121876
7.50008e-05
6.87508e-05
6.25008e-05
8.75008e-05
2.81258e-05
.000184376
.000131251
7.18758e-05
-9.37424e-06
7.50008e-05
.000121876
6.25076e-06
2.18758e-05
6.87508e-05
.000125001
.000125001
9.06258e-05
5.93758e-05
4.37508e-05
7.50008e-05
5.62508e-05
3.12508e-05
1.25008e-05
5.62508e-05
-3.12424e-06
2.18758e-05
-1.87492e-05
3.75008e-05
.000118751
8.75008e-05
6.25076e-06
3.75008e-05
2.18758e-05
5.62508e-05
.000112501
.000200001
5.62508e-05
3.75008e-05
2.81258e-05
9.37576e-06
3.43758e-05
.000121876
4.68758e-05
-8.74992e-05
5.93758e-05
9.37576e-06
3.75008e-05
1.25008e-05
7.18758e-05
9.37508e-05
7.18758e-05
.000118751
4.37508e-05
-5.93742e-05
-1.56242e-05
5.93758e-05
7.18758e-05
.000100001
.000103126
7.81258e-05
8.43758e-05
3.75008e-05
5.93758e-05
.000203126
.000162501
.000153126
.000121876
.000150001
9.68758e-05
-2.81242e-05
-3.12492e-05
-5.31242e-05
3.75008e-05
7.62939e-10
4.06258e-05
5.62508e-05
.000125001
.000150001
.000181251
.000146876
.000106251
2.18758e-05
-4.99992e-05
-1.24992e-05
6.25076e-06
6.87508e-05
4.37508e-05
.000137501
9.68758e-05
.000118751
6.25076e-06
1.25008e-05
2.18758e-05
-4.99992e-05
8.43758e-05
6.25008e-05
.000131251
.000162501
.000153126
8.12508e-05
-3.12424e-06
7.62939e-10
9.37576e-06
5.93758e-05
-2.81242e-05
2.81258e-05
6.25076e-06
-8.74992e-05
7.62939e-10
-6.24992e-05
3.12508e-05
8.12508e-05
.000112501
7.81258e-05
7.81258e-05
.000106251
9.06258e-05
9.06258e-05
5.93758e-05
.000150001
7.81258e-05
9.37508e-05
.000118751
.000112501
.000171876
3.75008e-05
5.00008e-05
.000115626
6.56258e-05
5.00008e-05
.000125001
.000156251
3.75008e-05
-7.18742e-05
-8.43742e-05
5.00008e-05
5.93758e-05
6.87508e-05
8.43758e-05
8.43758e-05
.000121876
9.68758e-05
7.18758e-05
4.37508e-05
5.62508e-05
-2.18742e-05
1.25008e-05
3.43758e-05
-1.87492e-05
-1.56242e-05
6.25008e-05
.000106251
.000103126
2.50008e-05
7.81258e-05
7.18758e-05
.000134376
6.25076e-06
.000131251
3.43758e-05
4.68758e-05
-1.87492e-05
7.18758e-05
.000103126
5.93758e-05
7.18758e-05
-3.12424e-06
-1.87492e-05
-6.24992e-05
1.56258e-05
5.00008e-05
7.62939e-10
-6.24924e-06
3.43758e-05
7.18758e-05
7.50008e-05
.000103126
7.18758e-05
8.43758e-05
7.81258e-05
4.37508e-05
1.56258e-05
3.12508e-05
.000109376
7.18758e-05
3.43758e-05
7.18758e-05
-3.12424e-06
6.25008e-05
.000100001
4.06258e-05
-.000118749
-4.06242e-05
3.43758e-05
7.81258e-05
8.12508e-05
9.68758e-05
.000112501
.000121876
.000153126
.000109376
4.37508e-05
.000103126
7.50008e-05
.000178126
5.00008e-05
5.31258e-05
7.81258e-05
.000112501
5.00008e-05
6.56258e-05
3.43758e-05
.000128126
.000103126
9.37508e-05
.000112501
3.43758e-05
7.81258e-05
.000115626
.000218751
.000140626
6.87508e-05
3.43758e-05
7.18758e-05
.000134376
3.75008e-05
6.56258e-05
-5.93742e-05
-4.06242e-05
8.43758e-05
.000112501
.000137501
.000100001
8.75008e-05
5.00008e-05
4.06258e-05
.000109376
.000118751
.000137501
.000103126
5.62508e-05
1.25008e-05
.000125001
.000165626
.000131251
.000106251
5.93758e-05
.000181251
9.68758e-05
8.12508e-05
9.06258e-05
7.18758e-05
1.87508e-05
-3.43742e-05
-6.24924e-06
-4.06242e-05
6.56258e-05
.000109376
.000134376
3.43758e-05
-2.18742e-05
5.93758e-05
.000121876
.000153126
.000134376
.000100001
7.18758e-05
.000112501
.000118751
5.31258e-05
.000106251
5.62508e-05
5.31258e-05
-4.06242e-05
1.56258e-05
-2.49992e-05
-4.06242e-05
-1.24992e-05
-3.43742e-05
-3.12424e-06
-1.56242e-05
.000103126
9.37576e-06
1.56258e-05
6.87508e-05
-4.37492e-05
5.00008e-05
6.87508e-05
.000112501
1.87508e-05
7.81258e-05
.000128126
.000146876
.000137501
3.43758e-05
-1.24992e-05
.000134376
7.81258e-05
8.75008e-05
1.56258e-05
1.87508e-05
4.68758e-05
9.68758e-05
1.87508e-05
.000109376
4.37508e-05
4.68758e-05
8.12508e-05
6.87508e-05
8.43758e-05
.000134376
9.06258e-05
8.43758e-05
2.18758e-05
2.18758e-05
5.62508e-05
7.50008e-05
7.81258e-05
3.43758e-05
3.43758e-05
1.87508e-05
6.56258e-05
9.37508e-05
8.43758e-05
.000156251
7.18758e-05
3.43758e-05
-9.37424e-06
2.18758e-05
.000115626
6.87508e-05
5.31258e-05
9.37576e-06
-5.93742e-05
3.43758e-05
-4.99992e-05
.000103126
4.68758e-05
9.37576e-06
3.12576e-06
3.12508e-05
3.12576e-06
-6.24924e-06
5.00008e-05
2.18758e-05
7.62939e-10
5.00008e-05
6.25076e-06
2.81258e-05
.000143751
.000175001
4.68758e-05
.000121876
9.06258e-05
8.12508e-05
9.06258e-05
.000103126
7.18758e-05
5.93758e-05
.000128126
-3.12492e-05
-6.24924e-06
4.37508e-05
.000115626
.000171876
8.75008e-05
.000143751
7.81258e-05
.000121876
9.68758e-05
8.12508e-05
6.87508e-05
5.62508e-05
2.18758e-05
3.12508e-05
.000143751
.000103126
.000200001
.000156251
8.12508e-05
.000150001
.000243751
.000171876
.000115626
2.81258e-05
-6.56242e-05
3.43758e-05
3.43758e-05
4.37508e-05
-8.12492e-05
-4.68742e-05
4.06258e-05
5.93758e-05
.000128126
8.12508e-05
2.18758e-05
2.81258e-05
5.62508e-05
8.75008e-05
-2.18742e-05
7.18758e-05
.000103126
.000109376
.000106251
9.68758e-05
7.18758e-05
5.93758e-05
1.87508e-05
1.25008e-05
4.68758e-05
.000137501
.000137501
7.62939e-10
.000134376
.000118751
.000109376
.000121876
9.06258e-05
.000131251
-9.37424e-06
2.50008e-05
4.37508e-05
6.87508e-05
7.81258e-05
8.75008e-05
.000112501
.000100001
.000203126
.000168751
.000159376
.000118751
7.18758e-05
4.68758e-05
-9.37424e-06
6.25076e-06
5.93758e-05
.000118751
-3.12424e-06
5.31258e-05
-2.49992e-05
1.56258e-05
.000134376
9.37508e-05
5.93758e-05
-9.37424e-06
.000109376
.000190626
9.68758e-05
5.00008e-05
9.37576e-06
6.25008e-05
.000100001
6.25008e-05
6.25008e-05
6.56258e-05
5.93758e-05
8.12508e-05
8.12508e-05
5.93758e-05
-2.18742e-05
5.93758e-05
6.87508e-05
.000128126
9.06258e-05
.000100001
.000131251
.000153126
6.87508e-05
-3.12424e-06
2.50008e-05
6.25076e-06
-2.18742e-05
6.25076e-06
9.37508e-05
.000103126
.000156251
9.37508e-05
4.68758e-05
1.56258e-05
3.12508e-05
6.87508e-05
-1.87492e-05
9.37508e-05
.000125001
.000168751
8.43758e-05
.000178126
.000143751
.000221876
.000218751
.000209376
.000100001
9.06258e-05
.000212501
.000225001
.000106251
5.62508e-05
.000131251
.000109376
.000109376
4.68758e-05
9.37508e-05
9.68758e-05
9.68758e-05
-3.12424e-06
7.18758e-05
5.00008e-05
.000112501
-2.81242e-05
.000153126
7.18758e-05
6.25076e-06
3.12508e-05
.000115626
2.50008e-05
.000121876
-1.24992e-05
8.43758e-05
6.87508e-05
6.56258e-05
.000137501
.000143751
.000137501
.000131251
4.06258e-05
-3.12424e-06
-2.49992e-05
2.81258e-05
5.00008e-05
7.18758e-05
.000103126
3.12576e-06
2.18758e-05
5.31258e-05
-4.99992e-05
7.81258e-05
6.25008e-05
.000109376
.000121876
4.06258e-05
7.18758e-05
7.18758e-05
.000143751
.000115626
5.00008e-05
3.12508e-05
.000109376
8.75008e-05
6.56258e-05
.000109376
6.25076e-06
-1.87492e-05
1.56258e-05
3.75008e-05
3.12508e-05
.000146876
7.81258e-05
.000125001
.000128126
4.06258e-05
.000112501
2.18758e-05
4.68758e-05
7.81258e-05
.000125001
3.75008e-05
4.06258e-05
7.18758e-05
.000162501
.000162501
6.87508e-05
-3.12424e-06
5.62508e-05
3.12508e-05
1.87508e-05
3.12508e-05
-2.18742e-05
.000103126
.000118751
.000125001
.000103126
-3.43742e-05
-3.12424e-06
-6.87492e-05
-3.74992e-05
-5.31242e-05
-2.81242e-05
.000143751
.000162501
.000165626
.000115626
.000143751
5.93758e-05
7.18758e-05
5.62508e-05
-3.43742e-05
.000103126
4.06258e-05
5.00008e-05
-4.37492e-05
6.25076e-06
1.87508e-05
5.62508e-05
1.25008e-05
9.37576e-06
.000125001
.000121876
.000137501
.000175001
.000125001
.000134376
-2.49992e-05
3.75008e-05
-1.56242e-05
8.75008e-05
8.12508e-05
4.06258e-05
.000128126
7.81258e-05
5.31258e-05
.000106251
9.06258e-05
.000115626
9.06258e-05
.000137501
8.75008e-05
5.62508e-05
-7.81242e-05
-.000106249
-.000106249
1.87508e-05
4.06258e-05
1.25008e-05
4.37508e-05
9.68758e-05
.000103126
.000125001
.000109376
8.75008e-05
3.43758e-05
-1.24992e-05
1.56258e-05
-2.81242e-05
6.56258e-05
.000115626
.000203126
.000181251
3.75008e-05
-4.99992e-05
7.81258e-05
5.31258e-05
-3.12492e-05
-3.74992e-05
-2.49992e-05
5.93758e-05
.000131251
.000140626
.000109376
.000106251
1.56258e-05
5.31258e-05
-6.24924e-06
.000150001
.000143751
.000121876
9.37508e-05
1.25008e-05
.000115626
.000103126
6.87508e-05
3.12508e-05
9.06258e-05
7.18758e-05
4.37508e-05
.000121876
.000103126
4.06258e-05
6.87508e-05
-4.68742e-05
-6.24992e-05
1.87508e-05
1.56258e-05
6.25008e-05
.000153126
6.25008e-05
5.00008e-05
7.18758e-05
7.81258e-05
2.18758e-05
4.68758e-05
-2.18742e-05
6.25008e-05
5.93758e-05
2.50008e-05
5.31258e-05
7.62939e-10
6.87508e-05
5.62508e-05
-4.68742e-05
6.25008e-05
1.56258e-05
2.50008e-05
.000115626
.000125001
2.81258e-05
4.37508e-05
-2.49992e-05
6.56258e-05
-6.24924e-06
8.75008e-05
.000112501
6.56258e-05
1.87508e-05
4.37508e-05
6.25008e-05
1.87508e-05
-3.74992e-05
4.06258e-05
3.75008e-05
7.50008e-05
6.25076e-06
9.37576e-06
.000106251
.000131251
.000121876
5.00008e-05
6.87508e-05
5.62508e-05
9.37508e-05
6.87508e-05
3.75008e-05
.000103126
.000137501
.000103126
6.25008e-05
.000100001
5.00008e-05
6.87508e-05
5.93758e-05
6.56258e-05
-6.24924e-06
8.43758e-05
6.25008e-05
6.25076e-06
8.43758e-05
-5.62492e-05
-6.24924e-06
.000100001
5.31258e-05
3.43758e-05
7.50008e-05
.000100001
.000162501
.000231251
.000181251
8.75008e-05
7.50008e-05
.000140626
.000121876
9.37576e-06
3.75008e-05
3.12508e-05
7.81258e-05
3.12508e-05
4.68758e-05
4.06258e-05
3.75008e-05
9.37576e-06
9.37576e-06
6.56258e-05
5.31258e-05
.000162501
7.81258e-05
-.000115624
4.68758e-05
.000115626
.000115626
.000121876
.000140626
3.43758e-05
5.93758e-05
.000118751
.000115626
9.06258e-05
.000128126
.000115626
9.68758e-05
.000137501
8.43758e-05
3.75008e-05
.000109376
.000103126
-1.87492e-05
-3.12492e-05
5.00008e-05
6.25008e-05
.000109376
.000150001
.000131251
.000125001
.000140626
.000115626
6.87508e-05
4.68758e-05
7.62939e-10
5.31258e-05
7.81258e-05
-4.06242e-05
4.06258e-05
9.06258e-05
.000125001
-1.24992e-05
1.87508e-05
2.81258e-05
6.25008e-05
.000103126
3.12576e-06
.000100001
.000178126
.000196876
.000181251
3.12576e-06
3.75008e-05
2.50008e-05
6.25008e-05
5.31258e-05
5.00008e-05
7.18758e-05
4.68758e-05
.000106251
.000134376
.000128126
8.12508e-05
.000121876
.000103126
.000115626
.000159376
.000193751
7.50008e-05
.000100001
8.43758e-05
7.18758e-05
7.18758e-05
.000153126
9.68758e-05
.000128126
.000106251
.000162501
.000143751
.000206251
8.12508e-05
6.87508e-05
8.43758e-05
.000196876
.000168751
.000165626
7.50008e-05
3.12576e-06
.000112501
4.68758e-05
2.18758e-05
5.93758e-05
6.25008e-05
6.56258e-05
9.68758e-05
.000187501
.000193751
.000137501
.000143751
.000178126
.000125001
9.06258e-05
2.18758e-05
2.50008e-05
7.18758e-05
7.18758e-05
9.37576e-06
-6.87492e-05
6.56258e-05
.000109376
7.50008e-05
3.43758e-05
1.56258e-05
6.56258e-05
.000181251
9.68758e-05
.000121876
.000137501
9.68758e-05
1.25008e-05
1.87508e-05
2.50008e-05
.000109376
6.87508e-05
6.56258e-05
-3.12424e-06
6.56258e-05
8.43758e-05
.000140626
6.25008e-05
-2.18742e-05
7.62939e-10
2.81258e-05
4.06258e-05
5.62508e-05
.000100001
.000206251
.000125001
.000134376
5.31258e-05
.000112501
-2.49992e-05
2.50008e-05
4.68758e-05
3.75008e-05
.000109376
.000143751
.000143751
.000106251
5.93758e-05
4.68758e-05
8.43758e-05
3.12508e-05
7.18758e-05
.000106251
-3.43742e-05
.000109376
8.75008e-05
-1.24992e-05
4.06258e-05
-4.37492e-05
.000178126
.000118751
.000162501
.000153126
.000146876
.000171876
.000112501
3.75008e-05
-3.43742e-05
-6.24924e-06
2.18758e-05
2.18758e-05
.000100001
.000121876
.000212501
6.25076e-06
.000115626
.000193751
8.12508e-05
.000115626
6.25008e-05
4.37508e-05
1.87508e-05
7.50008e-05
.000168751
.000162501
3.43758e-05
7.81258e-05
5.00008e-05
3.12508e-05
6.56258e-05
9.06258e-05
.000231251
.000125001
.000153126
.000125001
9.37508e-05
8.12508e-05
.000165626
.000131251
4.68758e-05
8.75008e-05
.000103126
9.68758e-05
.000146876
8.43758e-05
.000125001
.000109376
.000184376
.000128126
3.75008e-05
.000103126
.000128126
9.68758e-05
.000106251
-2.49992e-05
-1.24992e-05
.000106251
.000140626
.000203126
9.68758e-05
.000115626
9.68758e-05
.000156251
8.75008e-05
9.37508e-05
7.18758e-05
5.31258e-05
.000125001
6.25008e-05
.000150001
6.87508e-05
8.43758e-05
5.93758e-05
-8.43742e-05
-2.81242e-05
-1.24992e-05
-1.56242e-05
7.81258e-05
.000171876
.000109376
1.25008e-05
9.68758e-05
8.12508e-05
.000156251
.000143751
.000143751
5.31258e-05
6.25076e-06
2.18758e-05
5.62508e-05
6.87508e-05
.000168751
9.68758e-05
6.87508e-05
.000134376
.000165626
4.37508e-05
5.62508e-05
8.12508e-05
8.12508e-05
1.25008e-05
-9.37424e-06
.000109376
6.56258e-05
7.50008e-05
-9.37424e-06
-3.12424e-06
9.37576e-06
2.81258e-05
7.18758e-05
5.31258e-05
1.56258e-05
3.75008e-05
6.87508e-05
9.68758e-05
-2.18742e-05
-9.37424e-06
9.37576e-06
-9.37424e-06
-2.18742e-05
5.62508e-05
8.43758e-05
.000128126
.000131251
7.81258e-05
2.50008e-05
2.81258e-05
1.56258e-05
6.25076e-06
6.25008e-05
8.75008e-05
8.75008e-05
-3.74992e-05
-5.31242e-05
-9.99992e-05
3.43758e-05
3.43758e-05
3.75008e-05
5.62508e-05
.000112501
6.87508e-05
8.43758e-05
6.87508e-05
6.25008e-05
1.56258e-05
7.18758e-05
.000100001
6.56258e-05
6.56258e-05
9.37508e-05
7.50008e-05
.000153126
.000156251
.000156251
.000137501
.000128126
.000100001
1.87508e-05
8.75008e-05
6.87508e-05
7.18758e-05
.000103126
.000106251
.000203126
.000146876
.000187501
.000121876
4.37508e-05
9.37508e-05
4.68758e-05
8.12508e-05
7.18758e-05
.000112501
.000106251
.000218751
.000134376
.000150001
5.93758e-05
.000128126
.000165626
.000131251
3.43758e-05
5.00008e-05
.000118751
.000109376
.000175001
.000106251
.000150001
7.81258e-05
.000159376
.000165626
.000112501
8.75008e-05
.000121876
3.75008e-05
5.31258e-05
-2.49992e-05
.000196876
.000140626
.000109376
7.18758e-05
9.37508e-05
9.06258e-05
.000196876
.000153126
8.12508e-05
.000193751
.000109376
5.62508e-05
8.75008e-05
.000125001
.000150001
-6.24924e-06
.000112501
7.18758e-05
5.31258e-05
4.37508e-05
1.56258e-05
2.81258e-05
-5.31242e-05
7.62939e-10
.000153126
8.12508e-05
6.87508e-05
9.06258e-05
.000118751
.000112501
9.68758e-05
5.31258e-05
9.68758e-05
7.81258e-05
9.37508e-05
8.12508e-05
-1.24992e-05
-6.24924e-06
4.68758e-05
.000131251
8.12508e-05
.000121876
-9.37424e-06
3.43758e-05
.000100001
.000150001
.000284376
.000103126
-6.24992e-05
-6.24924e-06
-3.12424e-06
7.62939e-10
4.37508e-05
8.43758e-05
.000193751
9.68758e-05
5.93758e-05
.000253126
.000134376
5.93758e-05
-2.49992e-05
-8.43742e-05
-1.24992e-05
-2.49992e-05
2.18758e-05
.000175001
.000209376
.000140626
.000121876
5.62508e-05
1.87508e-05
.000134376
.000100001
6.56258e-05
3.75008e-05
.000162501
.000187501
.000128126
.000121876
7.81258e-05
.000171876
7.18758e-05
4.06258e-05
4.68758e-05
3.43758e-05
.000175001
.000106251
5.00008e-05
.000143751
.000162501
.000128126
.000131251
9.68758e-05
.000106251
.000137501
9.37508e-05
.000125001
.000178126
9.06258e-05
8.12508e-05
1.56258e-05
.000137501
.000112501
9.06258e-05
3.43758e-05
.000175001
.000146876
.000246876
.000103126
.000140626
6.56258e-05
-5.31242e-05
1.56258e-05
9.37508e-05
.000103126
7.18758e-05
7.62939e-10
.000128126
.000121876
.000137501
7.50008e-05
.000112501
.000162501
.000128126
8.75008e-05
.000165626
.000106251
9.37508e-05
1.25008e-05
3.75008e-05
-2.81242e-05
-1.56242e-05
.000100001
.000109376
.000140626
.000215626
.000175001
8.75008e-05
.000100001
5.62508e-05
8.75008e-05
4.06258e-05
-5.31242e-05
4.06258e-05
.000100001
7.18758e-05
.000125001
.000100001
7.18758e-05
.000100001
.000165626
.000200001
.000100001
-6.24924e-06
-1.24992e-05
.000134376
.000165626
.000150001
.000118751
5.93758e-05
3.12508e-05
6.25008e-05
.000128126
2.50008e-05
5.00008e-05
7.18758e-05
.000146876
.000146876
5.00008e-05
.000165626
.000218751
.000206251
.000137501
.000156251
.000146876
5.62508e-05
4.68758e-05
2.18758e-05
.000171876
.000225001
.000231251
.000200001
.000106251
.000125001
.000134376
.000140626
.000218751
7.81258e-05
6.25008e-05
.000212501
.000137501
.000159376
8.43758e-05
7.81258e-05
.000140626
.000134376
9.68758e-05
.000131251
.000175001
.000156251
8.12508e-05
.000118751
.000140626
.000146876
.000184376
.000175001
.000106251
.000150001
.000112501
4.06258e-05
7.18758e-05
-6.56242e-05
.000121876
.000168751
.000156251
.000143751
.000131251
.000181251
7.50008e-05
3.43758e-05
9.68758e-05
8.12508e-05
7.50008e-05
.000103126
.000175001
.000140626
.000165626
8.12508e-05
.000146876
.000165626
6.87508e-05
7.18758e-05
1.25008e-05
-4.68742e-05
-6.24924e-06
5.00008e-05
5.62508e-05
.000106251
.000162501
.000196876
.000234376
.000137501
5.31258e-05
8.75008e-05
.000128126
.000200001
9.06258e-05
9.06258e-05
7.81258e-05
3.43758e-05
2.81258e-05
3.75008e-05
.000121876
.000218751
.000128126
7.81258e-05
.000134376
.000134376
9.68758e-05
6.87508e-05
-7.18742e-05
-.000109374
9.37576e-06
.000159376
.000150001
.000112501
.000140626
.000190626
9.68758e-05
.000118751
7.18758e-05
3.75008e-05
.000140626
.000162501
.000175001
.000175001
7.18758e-05
.000159376
.000121876
7.18758e-05
1.25008e-05
.000159376
7.81258e-05
5.31258e-05
3.12508e-05
8.43758e-05
.000146876
.000100001
.000109376
5.93758e-05
8.75008e-05
.000187501
.000203126
.000100001
-1.24992e-05
7.81258e-05
8.12508e-05
.000168751
1.56258e-05
7.18758e-05
8.12508e-05
2.50008e-05
.000121876
.000168751
.000143751
.000187501
.000193751
.000165626
8.43758e-05
9.68758e-05
9.06258e-05
6.87508e-05
.000103126
.000134376
.000137501
.000109376
.000137501
.000109376
9.68758e-05
7.50008e-05
5.31258e-05
4.06258e-05
4.68758e-05
.000131251
3.12508e-05
.000106251
.000143751
.000121876
.000143751
.000112501
.000140626
9.37508e-05
9.37576e-06
.000112501
.000143751
9.06258e-05
.000128126
9.37508e-05
2.18758e-05
.000115626
3.12508e-05
2.18758e-05
.000137501
.000125001
.000103126
-6.24924e-06
-5.93742e-05
7.62939e-10
.000109376
-1.87492e-05
-5.93742e-05
-5.93742e-05
.000121876
.000203126
.000121876
.000175001
.000228126
.000246876
.000250001
5.93758e-05
-2.18742e-05
-6.24924e-06
3.43758e-05
.000100001
.000125001
2.50008e-05
7.81258e-05
.000103126
-3.74992e-05
5.62508e-05
6.87508e-05
8.43758e-05
4.37508e-05
.000106251
.000146876
.000121876
.000146876
.000171876
8.43758e-05
8.43758e-05
-3.12424e-06
5.00008e-05
5.31258e-05
5.93758e-05
8.12508e-05
3.12508e-05
5.93758e-05
4.06258e-05
9.37508e-05
.000240626
9.06258e-05
.000106251
.000128126
7.18758e-05
2.18758e-05
6.25008e-05
-7.81242e-05
-6.24924e-06
6.25008e-05
5.93758e-05
