5000
2.e-09
500
.491272
-.000206562
-.000216562
-.000228437
-.000211875
-.000213125
-.000222812
-.00020375
-.000199375
-.000220312
-.000199062
-.000194375
-.0002175
-.000222187
-.00024
-.000225
-.000181875
-.000220312
-.000202187
-.000236875
-.00020375
-.000175937
-.000201875
-.000220312
-.000224375
-.000212812
-.000199687
-.000199062
-.000230937
-.000205937
-.000200937
-.000220937
-.000237187
-.000233437
-.000215937
-.0002125
-.00019625
-.000170625
-.00019625
-.00021
-.000225937
-.000207812
-.000220625
-.0002125
-.000179062
-.000210937
-.00020375
-.0002175
-.000210312
-.000204687
-.000223437
-.000203437
-.000215625
-.000208125
-.000235625
-.000203437
-.00025
-.000213125
-.000210937
-.000179062
-.000206875
-.00017625
-.00022
-.000237812
-.000247812
-.000236562
-.00020625
-.000233437
-.000188437
-.00017875
-.000227187
-.000225
-.000186875
-.000214062
-.000229687
-.0002425
-.000210625
-.000176562
-.000193437
-.000218125
-.0002
-.000203125
-.000230625
-.000194375
-.0002125
-.00022
-.000216875
-.000185625
-.000204687
-.0002025
-.000218125
-.00022875
-.00021875
-.000202187
-.00019625
-.000192812
-.000197812
-.000217812
-.000194687
-.000223437
-.00023375
-.000223125
-.00021875
-.000224062
-.00019875
-.000232187
-.000214375
-.000222812
-.00019875
-.000218437
-.000195
-.0001775
-.000224375
-.00023125
-.000250625
-.000207812
-.00021875
-.00020125
-.0002025
-.00019875
-.000218125
-.000225625
-.000222812
-.0002175
-.000188437
-.000222812
-.000217812
-.000227812
-.000209687
-.000218437
-.000204687
-.0001875
-.000197812
-.000206875
-.000205937
-.00022
-.000219687
-.0002225
-.000199062
-.000187812
-.000200312
-.000210312
-.000204375
-.0001825
-.00020125
-.000184062
-.000234062
-.000175
-.0001975
-.000225312
-.000195
-.000234375
-.000195312
-.000215625
-.00020625
-.000201562
-.00018875
-.000179375
-.000192187
-.000202812
-.000214375
-.000223437
-.000217812
-.000202812
-.000191875
-.000205937
-.000204375
-.000194687
-.000212187
-.000201875
-.000218125
-.000217187
-.000210312
-.000192187
-.00018375
-.000205625
-.00024375
-.000201562
-.000198437
-.00018375
-.000200312
-.000214375
-.000235312
-.000214687
-.000199375
-.000203437
-.000204687
-.00019375
-.000198125
-.000209062
-.000201875
-.000229687
-.00020625
-.000215625
-.000205312
-.000199375
-.000199375
-.000188437
-.00020875
-.000190625
-.000214062
-.000229062
-.000201875
-.000196875
-.000226875
-.000212812
-.000224687
-.000185937
-.00017875
-.000230937
-.000226875
-.000239687
-.000248125
-.000218125
-.000195625
-.000194375
-.000200625
-.000218437
-.000173437
-.000248125
-.000234062
-.000208125
-.000220312
-.000204687
-.000202187
-.000218437
-.000213125
-.000212187
-.000175625
-.000189687
-.000189687
-.000207812
-.000212187
-.00021375
-.000212812
-.000214687
-.000189687
-.00021875
-.000206875
-.000183437
-.000200625
-.000212187
-.000200937
-.00019125
-.0002225
-.000216562
-.00021125
-.000208437
-.000208125
-.000170312
-.000184375
-.000205312
-.000222187
-.0002
-.000192187
-.000224062
-.000241562
-.00020875
-.0001925
-.000213437
-.000205625
-.000209687
-.000225
-.0002175
-.000207812
-.000206562
-.000191875
-.000215
-.000187187
-.000212187
-.000200625
-.000215937
-.000221875
-.000232812
-.000225312
-.000217187
-.00021375
-.000188125
-.000209062
-.000209062
-.000199687
-.000207812
-.000232187
-.000225312
-.000193125
-.00023375
-.000190312
-.0001725
-.000183437
-.000189375
-.000205937
-.000219687
-.000218125
-.000198125
-.000231562
-.000205312
-.00021375
-.0002025
-.0002025
-.000210312
-.000196562
-.000185
-.000211875
-.00021
-.000219375
-.000223125
-.000199687
-.00020125
-.00019875
-.000207187
-.000217812
-.000194062
-.00021125
-.000190312
-.000215312
-.000205937
-.000213125
-.000201562
-.000224062
-.000218437
-.000208437
-.000215625
-.000205312
-.000215
-.000219687
-.000215625
-.000217187
-.0002125
-.000214687
-.000198125
-.00023125
-.00022125
-.000204062
-.000208437
-.000203437
-.00019375
-.000168437
-.000184062
-.000223125
-.00023375
-.000208125
-.000223125
-.000220625
-.000223437
-.000193437
-.00020625
-.000225
-.000195937
-.000208437
-.000200937
-.000203125
-.000192187
-.00020625
-.000235312
-.000221875
-.000214687
-.000241875
-.0002225
-.000219375
-.00021875
-.000195937
-.000204062
-.000209687
-.000225
-.0002275
-.000228437
-.000201562
-.000215937
-.000199687
-.000196562
-.000213437
-.000186562
-.000201562
-.000204687
-.000204375
-.000261562
-.0002075
-.000220937
-.000180312
-.000226875
-.000211875
-.00019125
-.000218125
-.000230625
-.00020875
-.000202187
-.000202812
-.000197187
-.000202187
-.000218437
-.0002275
-.000221875
-.000210625
-.00021375
-.000209375
-.000205
-.00022
-.000226875
-.000227187
-.000210625
-.00021375
-.000217812
-.000216875
-.00018625
-.000215
-.000222812
-.000211562
-.00021875
-.000210312
-.000214687
-.000217187
-.000219375
-.000192187
-.000223125
-.000219062
-.000209375
-.000209062
-.000205
-.000195937
-.000191875
-.000209687
-.000202187
-.000203437
-.000228125
-.00021125
-.000223437
-.000190625
-.000186875
-.00017625
-.000184375
-.000200312
-.000200312
-.00021125
-.000189687
-.000201562
-.00021125
-.000203125
-.000233437
-.000216875
-.000214375
-.000192187
-.0001925
-.000192812
-.0001975
-.00021875
-.000224375
-.000215937
-.00018875
-.0001675
-.000191562
-.000216875
-.00021375
-.00022375
-.0002175
-.0002125
-.000224687
-.00018375
-.000187812
-.000214375
-.00024625
-.000249062
-.000235937
-.000220625
-.00020625
-.000217187
-.000194375
-.000193125
-.000204062
-.000218125
-.000185625
-.000217187
-.000223125
-.00018625
-.000216562
-.000218437
-.000208437
-.000227187
-.000201562
-.000189687
-.0002075
-.000210625
-.000195937
-.000194375
-.000205312
-.000198437
-.000220312
-.000187812
-.000195312
-.000229062
-.000181875
-.000185937
-.0002
-.000210312
-.00020125
-.000187187
-.000202187
-.00021375
-.0002075
-.00018625
-.000181562
-.000190625
-.00017625
-.000195625
-.000164687
-.000177812
-.000124687
-.000129062
-.000110937
-.0001275
-.000135
-.000102812
-.000102187
-6.3125e-05
-6.03125e-05
-4.375e-05
-4.e-05
-1.75e-05
-6.24962e-07
1.09375e-05
3.5e-05
9.21875e-05
.000126563
.000159375
.00016625
.000204375
.000209063
.000249375
.000265625
.000302188
.000331875
.000375
.000401563
.000434688
.000453438
.00046625
.000519375
.000572813
.000579063
.000626875
.000623438
.000644063
.000623125
.00062375
.00063
.000680313
.000665
.000682188
.00066
.000633438
.000599688
.000573125
.000548438
.000526563
.000489063
.000456563
.000412813
.000399688
.000305938
.00027
.0002275
.00015625
.000126875
6.e-05
2.4375e-05
-5.03125e-05
-.00010375
-.000133437
-.000185
-.000225625
-.000256875
-.0003075
-.000355
-.00039875
-.00044875
-.00047125
-.000547812
-.00058125
-.000620312
-.00067125
-.000705312
-.000739375
-.000794687
-.000839062
-.000863125
-.000906875
-.000958437
-.000975312
-.00101781
-.00104187
-.00107312
-.00112469
-.00113906
-.00118281
-.00121594
-.00125969
-.00123375
-.00132187
-.00131406
-.00135812
-.001415
-.00144531
-.00145594
-.00149594
-.00151062
-.00153625
-.00155219
-.00159062
-.00159656
-.00161
-.00165687
-.001665
-.00169125
-.00170406
-.00172406
-.00173781
-.00174844
-.00177156
-.00179156
-.00179156
-.00178906
-.00181219
-.00182969
-.00182344
-.00181719
-.00181906
-.00181937
-.00185
-.00182562
-.00182437
-.00179094
-.00180437
-.00179312
-.00178875
-.00177969
-.00174344
-.00171812
-.00169875
-.00167625
-.00167
-.00165062
-.00161406
-.00157406
-.0015275
-.00148625
-.00145625
-.00138687
-.00137625
-.001305
-.00125937
-.00121344
-.00113719
-.00106781
-.000999375
-.0009075
-.000828125
-.00073375
-.000599687
-.000451875
-.000333125
-.00019875
-2.125e-05
.000188438
.000372813
.000644375
.000969063
.00142125
.00218031
.00362156
.00548844
.00702344
.00798906
.00862719
.00895594
.00884156
.00837562
.00766344
.00677875
.00589844
.00509094
.00442281
.00380844
.00333844
.00297969
.00271781
.00251781
.00225812
.00205375
.00178156
.00148281
.00114313
.000862188
.0005325
.000294688
9.15625e-05
-6.625e-05
-.0001825
-.000243437
-.00024625
-.000217812
-.000138125
-8.40625e-05
1.96875e-05
7.46875e-05
7.625e-05
4.09375e-05
-2.65625e-05
-.00011625
-.000213125
-.000319062
-.0004275
-.0005325
-.000595312
-.000655312
-.000640312
-.0006775
-.000721875
-.000699687
-.000731875
-.000769375
-.00089
-.000996562
-.00111812
-.0012325
-.00130781
-.00139781
-.00139906
-.0014725
-.00150625
-.00152906
-.0015175
-.00151812
-.00153156
-.00154531
-.00157469
-.001635
-.00172875
-.00184281
-.00195187
-.00209625
-.00217719
-.00227844
-.00235406
-.00244406
-.00246187
-.00251187
-.00249437
-.00245969
-.00245219
-.00238812
-.00236406
-.00237656
-.00236594
-.00237625
-.00237094
-.00237469
-.00242562
-.00244656
-.00246312
-.00248906
-.00249656
-.00251062
-.00252406
-.00249875
-.00248062
-.00245406
-.00242969
-.00241344
-.0023825
-.00234437
-.0023275
-.00231687
-.0022675
-.00227094
-.00219437
-.00214437
-.00206312
-.00201531
-.00195812
-.00191094
-.00180531
-.00174969
-.001705
-.00159969
-.001575
-.00153
-.00148219
-.00144625
-.00139312
-.00132969
-.00128594
-.00126469
-.00118219
-.00111281
-.00103281
-.000944687
-.000892187
-.000734687
-.000632812
-.000489375
-.000419687
-.000235937
-.000111875
4.4375e-05
.000205313
.000420938
.000666875
.000965
.001335
.00176031
.00237562
.00331094
.00460375
.00598719
.00699906
.0076725
.00803812
.00812375
.00783969
.00733187
.00667844
.00591687
.00520125
.00451219
.00395562
.00348437
.00309
.00276781
.00250187
.00229562
.00207219
.00185719
.00156031
.00130625
.00106656
.000776563
.000569063
.000382188
.000213125
8.6875e-05
4.9375e-05
-6.87496e-06
2.90625e-05
2.21875e-05
6.71875e-05
.000165625
.0001975
.000265
.000239063
.000219688
.000130313
4.21875e-05
-6.5e-05
-.000158125
-.000229062
-.000305312
-.000334375
-.000375312
-.000375312
-.000454062
-.000460625
-.0005225
-.000568437
-.000642812
-.000696875
-.000779062
-.000920937
-.00102031
-.00106875
-.00114531
-.00119406
-.00125031
-.00127281
-.0013125
-.00129219
-.00132312
-.00132437
-.001395
-.00153
-.00158219
-.00167437
-.00181281
-.00192156
-.00204031
-.00211906
-.00220937
-.00225594
-.00232531
-.00235062
-.00236844
-.00236812
-.00233719
-.00232062
-.002345
-.00232531
-.00230219
-.00229187
-.00229719
-.00229125
-.00234437
-.00235031
-.0023875
-.00240906
-.0023975
-.00242219
-.00240781
-.00240875
-.00237437
-.00235094
-.00234562
-.00231969
-.00229031
-.00228281
-.0022375
-.00219437
-.00215219
-.00212312
-.00207906
-.00202875
-.00198312
-.00192031
-.0018575
-.00178812
-.00172031
-.00167031
-.00160406
-.00155625
-.00150156
-.00147562
-.00141219
-.00135094
-.00133312
-.00130375
-.0012575
-.0012275
-.00113375
-.00107969
-.00100062
-.000925937
-.000852187
-.00076625
-.000654375
-.0005425
-.000422187
-.000255
-.000105312
5.8125e-05
.000224688
.000448438
.0007
.000992188
.00139219
.00190719
.00264031
.00378687
.00518531
.0064125
.00722344
.00772687
.0079625
.00783812
.00743625
.00684906
.00608187
.00533062
.00462844
.00405594
.00351219
.00309312
.00273062
.00247031
.002225
.00201187
.00179469
.0015475
.00128188
.00102938
.000779688
.000554688
.00031125
.000153438
7.81254e-06
-7.625e-05
-.000108125
-.000111875
-6.40625e-05
-8.74996e-06
7.84375e-05
.0001075
.000128438
.000159375
9.90625e-05
6.e-05
-2.5625e-05
-.000122187
-.000194375
-.000306875
-.000355312
-.000415937
-.000448125
-.000475
-.000485
-.000524375
-.00053875
-.000594062
-.000642187
-.0007125
-.000768125
-.00087625
-.00096
-.00108656
-.00115875
-.00122156
-.00130594
-.00128531
-.00131281
-.00131625
-.00131656
-.00134812
-.00140469
-.00147156
-.00153906
-.00164344
-.00175344
-.00184625
-.00195125
-.00206437
-.00212281
-.00221562
-.00229031
-.00233875
-.00232781
-.00238031
-.00235375
-.0023475
-.00228594
-.00230781
-.00230219
-.00229062
-.00229906
-.00230219
-.00230875
-.00231625
-.00234719
-.002365
-.00235469
-.00237844
-.00237656
-.00234687
-.0023525
-.00232
-.00229125
-.00227969
-.00226437
-.00225875
-.00220156
-.00216344
-.00213906
-.00210594
-.00204469
-.00198031
-.00194969
-.00189594
-.00183531
-.00176031
-.00169656
-.00164687
-.00158562
-.00156062
-.00148062
-.0014375
-.00138312
-.0013675
-.00133469
-.00128531
-.00121656
-.00118156
-.00112937
-.00107312
-.001005
-.000922812
-.000817187
-.000731875
-.00063625
-.000523125
-.000430625
-.000317187
-.000179375
-3.0625e-05
.000143125
.000354688
.00056625
.0008125
.00113281
.00151625
.00204406
.00283625
.00397031
.00527312
.0063425
.00709344
.00753625
.00769437
.00757562
.00714594
.00661844
.00590031
.00517094
.00455156
.00395687
.00349312
.0030675
.00275094
.00249219
.00226187
.00208
.00179406
.00154969
.00130281
.00103125
.000810625
.000572188
.000353125
.0002075
7.6875e-05
-1.1875e-05
-4.125e-05
-5.75e-05
-3.65625e-05
2.625e-05
9.03125e-05
.000122188
.000167813
.000164375
.000115313
8.34375e-05
-1.8125e-05
-7.71875e-05
-.000171875
-.000277812
-.00033125
-.000395937
-.000399062
-.000461875
-.00048875
-.000509062
-.000523125
-.000575937
-.000620312
-.000704687
-.000804375
-.000898437
-.00099375
-.00107437
-.00114719
-.00118719
-.00124437
-.00126344
-.00126969
-.00132312
-.00133781
-.00137344
-.00140281
-.00148812
-.00152594
-.00165719
-.00174344
-.0018675
-.00199469
-.0020725
-.0021575
-.00221687
-.00230125
-.00234344
-.00231906
-.00234969
-.00232781
-.00231531
-.00232031
-.00230781
-.00228594
-.00227719
-.00229906
-.00230125
-.00231
-.00235937
-.00236125
-.0023575
-.0024025
-.00238219
-.00238969
-.00238625
-.00238625
-.00237906
-.00234469
-.00231469
-.00226187
-.00224531
-.00223031
-.00219781
-.00216062
-.0021425
-.00209375
-.00206312
-.00198125
-.00191844
-.00188062
-.001825
-.00174875
-.0017
-.00163531
-.00159062
-.00152
-.00146969
-.00142437
-.00140281
-.00137187
-.0013375
-.00129937
-.00124156
-.00119219
-.00114281
-.00105687
-.000958125
-.000893437
-.00082375
-.0007025
-.000620312
-.00050625
-.000377187
-.0002525
-.000110937
2.5625e-05
.000235938
.000493438
.0007425
.00106031
.00143
.00194062
.00270844
.00382312
.00515156
.0063175
.00710406
.00758
.0077775
.00766531
.00728656
.00671969
.00598875
.00528625
.00460125
.0040375
.00353437
.00310625
.00282687
.00254875
.00232094
.00207781
.00186719
.00161281
.00136063
.00111719
.000861563
.000589375
.00042125
.00024125
8.375e-05
1.78125e-05
-3.75e-05
-2.875e-05
-6.56246e-06
6.1875e-05
.00011125
.000170313
.000185938
.00017875
.00016375
.000130313
3.65625e-05
-7.3125e-05
-.000135
-.000238125
-.000315625
-.000366562
-.000402187
-.000417812
-.00042875
-.000458437
-.000496562
-.0005375
-.000604062
-.000685312
-.000746562
-.000822812
-.000940312
-.00104156
-.00111719
-.00119562
-.00121562
-.00127031
-.00130844
-.00128875
-.00129562
-.00135062
-.00142906
-.00143625
-.00156625
-.001645
-.00172656
-.00183094
-.00191812
-.00203187
-.0021375
-.00219844
-.00226937
-.00230094
-.00231156
-.00229781
-.002295
-.00231031
-.00228156
-.00228875
-.00229469
-.00226875
-.00223937
-.00226781
-.00228625
-.00232375
-.00234375
-.00237406
-.002385
-.00240656
-.00241469
-.00239406
-.00237844
-.00234
-.00230812
-.00229937
-.00230187
-.00228437
-.00223781
-.002185
-.00218062
-.00213187
-.00208094
-.00202594
-.00197281
-.00193094
-.00187656
-.00183344
-.00176719
-.00169562
-.00162469
-.00154031
-.00153906
-.00147375
-.0014425
-.001425
-.00133531
-.00132281
-.001285
-.00122375
-.00116906
-.00111094
-.00102437
-.000961562
-.00086625
-.00076
-.000659062
-.000526562
-.0004525
-.0003325
-.000194375
-4.90625e-05
.000135625
.000330313
.000539688
.000845
.00116063
.00156844
.00214281
.00299281
.00418
.00549094
.00649531
.00720969
.00763062
.00772844
.00753656
.00711437
.00651562
.00581156
.00509937
.00444719
.00391687
.00344156
.00304219
.00272187
.00247
.0022425
.00201875
.00182906
.00152312
.00127469
.00103875
.000817813
.00056875
.00032625
.0001775
8.03125e-05
-1.28125e-05
-1.96875e-05
-1.34375e-05
3.15625e-05
8.96875e-05
.000134375
.000161875
.000161563
.0001625
.000139375
9.46875e-05
-1.84375e-05
-.000105937
-.000180625
-.000241875
-.000297812
-.000340312
-.000385625
-.000419687
-.000428125
-.000485
-.000504062
-.00057375
-.000642187
-.000704687
-.0008125
-.000884687
-.000989687
-.00109125
-.0011425
-.00122062
-.00124875
-.00127875
-.00131156
-.00130187
-.00132594
-.0013575
-.00139375
-.00145937
-.00155937
-.00165937
-.00175969
-.00183875
-.00195937
-.00205562
-.00218094
-.00224281
-.00227687
-.00230094
-.0023425
-.00234844
-.00233594
-.00230875
-.00231062
-.00228031
-.00229906
-.002305
-.00231406
-.00231219
-.00230312
-.0023425
-.00235844
-.00238437
-.00241719
-.00238937
-.00241594
-.00237656
-.00239
-.00237125
-.00234594
-.00233187
-.00227937
-.00228031
-.00223
-.00219156
-.00213562
-.00209406
-.00206125
-.0020075
-.00196812
-.0019025
-.00186
-.00178625
-.00173531
-.00169969
-.00163969
-.00158187
-.00150812
-.00149
-.00143187
-.00138469
-.001355
-.00128844
-.00125156
-.00120219
-.00116312
-.001125
-.0010125
-.000929062
-.000856875
-.000733437
-.0006475
-.000520937
-.000438437
-.000317187
-.0001875
-1.75e-05
.000140313
.0003575
.000585
.000856875
.00119844
.00161719
.00222594
.00314125
.00436375
.00560969
.00659094
.00724937
.00762437
.0077425
.00752344
.00707875
.00648062
.00576719
.00506719
.00440281
.00386187
.00340094
.003005
.00270187
.00247125
.00224375
.0019875
.00180156
.00154406
.00131531
.000996875
.00074
.000548125
.000348438
.000175938
8.53125e-05
-9.06246e-06
-1.5625e-05
-8.43746e-06
1.25e-05
8.4375e-05
.000148438
.000167813
.000180938
.00019125
.000128125
9.0625e-05
-2.3125e-05
-.000101562
-.000161875
-.0002825
-.000310625
-.000357187
-.000403125
-.000407187
-.000463125
-.00050375
-.000515937
-.000584062
-.000628125
-.000715
-.000794062
-.000895312
-.000998437
-.00109125
-.00115219
-.00120094
-.00125062
-.00130906
-.00131281
-.00131469
-.00134344
-.00138562
-.00142906
-.00149719
-.00154437
-.00164344
-.00176812
-.00188687
-.00200875
-.00210031
-.00216937
-.00223844
-.0022975
-.0023125
-.00232156
-.00236344
-.00232062
-.00232094
-.00229375
-.00227906
-.00229219
-.00229
-.00227656
-.00231875
-.00233219
-.00231812
-.00237344
-.00237687
-.00236969
-.00239875
-.00243937
-.00240344
-.00238406
-.00234937
-.00235625
-.0023075
-.00224625
-.00225219
-.00223062
-.00219875
-.0021775
-.00214469
-.00207219
-.00205719
-.00199687
-.00192562
-.00186125
-.00180562
-.00173312
-.00167594
-.00164156
-.00155344
-.00153031
-.00149219
-.00145625
-.00139
-.00135937
-.00128562
-.00126875
-.0012325
-.00115375
-.00110937
-.00103875
-.00094625
-.0008625
-.000769062
-.000689062
-.000574375
-.000458125
-.000355625
-.0001975
-8.0625e-05
.000105
.000285938
.000493438
.000719688
.0009825
.001305
.00166281
.0020825
.00260844
.00313875
.00368469
.00418156
.00462125
.00492187
.005085
.00511031
.00493437
.00476094
.00443062
.00409375
.00373156
.00335781
.00304437
.00271562
.00245219
.00221437
.00199906
.00180656
.00159937
.00140375
.00120969
.00102719
.0008775
.000705625
.000565313
.000468125
.000382813
.000314375
.000243125
.000205
.000183438
.000196875
.0001975
.000192188
.000189688
.000190313
.000170625
.00014625
8.96875e-05
4.0625e-05
3.75004e-06
-3.34375e-05
-7.65625e-05
-.000125
-.000123125
-.0002
-.000229687
-.000240937
-.000238125
-.000275312
-.000320312
-.000399062
-.000439062
-.000492187
-.000539687
-.000580625
-.000627812
-.000664687
-.000714062
-.000779062
-.00075125
-.000810625
-.000819375
-.000834687
-.000863125
-.000913125
-.000935312
-.00100187
-.00104969
-.00113375
-.00121031
-.00124156
-.00125406
-.00125906
-.00129375
-.00128844
-.00129
-.00130187
-.00131281
-.00129062
-.00128937
-.00125875
-.00123187
-.00118344
-.00118812
-.00115812
-.00111812
-.00111219
-.00110906
-.00108656
-.00106844
-.00102406
-.000981562
-.000987187
-.000934062
-.000896875
-.00085125
-.000811875
-.000774062
-.00073
-.000652812
-.000621875
-.000624687
-.00053375
-.000484375
-.000437812
-.00037375
-.000359062
-.000279062
-.000261562
-.00016375
-.000142812
-.000149687
-9.625e-05
-4.875e-05
-1.625e-05
4.06254e-06
2.e-05
1.15625e-05
4.68754e-06
4.6875e-05
4.59375e-05
5.78125e-05
6.21875e-05
4.4375e-05
2.71875e-05
1.78125e-05
1.5625e-05
3.71875e-05
-1.1875e-05
-2.53125e-05
-1.28125e-05
-3.75e-05
-4.34375e-05
-7.4375e-05
-8.e-05
-.000107812
-.000101562
-.000119062
-.000149062
-.000191875
-.000188437
-.0002
-.000214687
-.00023625
-.000223125
-.000250312
-.000237812
-.000272187
-.000285625
-.000297812
-.000323125
-.000343125
-.000304687
-.000305625
-.0002875
-.000306875
-.00033875
-.000315312
-.000325625
-.000321562
-.00032
-.000314062
-.0003125
-.000321875
-.00028875
-.000297812
-.000298125
-.000312187
-.0003075
-.00025875
-.00025125
-.000234375
-.000255
-.000232812
-.000188437
-.000203125
-.000172812
-.000189687
-.000176875
-.000215
-.000179687
-.000185625
-.000175937
-.000134687
-.000122812
-.0001275
-.000132187
-.000125625
-7.53125e-05
-8.46875e-05
-.000100312
-7.65625e-05
-6.84375e-05
-5.59375e-05
-4.875e-05
-6.21875e-05
-5.3125e-05
-2.875e-05
-3.40625e-05
-6.40625e-05
-5.34375e-05
-3.03125e-05
-2.78125e-05
-9.06246e-06
-3.0625e-05
-3.1875e-05
-5.6875e-05
-2.5625e-05
-6.375e-05
-6.28125e-05
-5.96875e-05
-4.09375e-05
-8.9375e-05
-7.5e-05
-6.59375e-05
-7.21875e-05
-5.03125e-05
-4.78125e-05
-7.28125e-05
-6.28125e-05
-8.375e-05
-8.5625e-05
-9.21875e-05
-7.5e-05
-9.4375e-05
-.00010875
-8.75e-05
-9.875e-05
-.00011375
-.00011125
-.000108125
-.000101562
-.000119687
-8.5625e-05
-9.4375e-05
-9.96875e-05
-8.84375e-05
-9.71875e-05
-.000121562
-.000119375
-8.21875e-05
-5.e-05
-5.84375e-05
-8.8125e-05
-5.53125e-05
-7.90625e-05
-.000108437
-.00011125
-.000104062
-8.e-05
-.000100625
-9.1875e-05
-.0001075
-.00012
-.000119375
-.000130312
-.00011875
-.000134687
-.000142812
-.000149062
-.000150625
-.00014125
-.000164062
-.000152812
-.00018625
-.00016625
-.000201875
-.000202187
-.000195625
-.000214375
-.000221875
-.000231562
-.000191875
-.000239062
-.000241875
-.000289687
-.00027125
-.000275
-.000289375
-.00028
-.000301875
-.00027125
-.000279062
-.00028
-.000296562
-.0003
-.000293125
-.000287187
-.000269062
-.000283437
-.000304375
-.000284375
-.000260937
-.000269375
-.000243125
-.000237187
-.000265625
-.000272187
-.00029
-.000272812
-.000288125
-.000277187
-.000282812
-.00027375
-.000265312
-.000286562
-.000307812
-.000290312
-.000314062
-.000285312
-.000274375
-.000304375
-.0003025
-.0002975
-.000310312
-.000326562
-.000299375
-.0003
-.000323125
-.000311875
-.000314375
-.000335937
-.0003425
-.00032875
-.000315312
-.000302812
-.000308125
-.00030625
-.0003
-.00031875
-.00033875
-.000322812
-.0003225
-.000324062
-.000318125
-.000317187
-.000342187
-.000346562
-.000332812
-.000313437
-.0003
-.00031125
-.00028
-.000311562
-.000309062
-.000321562
-.000328125
-.000297812
-.000274062
-.000265937
-.000288437
-.00025625
-.000263437
-.000277812
-.000256875
-.000238125
-.000225
-.000242812
-.000229375
-.000265312
-.000238437
-.000271875
-.000243125
-.000215625
-.000209375
-.000200312
-.0002075
-.00022125
-.000225937
-.0002375
-.00021875
-.000226562
-.000176562
-.000200937
-.000164375
-.000166562
-.000146875
-.000186562
-.000164687
-.000157187
-.000148125
-.000149375
-.000142187
-.000141562
-.000137812
-.000146875
-.000132187
-.000114062
-.0001325
-.000109687
-.000132187
-.000135625
-.000120312
-.000111562
-.000136875
-.000116562
-.000120625
-.00012375
-.000135625
-.000139375
-.000116562
-.00013375
-.000158437
-.000152812
-.00012875
-.000138125
-.000132187
-.000128125
-.000117812
-.000118437
-.000150625
-.000162187
-.000160312
-.000169062
-.000154687
-.000156562
-.000136875
-.000166875
-.000188437
-.000190312
-.000225625
-.000168125
-.000170937
-.00018
-.00019
-.00020375
-.000201562
-.0002075
-.000217187
-.000225937
-.000225312
-.000209375
-.000185625
-.000199375
-.000223437
-.000226875
-.000202187
-.000220625
-.000207812
-.000210312
-.0002025
-.000214062
-.000195937
-.000219062
-.0002025
-.000195625
-.00020875
-.000174062
-.00019
-.000208125
-.000228125
-.00019375
-.000209375
-.000238437
-.00021125
-.000220625
-.00019875
-.00021875
-.000235312
-.000210312
-.0002025
-.00019
-.000211875
-.000209062
-.000178125
-.000201875
-.00017
-.00019625
-.000195937
-.000176875
-.000169375
-.000174062
-.000187187
-.000180625
-.0001775
-.0001875
-.000170937
-.000200937
-.000206562
-.000197187
-.000207812
-.000180937
-.000163437
-.000192812
-.000184687
-.000185937
-.00021
-.000168437
-.000187812
-.000184375
-.000204375
-.00019875
-.000193125
-.000199687
-.000204687
-.00019
-.00020125
-.000186875
-.000211875
-.000206562
-.000231875
-.00022875
-.000195312
-.000196875
-.000169062
-.000205625
-.000204062
-.000199687
-.000232187
-.000250312
-.000225
-.000199062
-.00022
-.000222812
-.000228437
-.000224062
-.000255
-.000263437
-.000236875
-.000255
-.000232812
-.000245625
-.000234375
-.000260625
-.00027
-.000250312
-.000252187
-.000271562
-.000256875
-.00026625
-.00024375
-.000239062
-.0002525
-.000249687
-.000249687
-.00027875
-.000265937
-.000275625
-.000257187
-.000254375
-.000275937
-.000266875
-.000266875
-.000240312
-.000257187
-.000241875
-.000300937
-.000278125
-.000279062
-.000252187
-.000273437
-.000263437
-.000254062
-.00023875
-.000230937
-.000231875
-.000230937
-.000235312
-.000235625
-.000249062
-.00029
-.0002225
-.000220937
-.00021125
-.000204375
-.000227812
-.000220625
-.000209375
-.000228125
-.000210937
-.000204687
-.000194375
-.000186562
-.000205625
-.000209062
-.000205937
-.000217187
-.00021
-.00018875
-.000178125
-.000165625
-.000183125
-.000201875
-.00018125
-.000177187
-.00017125
-.000187812
-.000166875
-.00015375
-.000180312
-.000172187
-.000164375
-.000188437
-.00015625
-.000155312
-.000159687
-.0002075
-.000167187
-.000192187
-.0002
-.000155312
-.000188125
-.000151875
-.000168437
-.000153437
-.000152187
-.000188125
-.000161562
-.000190937
-.000169375
-.000192187
-.00017
-.000163125
-.000167812
-.00017125
-.000198125
-.000196875
-.000196562
-.0001925
-.000209062
-.000188437
-.000203437
-.000204687
-.000195
-.000232812
-.00019625
-.000189687
-.000181562
-.00019125
-.000193125
-.000222812
-.0002175
-.000209062
-.000219687
-.000224687
-.000237812
-.00022375
-.000247187
-.000235312
-.000169375
-.0002125
-.000211875
-.000224062
-.000224375
-.000239062
-.000234375
-.000233437
-.00024
-.000233125
-.000226562
-.0002075
-.000214687
-.000219687
-.000214687
-.000220625
-.000246875
-.000235
-.0002375
-.000242187
-.000229687
-.000205625
-.0002025
-.000211562
-.000207812
-.000190312
-.00021125
-.000209375
-.000248125
-.000255625
-.000243437
-.000228437
-.0002025
-.000192812
-.000208125
-.000216562
-.00020625
-.000192812
-.00024
-.000210625
-.00020875
-.000227812
-.000225937
-.000217812
-.000208125
-.00022125
-.000183437
-.000195312
-.00021125
-.000183125
-.000217187
-.0002075
-.00021125
-.000226562
-.000215937
-.000204062
-.000209062
-.000205
-.0002
-.000173437
-.000177812
-.000181562
-.000205625
-.000202187
-.000163125
-.000206875
-.00019125
-.000179375
-.000183125
-.00019875
-.000190937
-.000175
-.000155937
-.000162812
-.000178437
-.00018625
-.000204375
-.000208125
-.000189375
-.000204687
-.0001875
-.000176562
-.000171875
-.000149687
-.000163437
-.000186875
-.000200937
-.00019125
-.000191875
-.00021
-.00020875
-.00021125
-.000219375
-.000182812
-.000183125
-.000201875
-.000198125
-.000181875
-.000207187
-.00019875
-.00019
-.000199687
-.00021625
-.000209375
-.000182187
-.000185937
-.000195
-.000228437
-.000221875
-.000206562
-.000187187
-.000203437
-.000208437
-.000225312
-.000212812
-.000210937
-.000221875
-.000223125
-.0002325
-.000237812
-.000207187
-.000178437
-.00023
-.000237812
-.00025125
-.000278437
-.000236562
-.000201562
-.000229062
-.000221562
-.000233125
-.000250937
-.000234375
-.000237812
-.000209687
-.000221562
-.000227187
-.000229062
-.0002475
-.000258437
-.000245937
-.000270625
-.000246562
-.000235625
-.000245312
-.000257812
-.000265625
-.000260937
-.00025
-.000260937
-.000243437
-.000271875
-.000244687
-.000256562
-.000221562
-.00023875
-.000238125
-.000248125
-.00026
-.0002375
-.00026625
-.000252812
-.000225937
-.000260937
-.00023375
-.000259687
-.00022875
-.000250312
-.00024625
-.000252812
-.0002325
-.000217187
-.000222812
-.000238437
-.000237812
-.000233437
-.000214687
-.00021875
-.000232187
-.000234687
-.000231875
-.000224687
-.000216562
-.000222187
-.000240625
-.000228437
-.000226875
-.000225312
-.000224375
-.000222187
-.00021375
-.000196562
-.000185937
-.000180312
-.000217812
-.000212187
-.000214375
-.00019
-.000229062
-.000214062
-.000222187
-.000190937
-.00019625
-.00021375
-.00020625
-.000204375
-.000201875
-.00020375
-.00019125
-.000179375
-.000195
-.000165625
-.00018625
-.000163125
-.000150937
-.000164375
-.000160625
-.0001875
-.000185625
-.000160937
-.000166562
-.000175937
-.000177187
-.000171562
-.000180312
-.000145
-.000195937
-.000165
-.000163437
-.000189062
-.000168125
-.000164062
-.000172812
-.000159687
-.000179062
-.000188437
-.000199687
-.000177812
-.000190625
-.00017375
-.000165
-.000173125
-.000200312
-.000207187
-.000235625
-.000185625
-.000168437
-.000174687
-.000162812
-.000174062
-.000173125
-.000174687
-.000178437
-.00019625
-.000204687
-.00017875
-.0001775
-.000193125
-.000189375
-.00019
-.000224062
-.000196562
-.000220937
-.000182812
-.0002075
-.000210312
-.000210312
-.00021375
-.000194375
-.000200937
-.000215312
-.00021
-.000214687
-.000220937
-.000215
-.00023
-.00024125
-.000233125
-.0002375
-.000211875
-.00023625
-.000216562
-.000243437
-.00024
-.000242812
-.00026375
-.000254687
-.00023625
-.00021125
-.000237812
-.000237812
-.0002425
-.000235
-.000240937
-.000236562
-.00024375
-.000240625
-.000245625
-.000261875
-.000229062
-.000228437
-.00024375
-.000236562
-.00025625
-.000257812
-.000220312
-.000234062
-.000225312
-.000236562
-.000241562
-.000248125
-.00022125
-.000209687
-.000186562
-.000224062
-.000205937
-.000235937
-.000211562
-.000222812
-.000255937
-.000204687
-.000205
-.000199062
-.000208437
-.000193437
-.00020375
-.00022
-.000214687
-.000201562
-.000235
-.000250937
-.00023
-.000237812
-.000204375
-.000224062
-.000216875
-.00023625
-.000237187
-.000220937
-.000240625
-.000237187
-.000225312
-.000244687
-.000201875
-.000195312
-.00019
-.000201875
-.000210312
-.000212187
-.000186875
-.000197812
-.000189062
-.00018375
-.000193125
-.000211875
-.000190625
-.000226562
-.000213437
-.000192187
-.000171875
-.000178125
-.000194687
-.00019875
-.00018375
-.000195312
-.00019875
-.000200312
-.000193437
-.000158437
-.000180625
-.000195312
-.000167812
-.0001975
-.000186562
-.000192812
-.000213437
-.000176875
-.000214062
-.000178125
-.000218437
-.000195
-.000190937
-.000175
-.000170312
-.000203125
-.000211875
-.000242187
-.000205625
-.000203437
-.000198437
-.000239687
-.000215625
-.000184687
-.000214062
-.000211562
-.000193437
-.000224062
-.000203437
-.00021625
-.000205937
-.000176562
-.000187812
-.00022625
-.000214062
-.000193125
-.000165937
-.00018875
-.000193125
-.000204375
-.000223125
-.000195937
-.000189687
-.0002125
-.00022
-.000219687
-.000224687
-.000238437
-.000225
-.000235312
-.00020125
-.000227187
-.000235
-.000225625
-.00022625
-.000214687
-.000255625
-.000199062
-.000206562
-.000183125
-.00021875
-.000214375
-.000227812
-.00021625
-.000211562
-.000209375
-.000205625
-.000234687
-.0002325
-.000265937
-.000220625
-.000214687
-.000228437
-.000212187
-.00021
-.000236562
-.00023
-.000226875
-.000254062
-.0002275
-.000224062
-.000229062
-.00022625
-.000204687
-.000217812
-.000196875
-.00022375
-.000199062
-.00020875
-.000232187
-.0002175
-.00021625
-.000228125
-.0002125
-.00023875
-.000171562
-.000189062
-.00019875
-.000225937
-.000209375
-.000229687
-.000206562
-.0002175
-.000202187
-.00021125
-.0002125
-.000205937
-.00023
-.000218437
-.000214687
-.00019375
-.000169062
-.000185625
-.000225312
-.000221562
-.000190312
-.00019875
-.00017375
-.000198125
-.000181875
-.000214375
-.000209062
-.000188125
-.000192812
-.000178437
-.000175312
-.00019
-.000190312
-.000207187
-.000214687
-.000194062
-.000201875
-.00018375
-.00017125
-.000170312
-.000175625
-.00018375
-.000210625
-.000197812
-.000199062
-.000187812
-.0001775
-.0001675
-.000185937
-.000180312
-.000176562
-.0002025
-.000188125
-.000199062
-.000209375
-.000159687
-.000220937
-.000199687
-.000189375
-.000185625
-.000168125
-.000200937
-.000172812
-.000186875
-.000198125
-.00020875
-.000183125
-.000201875
-.00017875
-.000198125
-.00020625
-.000229062
-.000204687
-.000205937
-.000199375
-.0002025
-.000175312
-.000187812
-.000200625
-.000225312
-.000227187
-.000216875
-.000214687
-.000234375
-.000210937
-.000208125
-.000224687
-.000222187
-.000222812
-.000235625
-.000229062
-.000221562
-.0002275
-.000207812
-.000219687
-.000230937
-.000224062
-.000238125
-.000225
-.000199062
-.000237812
-.000249062
-.000234687
-.000247812
-.00023
-.000214687
-.00024375
-.0002275
-.00021
-.000226875
-.000253125
-.0002425
-.000244375
-.000219062
-.000224687
-.000227187
-.000231562
-.000246875
-.000225312
-.000214062
-.000235312
-.000244375
-.00025875
-.00023125
-.000212187
-.000264062
-.000230625
-.00019375
-.000236562
-.000239062
-.000253125
-.000223125
-.000240937
-.00023875
-.000203437
-.000215625
-.00021
-.000211562
-.00022875
-.00024
-.000241562
-.000224062
-.00021375
-.000201562
-.00020125
-.000218437
-.00024
-.000220625
-.0001875
-.0002025
-.00021
-.000195625
-.000195
-.00022375
-.000222812
-.00023625
-.000224687
-.000200937
-.000200937
-.0001975
-.000187812
-.000195625
-.000195937
-.000207812
-.000215
-.000205312
-.00021125
-.000198125
-.000205625
-.000184375
-.000181562
-.000200312
-.00020875
-.00020875
-.00020375
-.000204062
-.000196562
-.000203125
-.000214687
-.000194687
-.000170937
-.000191562
-.000169062
-.000221875
-.000209687
-.000204687
-.00020625
-.00020125
-.000174375
-.000190625
-.000188437
-.000194375
-.0001975
-.000199375
-.000196562
-.000170937
-.000195937
-.000181562
-.0001675
-.000216875
-.000178125
-.000190312
-.000170625
-.000179687
-.000193437
-.00018
-.0001975
-.000194062
-.00018125
-.0001625
-.000192187
-.00016125
-.00017875
-.0002075
-.0001875
-.000191562
-.0002025
-.000201562
-.000190312
-.000209375
-.000194062
-.000223437
-.000222187
-.000220312
-.00019625
-.000188437
-.000237812
-.000189687
-.0002275
-.000199687
-.000194687
-.00022625
-.00023875
-.00022125
-.00022125
-.0002275
-.000209062
-.000208125
-.000202187
-.000230625
-.00023125
-.000228437
-.000207187
-.00025
-.000252812
-.000205
-.00021125
-.000202812
-.000224687
-.000234375
-.000239062
-.000224375
-.000219062
-.000219062
-.0002075
-.000219375
-.000235937
-.000220625
-.000240312
-.000248437
-.000247187
-.000244375
-.000273437
-.000250937
-.000242812
-.000224687
-.000237812
-.000209375
-.000215
-.000211562
-.000207812
-.000230625
-.000231875
-.000228125
-.00024375
-.000239062
-.000236875
-.000224375
-.000227812
-.000235937
-.00021125
-.000229687
-.000232812
-.000234375
-.000198437
-.000228437
-.000215312
-.000210937
-.000200625
-.000255625
-.000224687
-.000228437
-.00023125
-.000197812
-.000221875
-.000230312
-.000198437
-.000214687
-.000215312
-.0002225
-.00020125
-.000204687
-.000240937
-.000203437
-.000204687
-.000210937
-.000204375
-.0001975
-.000210625
-.000202812
-.0002
-.000182812
-.000207812
-.000197812
-.000217187
-.000185937
-.000188437
-.0002
-.000187187
-.000197812
-.000164062
-.000202812
-.000202187
-.00018875
-.000189062
-.00018625
-.000185312
-.0002025
-.000184687
-.000179062
-.00018125
-.00019125
-.000204062
-.000169375
-.000195312
-.000171875
-.000174687
-.00018375
-.000192187
-.00016
-.000179375
-.000190625
-.000166562
-.000194062
-.000185625
-.000183125
-.000205937
-.000182812
-.000194375
-.000183437
-.000184062
-.000185312
-.000191562
-.00020375
-.00019875
-.000224062
-.000185312
-.00018625
-.000204062
-.000181562
-.000199062
-.000204375
-.000195625
-.000204375
-.00020375
-.000215312
-.0002025
-.00022625
-.000191875
-.000195
-.000205312
-.00024375
-.000228437
-.000200625
-.000217812
-.000194687
-.000223437
-.00020375
-.000219375
-.00022125
-.0002325
-.000225
-.000234375
-.000218125
-.000230312
-.000200625
-.000253437
-.000226875
-.000244687
-.000229375
-.000207812
-.00024125
-.000265625
-.000234062
-.000227812
-.000214375
-.000225312
-.0002475
-.000234687
-.000213125
-.000219062
-.000235625
-.000240937
-.000257812
-.000217812
-.000207812
-.000225
-.000222187
-.000237812
-.000222187
-.000239062
-.000270625
-.000229062
-.000238125
-.000216875
-.000228125
-.000221562
-.000210312
-.00021125
-.000216562
-.000246875
-.000203437
-.000217812
-.000222187
-.000212812
-.0002175
-.000230937
-.000232187
-.000221875
-.000244687
-.000218125
-.000227187
-.000210937
-.000214375
-.000222812
-.000218125
-.000226875
-.00020625
-.000224062
-.000204062
-.000225312
-.000228125
-.000211562
-.000215625
-.00022125
-.000214375
-.0001925
-.000210312
-.0001925
-.000213125
-.000200937
-.00021375
-.000215625
-.000199062
-.000183125
-.000189687
-.000185625
-.000178437
-.000175937
-.00018
-.00017875
-.000185
-.0001775
-.00017375
-.000189375
-.000160625
-.000175312
-.000194687
-.000215937
-.000198437
-.000182187
-.000171562
-.000175937
-.000195937
-.000200625
-.000171875
-.000166562
-.0001725
-.00017375
-.000185625
-.000184687
-.00019375
-.000188437
-.000216562
-.00018875
-.000198437
-.000154687
-.00016625
-.000175937
-.000177187
-.000193437
-.000219687
-.000169687
-.000180625
-.00017375
-.00018625
-.00017625
-.00020625
-.000178125
-.000190937
-.000188125
-.0001975
-.0002025
-.000192812
-.0002125
-.000211562
-.000200625
-.000205312
-.000177812
-.000176875
-.000188125
-.000229687
-.000220312
-.000199687
-.000244062
-.000216562
-.0002225
-.000219062
-.000204687
-.000205312
-.000227812
-.000205312
-.000205625
-.00023
-.000231875
-.0002275
-.000195937
-.000225
-.000232187
-.000250937
-.000214375
-.000214062
-.000245625
-.000227187
-.00021375
-.000231875
-.000232812
-.000262812
-.000240937
-.000239375
-.000240625
-.000218437
-.000239687
-.000221875
-.000244687
-.000234062
-.000240312
-.000244375
-.000228437
-.00024375
-.0002275
-.000254062
-.000243125
-.00020375
-.000240625
-.000225625
-.000208437
-.0002425
-.000230625
-.000239375
-.000232812
-.000249687
-.000199687
-.000229062
-.000232187
-.000239062
-.00023875
-.000220937
-.000207187
-.000236562
-.000237812
-.000222187
-.000243437
-.00022875
-.00025
-.000204375
-.000222812
-.000215625
-.000221562
-.00022625
-.000231875
-.000203125
-.000230312
-.00022875
-.00023625
-.000231562
-.0002275
-.00023125
-.00022875
-.000232812
-.000214375
-.00022875
-.000207187
-.000190312
-.000211875
-.000216562
-.000184687
-.000207187
-.000224375
-.000214375
-.000180312
-.00019625
-.000162812
-.000209062
-.00020625
-.000209687
-.00019375
-.000185
-.000210625
-.000202187
-.000209687
-.000209375
-.000189375
-.00019
-.000182187
-.000172187
-.000201875
-.000173125
-.000192812
-.000200625
-.000213125
-.000177812
-.00021
-.000179062
-.000178125
-.000200937
-.000197187
-.000211562
-.000206875
-.000194062
-.000171562
-.000190937
-.00019
-.0001925
-.000180312
-.000174375
-.00020875
-.000190312
-.000195
-.00018375
-.000180625
-.000230625
-.000195312
-.000199062
-.000223125
-.000195
-.000178125
-.000185937
-.00018875
-.000194375
-.000203125
-.000195
-.00018625
-.000214687
-.000199375
-.000205
-.000200937
-.000204062
-.00020625
-.000191562
-.000228125
-.000202812
-.000198125
-.000210937
-.000200625
-.000218125
-.000229375
-.00022
-.00022
-.000236875
-.000226875
-.00022375
-.000229687
-.000221562
-.000206562
-.000182187
-.00023125
-.0002575
-.000260312
-.000230625
-.000250625
-.0002275
-.000220625
-.000230937
-.000236562
-.000232187
-.000215
-.000206875
-.000204687
-.000196875
-.000224687
-.000231562
-.000222812
-.000229375
-.000240625
-.000250625
-.000209375
-.000206562
-.000204062
-.000216562
-.000251875
-.00023625
-.000233437
-.000214062
-.000215312
-.000215937
-.000234062
-.0002275
-.000216562
-.000231562
-.0002225
-.000247187
-.00020375
-.000210937
-.000230937
-.000244375
-.000244687
-.000241562
-.000236562
-.000221562
-.00023375
-.000237812
-.00020625
-.000228125
-.000228437
-.000221875
-.000209375
-.000228125
-.00023125
-.00021125
-.000222812
-.000234062
-.000195625
-.0001975
-.000191875
-.000197187
-.000209062
-.00022625
-.0002125
-.00023
-.0002325
-.000196875
-.000209375
-.00020625
-.000214687
-.00020875
-.00020375
-.000212187
-.000207187
-.0001975
-.000209062
-.000212812
-.000213437
-.0002175
-.000205
-.000219687
-.0002075
-.000193437
-.00019875
-.000190937
-.000210312
-.000194062
-.000235312
-.000233125
-.000215937
-.000181875
-.000195625
-.00019375
-.0002075
-.000184375
-.000199062
-.0001875
-.00023
-.000210312
-.000174375
-.000187812
-.000194062
-.000225312
-.000184062
-.000193437
-.000197812
-.000206562
-.000179375
-.00020125
-.000203437
-.000189375
-.000195937
-.000184062
-.000190937
-.000200625
-.000217812
-.000205625
-.000200625
-.000187812
-.000197812
-.000195
-.000221562
-.000212812
-.000215937
-.000222812
-.0002
-.000231562
-.000205
-.00021125
-.00025375
-.0002325
-.000225
-.00018875
-.000202187
-.000220312
-.000230312
-.000235312
-.0002025
-.000249375
-.000217187
-.000205312
-.00020125
-.000220312
-.000200937
-.000215
-.0002125
-.000229687
-.000220625
-.000237812
-.000206562
-.000236562
-.000193437
-.00021625
-.000242187
-.00024875
-.000238437
-.0002225
-.0002075
-.000217187
-.000225312
-.000234062
-.000204062
-.000232187
-.000224687
-.000233437
-.000204375
-.000206562
-.000202812
-.000238125
-.00023625
-.000243125
-.00023375
-.000240625
-.000208437
-.000247812
-.000227187
-.000237187
-.000236562
-.000228437
-.000196562
-.000225
-.000224687
-.000205312
-.000207187
-.000224062
-.00021375
-.000231562
-.000218437
-.000219062
-.000205312
-.000215312
-.000207187
-.000216875
-.000229687
-.000205625
-.000230312
-.000236875
-.000243125
-.000215
-.000239062
-.000202187
-.00022125
-.000222812
-.000240937
-.000233437
-.000228437
-.000206562
-.000204062
-.000225312
-.000220312
-.000240625
-.000215
-.00023125
-.000204375
-.000208437
-.000184375
-.000218125
-.00022125
-.000229062
-.000219062
-.000200625
-.000201875
-.000209375
-.000188437
-.000210937
-.000195625
-.000200625
-.000196562
-.000201875
-.000171875
-.000191562
-.00017875
-.000204375
-.000219375
-.000225
-.000224375
-.000217812
-.00019625
-.00018625
-.00019375
-.000173437
-.000198437
-.000216875
-.000195937
-.00021125
-.000204062
-.000183437
-.000195625
-.000195312
-.000183437
-.000176562
-.000203437
-.000228437
-.000173437
-.000224687
-.000229687
-.000226875
-.000195
-.000180937
-.000229687
-.000200625
-.000189062
-.000186562
-.000207812
-.000225
-.000230937
-.000225312
-.000199062
-.000218125
-.000185937
-.000199375
-.000214687
-.000235937
-.00023375
-.000230625
-.0002225
-.000192187
-.000202812
-.000222187
-.000193437
-.000225
-.000209375
-.000220625
-.000205937
-.000241562
-.000240937
-.000216562
-.00023125
-.000221562
-.000236875
-.00020875
-.000214375
-.000213437
-.000220312
-.000237187
-.000225625
-.000227812
-.000224375
-.000199375
-.000195625
-.000197812
-.000208125
-.000264062
-.000244687
-.0002375
-.000255
-.000226562
-.000230937
-.000212187
-.000205937
-.000227187
-.0002325
-.0002375
-.000225625
-.000245937
-.000230312
-.000217812
-.000259687
-.000215937
-.000239687
-.000198437
-.000223437
-.0001875
-.0002125
-.00024625
-.000250625
-.000231875
-.000239062
-.000229062
-.000218125
-.000216562
-.00020375
-.000212812
-.000185625
-.000192187
-.000214375
-.00021125
-.000218125
-.00021
-.000234375
-.000227812
-.000219062
-.000219687
-.000219375
-.000231562
-.000217187
-.000223125
-.00021875
-.00023625
-.000199687
-.00021125
-.000220625
-.000229375
-.000215937
-.000234375
-.000215937
-.000195625
-.00021125
-.00019
-.000207187
-.000223125
-.000224687
-.00023
-.000208125
-.000209687
-.000203125
-.000211562
-.000204687
-.000245937
-.000219062
-.000220625
-.00022375
-.000189687
-.000181562
-.000199375
-.000194062
-.000201562
-.000219375
-.000185625
-.000213437
-.000175625
-.000169062
-.000187812
-.0002
-.000220937
-.000217187
-.000192812
-.000209375
-.000189062
-.00022125
-.000208125
-.000212187
-.00018875
-.0001875
-.0002
-.000206875
-.0002075
-.000196875
-.000199687
-.000239062
-.000200625
-.000191562
-.000205625
-.000198437
-.000149375
-.00021875
-.0002475
-.00020625
-.000201562
-.000182812
-.000209062
-.000200625
-.000215625
-.0002175
-.00020875
-.000229062
-.000230937
-.000170312
-.000182187
-.00021125
-.000189687
-.000267187
-.000204062
-.000207812
-.000231562
-.000205312
-.000209375
-.000195625
-.000232187
-.000186875
-.000222187
-.00019625
-.000212812
-.000214375
-.000251875
-.000194375
-.00025
-.000225937
-.000213437
-.000204375
-.000213125
-.000203437
-.00022
-.000198125
-.000246875
-.000249375
-.000255625
-.00023
-.000236875
-.000234375
-.000211562
-.000220937
-.0002225
-.000219687
-.0002225
-.000220937
-.000232187
-.00021125
-.00022
-.0002425
-.000242187
-.000208437
-.000214062
-.00020375
-.000225937
-.000221875
-.000209687
-.000244687
-.000210625
-.000255625
-.000230937
-.00022
-.000225
-.000209687
-.000225625
-.000258437
-.000240937
-.000229375
-.000209687
-.000203437
-.000230312
-.000229375
-.000236875
-.00024625
-.000239375
-.000225
-.000209687
-.000219375
-.000219062
-.000203437
-.000212187
-.000185937
-.00019625
-.000194375
-.000222187
-.000218125
-.000216562
-.000226562
-.000213437
-.000211875
-.000195
-.000203437
-.000188437
-.000218437
-.000219375
-.000212187
-.000220312
-.00022375
-.000224375
-.000212812
-.000185937
-.000215
-.000202812
-.000192812
-.00020125
-.000218125
-.000220312
-.0001925
-.000209062
-.000217187
-.000212812
-.000213437
-.000203437
-.000204687
-.0002025
-.000194687
-.000196562
-.000176562
-.00020375
-.000200312
-.0002
-.0002475
-.000215
-.000193437
-.000195312
-.000185625
-.00021625
-.000185
-.000174687
-.000165
-.000182812
-.00020875
-.000204062
-.000214062
-.000181562
-.000195625
-.000211562
-.00021125
-.000199062
-.000230937
-.000199062
-.000194687
-.000209375
-.0002275
-.000223437
-.000228125
-.000226562
-.000190625
-.00018875
-.000220937
-.000189687
-.00019
-.000194687
-.00023375
-.000241562
-.000254062
-.000237187
-.000218437
-.000226875
-.00021375
-.000205312
-.000194375
-.000199375
-.000180937
-.000213437
-.000205312
-.00023
-.000228437
-.00020875
-.000196875
-.000204375
-.000226562
-.000217812
-.000217187
-.00021875
-.000215937
-.000191875
-.000217187
-.00021875
-.000210625
-.00022125
-.00026375
-.00027
-.000226875
-.000232187
-.000242187
-.000211562
-.000226562
-.00020125
-.000224062
-.000210312
-.000227187
-.00026
-.0002375
-.000226875
-.000221875
-.000214062
-.000219687
-.00019875
-.00022
-.000204062
-.000236875
-.000205
-.000210625
-.000215937
-.000215625
-.000253437
-.0002225
-.000227812
-.000237812
-.000213437
-.000197187
-.000198437
-.000258125
-.000223437
-.00023375
-.000248437
-.000229062
-.000225312
-.000238437
-.000210625
-.00021125
-.000216562
-.000206562
-.000197812
-.000221562
-.000208125
-.000196875
-.00023
-.000215312
-.00020875
-.000246562
-.000220937
-.0002075
-.000207187
-.000199687
-.000214687
-.000229375
-.000208125
-.000225312
-.000208437
-.000221562
-.000229062
-.000228125
-.000228437
-.000235312
-.000189375
-.000209687
-.000225312
-.000206562
-.000195937
-.000198437
-.000196562
-.000210625
-.000215625
-.000181562
-.000198125
-.000192812
-.000175625
-.000200312
-.000189062
-.0002175
-.000173125
-.000205312
-.00022
-.000208125
-.00020875
-.00021125
-.000205625
-.000215625
-.000181562
-.000165625
-.000192812
-.000206562
-.000207187
-.000203437
-.000210625
-.000225312
-.000225625
-.000224062
-.00019875
-.000203125
-.000205
-.000181562
-.000203437
-.000207812
-.00021375
-.000209062
-.0002
-.000207812
-.00021875
-.00019375
-.000195312
-.000178125
-.000205312
-.000235312
-.000189687
-.0002175
-.000198125
-.000210937
-.000189687
-.000219687
-.000225312
-.000204687
-.00024375
-.0002175
-.000190625
-.000216562
-.000215
-.000200312
-.00015875
-.00021625
-.00021
-.000199375
-.0002075
-.000215312
-.0002275
-.000230937
-.000231875
-.000215937
-.0002
-.000195937
-.000195625
-.000205
-.0002
-.000209062
-.00024375
-.000217187
-.000230625
-.00018875
-.00018125
-.000200937
-.00019625
-.0002225
-.000220312
-.00022375
-.000235937
-.000228125
-.000216875
-.000224375
-.000196562
-.000233125
-.0002
-.000205
-.000214687
-.000218437
-.000221562
-.00022
-.0002225
-.000209375
-.000237812
-.000237187
-.000217187
-.000185
-.000197812
-.000224687
-.000224375
-.000199687
-.000185
-.000213125
-.000207812
-.000239687
-.000224375
-.000218437
-.000209375
-.00025125
-.000225625
-.000195
-.000193437
-.000220937
-.00020875
-.000218125
-.000240625
-.00023875
-.000212187
-.0002075
-.000208125
-.000221562
-.000221562
-.000204375
-.000194375
-.00017
-.0002175
-.000220312
-.00024625
-.000228437
-.000225625
-.000211875
-.000218125
-.000214375
-.00020375
-.000175312
-.0002225
-.000208437
-.000213125
-.000205312
-.000176562
-.000199375
-.0002
-.000180625
-.000215625
-.000220312
-.000215
-.00018125
-.000199062
-.000203437
-.0002
-.00019125
-.000195937
-.000215625
-.000228125
-.000209687
-.000185
-.00019875
-.000202187
-.000209375
-.000215
-.000212187
-.000188437
-.000201875
-.000199062
-.000209375
-.000223125
-.000218437
-.000215312
-.000208437
-.0001925
-.000211562
-.000195312
-.000207187
-.000201875
-.000208125
-.000229375
-.000220625
-.000196562
-.000213125
-.000179687
-.000183125
-.000188437
-.000223125
-.000195312
-.000185937
-.000203125
-.000196875
-.000232812
-.000197812
-.000217812
-.000197812
-.00019
-.000195
-.000189375
-.000210312
-.000204062
-.000225
-.000239062
-.00021125
-.000225625
-.000188437
-.000215
-.000199687
-.000208125
-.000213437
-.000218437
-.000215312
-.000215
-.000215312
-.000189375
-.000190937
-.000211562
-.000222187
-.000201562
-.000204062
-.000216875
-.000213437
-.000212187
-.000219375
-.000230937
-.000219687
-.00021
-.000236875
-.000211562
-.000244375
-.00023375
-.000209375
-.000220625
-.000204687
-.000226562
-.000212812
-.000213125
-.000209062
-.000234062
-.000233125
-.000234062
-.000219062
-.000222812
-.000209375
-.000220937
-.0002225
-.000199687
-.000190625
-.000199062
-.00021625
-.000200625
-.0001925
-.000204375
-.00023375
-.000185625
-.000213437
-.00021125
-.000228125
-.000205937
-.000202812
-.000224062
-.000225625
-.00022875
-.000218125
-.000224062
-.000205
-.000208125
-.000197812
-.00023
-.000222812
-.00021875
-.000220625
-.000228125
-.000210937
-.000212812
-.000212812
-.000195625
-.000233437
-.000226562
-.000217187
-.000220312
-.000222812
-.000225
-.000230625
-.00021125
-.000211562
-.000224062
-.00019125
-.000204375
-.000219687
-.000209062
-.000210625
-.000223437
-.000211562
-.000205937
-.000206562
-.000213125
-.000168437
-.000191562
-.000221875
-.000228125
-.000225
-.000211875
-.00022125
-.000182812
-.000176562
-.000184062
-.000204687
-.000203125
-.000201562
-.000191562
-.000206562
-.00022
-.000201562
-.000226875
-.000190625
-.00022
-.000192187
-.000197187
-.000204687
-.00020625
-.000195312
-.000229687
-.000192812
-.0002075
-.000213437
-.000218437
-.000190937
-.000214375
-.0001925
-.000185312
-.000195312
-.00021625
-.000201875
-.00022875
-.000213125
-.000206875
-.000195312
-.00016
-.000144687
-.000195312
-.000178437
-.000205937
-.000225937
-.000216562
-.00022125
-.000209375
-.000201875
-.000190937
-.0002125
-.000218125
-.000221875
-.000199062
-.000225937
-.0001725
-.000221875
-.000201562
-.000206562
-.00023
-.00020625
-.00022375
-.000195
-.000202812
-.000196562
-.000201875
-.000195
-.000214062
-.000200312
-.00017
-.000214062
-.00020875
-.000188125
-.000197187
-.000208125
-.000238125
-.000219375
-.000186875
-.00021875
-.000172187
-.000201875
-.000202812
-.00023
-.000224687
-.0002
-.000230937
-.000215937
-.0002375
-.000214687
-.000225625
-.00022375
-.000189062
-.0002225
-.000222812
-.000203437
-.000234062
-.000204687
-.00019875
-.000218437
-.000213437
-.000207187
-.000206562
-.000199687
-.000215625
-.000230312
-.000204062
-.000205312
-.000219687
-.0002225
-.000197187
-.00022875
-.00020375
-.000225312
-.000194687
-.000192812
-.000200312
-.000184687
-.000204062
-.0002175
-.000216875
-.0002
-.000224375
-.000225625
-.000198437
-.000196562
-.00020125
-.000218125
-.0002025
-.000208437
-.000206875
-.000175312
-.000203125
-.00021375
-.000209062
-.000213437
-.000215
-.000202812
-.000193125
-.000189687
-.000194375
-.000222187
-.0002075
-.00024625
-.000249375
-.000213125
-.000224687
-.0001975
-.000207812
-.000201562
-.000209062
-.0002
-.000189062
-.000194687
-.000206875
-.00023
-.000219687
-.000191875
-.000189375
-.0002
-.000210937
-.000220625
-.000209062
-.000189062
-.000182187
-.000227187
-.000220937
-.000218437
-.000193437
-.000180937
-.000203125
-.000212812
-.000250937
-.0001975
-.000204375
-.000214062
-.000194687
-.00019
-.00019
-.000210625
-.000235
-.000221875
-.000224375
-.000225937
-.000216562
-.000191562
-.000199062
-.000193125
-.000185625
-.00017875
-.00016
-.000196875
-.000207812
-.000204062
-.000230937
-.000216562
-.000213125
-.000199375
-.00017875
-.000173125
-.00018375
-.00018375
-.0002175
-.000229062
-.000237187
-.000225
-.000228125
-.0002025
-.0001675
-.000193437
-.000172812
-.000191875
-.000199687
-.000221875
-.000218125
-.000216562
-.000200937
-.00019875
-.0002075
-.000194687
-.000211562
-.000218437
-.000218437
-.000199375
-.000230937
-.000230937
-.000214687
-.000214687
-.000225937
-.000238437
-.000219062
-.00021125
-.000224062
-.000204062
-.000210625
-.000175
-.00019875
-.0002
-.000215
-.000216562
-.000205
-.000188125
-.000200937
-.00019375
-.000209062
-.000189687
-.000144687
-.000199687
-.00020875
-.000193437
-.000219375
-.000206875
-.000207187
-.000189062
-.000235312
-.000215625
-.000214687
-.000197812
-.000196875
-.000194375
-.000198125
-.000201875
-.000221875
-.000229687
-.000208437
-.000206562
-.000209687
-.000202812
-.000200937
-.000186875
-.000210937
-.000214062
-.000245
-.00020875
-.000215625
-.0001975
-.00020125
-.000214375
-.000200937
-.000214375
-.000215
-.000223125
-.000215312
-.000180625
-.000226875
-.000197187
-.0002275
-.000195625
-.000211562
-.000232187
-.000197812
-.00019875
-.0002375
-.000219687
-.00019375
-.000213437
-.000195625
-.000184687
-.00020125
-.000220937
-.000229375
-.000208437
-.000202812
-.00018875
-.000202187
-.000204062
-.0002375
-.000215625
-.000222187
-.00019875
-.00020375
-.000222812
-.00019
-.0002375
-.0002175
-.000214375
-.000195
-.0002075
-.0001675
-.000174062
-.000184687
-.0002075
-.000189687
-.000224062
-.00020625
-.00021875
-.000204062
-.0002125
-.000180312
-.00020375
-.00021875
-.000217812
-.000191875
-.000205
-.000229062
-.00021375
-.000206875
-.000234062
-.000209062
-.000234687
-.000216562
-.00019875
-.000190937
-.000185312
-.000211562
-.000190937
-.00021375
-.000200312
-.0001975
-.000202812
-.000196875
-.000201562
-.000210312
-.00022
-.000203125
-.000215937
-.000180312
-.000205
-.000195
-.00019375
-.000190312
-.000210312
-.000234062
-.000211562
-.00021125
-.000214062
-.00020625
-.000203437
-.00021875
-.000181875
-.000190937
-.000215
-.00019125
-.0002225
-.000234375
-.0002325
-.000219062
-.000205312
-.0001875
-.000216562
-.00021
-.000242187
-.00022375
-.000227812
-.000222187
-.000229062
-.0002175
-.000203437
-.000213125
-.000228437
-.000207187
-.000220625
-.000213437
-.000222812
-.000224687
-.0002075
-.00022125
-.0002175
-.000193125
-.000187812
-.00019875
-.000189687
-.000215937
-.000221875
-.000231562
-.00021125
-.00020875
-.000197187
-.0001825
-.00022
-.000217187
-.000205
-.0002325
-.00023125
-.000205937
-.000199062
-.000219687
-.000214687
-.000211562
-.000219375
-.00020875
-.000204062
-.000214687
-.000215625
-.000212187
-.000205
-.000195937
-.000198437
-.000191875
-.000222812
-.000192812
-.000226562
-.000206875
-.000236562
-.000205625
-.000210625
-.000217812
-.00021875
-.000220937
-.00021625
-.000215937
-.00022375
-.00019875
-.0001925
-.000214062
-.000210937
-.000224062
-.000214375
-.000211875
-.000202187
-.000215312
-.000201562
-.000204375
-.00022
-.000207187
-.00023875
-.000219687
-.00021
-.000214062
-.000203125
-.000199687
-.000215312
-.000235
-.000218437
-.000225625
-.000194687
-.000188125
-.000171562
-.00019875
-.00021
-.000189687
-.000226562
-.0002275
-.00021625
-.000195937
-.000198437
-.00018
-.000235312
-.000192812
-.000230937
-.000210937
-.000225937
-.000212187
-.0002
-.000210937
-.00018625
-.000214375
-.00023375
-.00022
-.0002225
-.000196875
-.000188437
-.00019625
-.000202812
-.000209375
-.000207187
-.000215625
-.000179687
-.000186875
-.000185
-.000201875
-.00017625
-.000204375
-.00023375
-.000216875
-.000212812
-.000204687
-.000200312
-.000219687
-.000182187
-.000215937
-.00021375
-.000217187
-.000185937
-.000226875
-.000204375
-.000221875
-.00023875
-.000214062
-.000200625
-.0002125
-.00023125
-.00023375
-.00022875
-.000216875
-.000217187
-.0002125
-.000195937
-.00023
-.000201875
-.000221875
-.000193437
-.000210937
-.000213125
-.00021625
-.000170937
-.000175
-.000194375
-.000208437
-.000217187
-.00022125
-.00022625
-.000215625
-.000205
-.000215312
-.000194375
-.000231875
-.000219687
-.000219062
-.000196562
-.000209062
-.000220625
-.000211562
-.000202812
-.000232187
-.000210312
-.000201562
-.000202812
-.000210937
-.000202812
-.000206875
-.00022375
-.000218125
-.0002175
-.0002325
-.00021375
-.000204375
-.0002075
-.00020125
-.000206562
-.000233125
-.000186875
-.000222187
-.00021
-.000195625
-.000196562
-.000220937
-.000216875
-.00021625
-.00020125
-.000225312
-.000220312
-.000217812
-.000235937
-.000212187
-.000198437
-.000215625
-.000209062
-.000197812
-.000224062
-.000206875
-.000218125
