5000
2.e-09
500
.502686
-7.49996e-05
-.000146875
-.000246875
-.00029375
-.00016875
-.00014375
-.0001875
-6.24996e-05
-.000109375
-.000153125
-9.68746e-05
-2.49996e-05
-2.49996e-05
-8.74996e-05
-.00021875
-.000253125
-.000275
-.00018125
-2.81246e-05
5.93754e-05
-4.37496e-05
-5.62496e-05
-.00024375
-.000196875
-.00014375
-.0001625
-8.12496e-05
-.00023125
-.000175
-.000165625
-.000140625
-.000103125
-5.62496e-05
-9.68746e-05
-.000115625
-.000221875
-.000171875
-.000134375
-5.62496e-05
-5.62496e-05
-4.37496e-05
-5.62496e-05
-.000115625
-1.87496e-05
2.18754e-05
-.000125
-.000184375
-.000178125
-4.37496e-05
3.43754e-05
1.56254e-05
-8.74996e-05
-.00016875
-.000275
-.0002375
-.000153125
-3.12462e-06
9.06254e-05
9.37538e-06
-.000196875
-.000153125
-.000196875
-.000128125
-.00014375
-.000178125
-.000121875
-9.06246e-05
-.000159375
-2.81246e-05
-1.24996e-05
-4.68746e-05
-3.43746e-05
-.000209375
-.00036875
-.000325
-.0003125
-.000203125
-7.49996e-05
-5.93746e-05
-.00011875
-2.18746e-05
-7.81246e-05
-4.37496e-05
-.000178125
-.000228125
-.00025
-.00028125
-.00015625
4.68754e-05
.000125
7.18754e-05
-5.62496e-05
-.00014375
-.0002
-.000128125
-6.24996e-05
-.000134375
-.000225
-.000234375
-.00015625
-3.43746e-05
-3.43746e-05
-4.37496e-05
-.00026875
-.000365625
-.0002625
-.00010625
-5.31246e-05
4.68754e-05
5.00004e-05
-2.18746e-05
-.00013125
-.0002125
-.00024375
-.000196875
-.00014375
-4.68746e-05
-4.06246e-05
-5.93746e-05
-9.99996e-05
-.000103125
-9.37496e-05
-.000225
-.0002375
-.000184375
-.00011875
9.37538e-06
-9.37462e-06
-6.87496e-05
-.000259375
-.000171875
-.000134375
-.00019375
-4.99996e-05
-9.37496e-05
-.000128125
-.000159375
-.000140625
-8.74996e-05
-8.74996e-05
-2.18746e-05
-4.37496e-05
-9.99996e-05
-.000196875
-.000165625
-4.37496e-05
-9.37462e-06
-5.93746e-05
-8.74996e-05
-.000134375
-.0001625
-.000159375
-.000109375
-.000103125
-.000125
-.000125
-.000153125
-.0001875
-5.62496e-05
-.000128125
-.000134375
-.000171875
-.000109375
-5.31246e-05
2.81254e-05
5.62504e-05
-1.24996e-05
-5.62496e-05
-.000175
-.000203125
-.00025
-.000246875
-.0002625
-.000125
-.000175
-4.68746e-05
3.12504e-05
6.87504e-05
-6.24962e-06
-.000153125
-.000284375
-.00036875
-.000259375
-.000184375
3.12538e-06
4.37504e-05
3.12504e-05
-6.87496e-05
-.000103125
-.000278125
-.000159375
-.000153125
-2.81246e-05
7.18754e-05
5.62504e-05
1.25004e-05
4.68754e-05
8.12504e-05
-6.24962e-06
-.00013125
-.00015625
-.000234375
-.0001875
-3.12496e-05
-.000146875
-.00015625
-.000134375
-.000221875
-.0001375
-2.81246e-05
1.25004e-05
-8.74996e-05
-.000196875
-5.93746e-05
-7.49996e-05
-2.81246e-05
-7.81246e-05
-.00018125
-.0002625
-.000265625
-.000184375
-5.31246e-05
-4.37496e-05
-7.18746e-05
-4.99996e-05
-9.37462e-06
-.00015625
-.000109375
-3.12496e-05
-9.37496e-05
3.12538e-06
-.00010625
-.000171875
-.000296875
-.00023125
-.000196875
-9.37496e-05
1.25004e-05
3.8147e-10
-6.56246e-05
-.000109375
-.000178125
-.00020625
-.00020625
-.00015
1.25004e-05
5.00004e-05
9.37538e-06
3.43754e-05
-9.99996e-05
-.00011875
-.00011875
-.0001875
-.000196875
-.000296875
-.000190625
-.00021875
-7.18746e-05
1.87504e-05
5.00004e-05
7.50004e-05
-3.43746e-05
-.000165625
-.00024375
-.000234375
-.00024375
-.000134375
-3.43746e-05
-7.18746e-05
-.00020625
-.00010625
6.25038e-06
-2.18746e-05
-9.06246e-05
-.00013125
-.0001875
-.000296875
-.000203125
-.00015625
-.000159375
-9.37496e-05
9.37538e-06
-6.24996e-05
-.000121875
-.0001875
-.000203125
-.000196875
-.000121875
-4.06246e-05
1.87504e-05
-3.12496e-05
-6.24996e-05
-9.68746e-05
-.000153125
-.00010625
-6.56246e-05
1.56254e-05
-9.37462e-06
3.75004e-05
-1.24996e-05
-9.68746e-05
-.000196875
-.0002375
-.000259375
-.000153125
-6.56246e-05
-.000103125
-9.68746e-05
-9.37462e-06
-2.18746e-05
2.81254e-05
-5.62496e-05
-.00015625
-9.68746e-05
-.000178125
-.00020625
-.0001625
-.000159375
-8.43746e-05
-7.49996e-05
-.00010625
-.000153125
-.000159375
-.0002125
-.000103125
-7.49996e-05
-9.06246e-05
-.00010625
-6.24996e-05
-4.99996e-05
-2.18746e-05
-3.43746e-05
1.25004e-05
1.56254e-05
-.000178125
-.000325
-.000365625
-.000209375
-.000134375
-6.24996e-05
-6.56246e-05
-4.68746e-05
6.25038e-06
-2.49996e-05
-7.81246e-05
-.00016875
-.000190625
-4.68746e-05
-8.12496e-05
-.00014375
-.000125
-.000115625
-.000209375
-.00013125
-.000196875
-.000203125
-.000146875
-4.68746e-05
-6.24996e-05
-9.37462e-06
-9.37496e-05
-.00015
-.00010625
-.00018125
-7.49996e-05
-9.06246e-05
-.00020625
-.00016875
-5.93746e-05
-.000103125
-.000109375
-.0001125
-.000125
-.0001375
-.00014375
-.00025
-.0001625
-4.99996e-05
5.93754e-05
4.68754e-05
5.93754e-05
-9.68746e-05
-.00015625
-.000275
-.00034375
-.000328125
-.000271875
-4.68746e-05
9.37538e-06
.000125
.000134375
-5.31246e-05
-8.74996e-05
-6.56246e-05
-6.87496e-05
-.000134375
-7.18746e-05
-.000171875
-.00015
-.00025
-.000140625
-.000109375
-.000128125
-.00010625
-.00015625
-.000175
-7.81246e-05
6.25038e-06
3.8147e-10
-2.81246e-05
-9.06246e-05
-.0002375
-.000271875
-.000165625
-.000171875
-.000103125
-5.93746e-05
-6.87496e-05
-.00010625
-.000184375
-8.12496e-05
-.000125
-.00024375
-.000221875
-.0002125
-.0002375
-.000128125
-5.62496e-05
-4.06246e-05
-.000146875
-.000221875
-.000253125
-.000278125
-.000178125
-.000128125
-8.43746e-05
-1.24996e-05
-5.62496e-05
2.50004e-05
5.62504e-05
.000109375
2.50004e-05
-.0002125
-.000175
-.000175
-.00016875
-4.37496e-05
-6.24962e-06
-1.87496e-05
-.000140625
-.00025625
-.000290625
-.00024375
-.00025625
-.000134375
-8.43746e-05
-.000153125
-.000178125
-.000115625
-6.24996e-05
1.87504e-05
-1.87496e-05
-4.99996e-05
-.000103125
-5.62496e-05
-7.18746e-05
6.87504e-05
7.50004e-05
-3.12496e-05
-.000203125
-.00031875
-.00039375
-.00030625
-.0001625
3.8147e-10
-1.87496e-05
1.25004e-05
-9.37462e-06
-7.18746e-05
-8.74996e-05
-.000365625
-.000403125
-.00035625
-.000240625
-3.43746e-05
7.50004e-05
4.06254e-05
-7.49996e-05
-.0001125
-.0002
-.0002375
-.00028125
-.000221875
-.000190625
-9.06246e-05
-7.49996e-05
-3.12462e-06
3.8147e-10
3.43754e-05
-6.24996e-05
-8.12496e-05
-.000159375
-.00026875
-.000103125
-8.12496e-05
-4.37496e-05
-2.49996e-05
-8.43746e-05
-.00014375
-.000125
-2.81246e-05
-.00010625
-3.12496e-05
-.00011875
-.000165625
-9.68746e-05
-.000153125
-.00013125
-.000134375
-.000259375
-.000240625
-9.06246e-05
-.000159375
-2.49996e-05
-.000121875
-.00014375
2.18754e-05
3.12504e-05
7.18754e-05
1.25004e-05
-.0001125
-.000175
-.00021875
-.000203125
-.000153125
-6.87496e-05
-2.81246e-05
3.8147e-10
-.00015
-.0002375
-.000309375
-.000209375
-.000196875
-.00013125
-.000146875
-.00015
-.000171875
-2.81246e-05
6.25038e-06
4.68754e-05
1.56254e-05
-1.87496e-05
-.0001125
-.00011875
-.0001375
-.0002375
-.000153125
-.000109375
-1.87496e-05
-4.99996e-05
3.75004e-05
4.06254e-05
-8.43746e-05
-.000259375
-.0003375
-.000365625
-.00014375
-.00011875
1.87504e-05
-9.68746e-05
-9.37462e-06
-6.87496e-05
1.87504e-05
-1.56246e-05
-.000175
-.000171875
-.0001875
-.000284375
-.00011875
-7.18746e-05
-6.24996e-05
-4.99996e-05
-.00011875
-.00013125
-.0002875
-.00019375
-.000140625
3.12538e-06
-3.12496e-05
-8.74996e-05
-.000171875
-.000265625
-.000221875
-.00025625
-.0001625
-.000175
-8.12496e-05
-.00011875
-3.12496e-05
-7.81246e-05
-.000128125
-.000171875
-.000209375
-.000221875
-.000121875
-7.49996e-05
-.000103125
-.000115625
6.25038e-06
5.31254e-05
-6.87496e-05
-.000103125
-.0001125
-.00019375
-.000278125
-.000296875
-.000171875
1.56254e-05
7.50004e-05
.00016875
-6.24962e-06
-.000115625
-.000240625
-.000290625
-.0002
-.000175
-.00010625
-.000125
-3.12496e-05
3.12538e-06
3.12504e-05
-.00015
-5.93746e-05
-.000153125
-.00024375
-9.68746e-05
-.00013125
-.00010625
5.00004e-05
-6.24996e-05
4.06254e-05
-4.99996e-05
-7.81246e-05
-.000121875
-.000134375
-.0002125
-.000171875
-7.81246e-05
-5.62496e-05
-.000140625
-.00013125
-.000209375
-.0002125
-.000103125
-6.24996e-05
-1.24996e-05
5.31254e-05
3.12504e-05
-.0001125
-.000221875
-.000165625
-5.62496e-05
-.000125
-8.12496e-05
-6.24996e-05
-4.37496e-05
-2.18746e-05
-5.62496e-05
-9.68746e-05
-5.31246e-05
-9.68746e-05
-.000165625
-.000134375
-9.37496e-05
-.0001125
-.000146875
-7.18746e-05
-8.74996e-05
1.25004e-05
2.50004e-05
7.50004e-05
9.37538e-06
-.00013125
-.00020625
-.000240625
-.000146875
-7.18746e-05
-6.24996e-05
2.50004e-05
-1.56246e-05
-7.81246e-05
-4.06246e-05
-4.99996e-05
-9.37462e-06
-7.18746e-05
-.0002125
-.000209375
-.000171875
-6.56246e-05
3.75004e-05
1.87504e-05
4.68754e-05
-9.37462e-06
-.000153125
-.000228125
-.000246875
-.000103125
-6.56246e-05
-7.81246e-05
-.000134375
-.000125
-.000109375
-.00018125
-.000225
-.00024375
-8.74996e-05
-5.62496e-05
8.12504e-05
8.12504e-05
.0001
9.37538e-06
-4.06246e-05
-.0002
-.000159375
-.00015625
-.000153125
-6.56246e-05
-9.99996e-05
-.00011875
-5.62496e-05
-8.74996e-05
-.00015625
-.000275
-.0002875
-.00033125
-.000259375
-.0001875
-9.06246e-05
5.00004e-05
4.06254e-05
5.93754e-05
-.00016875
-.000165625
-.00020625
-.000121875
-9.99996e-05
-7.49996e-05
-4.99996e-05
-3.12462e-06
-3.43746e-05
6.25004e-05
1.56254e-05
-.00011875
-.000121875
-8.74996e-05
-.000215625
-.00030625
-.000275
-.000234375
-.000153125
-5.93746e-05
-.0001125
-.0002125
-6.24996e-05
-.000171875
-4.37496e-05
-9.37462e-06
-.00010625
-5.62496e-05
-7.49996e-05
-3.12462e-06
-2.81246e-05
-8.43746e-05
-.00019375
-5.31246e-05
-7.49996e-05
-4.37496e-05
-8.74996e-05
-.000228125
-.00025
-.00031875
-.000209375
-.00023125
-.000159375
-.000121875
-1.24996e-05
-.00011875
-.000153125
-.000178125
-.000165625
-9.06246e-05
-.000103125
-.000196875
-.000146875
-.000175
-.000165625
-3.12462e-06
6.25004e-05
3.12504e-05
1.56254e-05
-9.37462e-06
-9.99996e-05
-.00021875
-.000225
-.00015
-.000221875
-.000134375
-.00015
-.000103125
-.000128125
-.000165625
-.000165625
-.000165625
-.00015
-.000184375
-.000175
-.00011875
-.00015
-9.06246e-05
-5.62496e-05
-2.18746e-05
-7.49996e-05
-7.18746e-05
-.000128125
-.00019375
-.000128125
-.00010625
4.68754e-05
4.68754e-05
-9.99996e-05
-.0001875
-.00036875
-.000259375
-7.81246e-05
-8.43746e-05
-.00010625
-2.81246e-05
-4.99996e-05
-9.37496e-05
-.000234375
-.00021875
-.000190625
-.00023125
-.000196875
-.0001125
-6.24996e-05
-2.49996e-05
4.37504e-05
5.93754e-05
6.25038e-06
-.000140625
-.000228125
-.000325
-.000209375
-8.43746e-05
1.56254e-05
4.37504e-05
-3.12462e-06
-.000125
-.000103125
-5.93746e-05
-9.68746e-05
-.000121875
-.000146875
-.000153125
-.0001625
-.000196875
-8.12496e-05
-5.93746e-05
-5.93746e-05
-.00019375
-.000134375
-.00014375
-.00015
-.000140625
-.000171875
-.000203125
-.00014375
-.00011875
4.06254e-05
.00013125
.000125
3.8147e-10
-8.12496e-05
-.000146875
-.000125
-6.56246e-05
-5.62496e-05
-4.37496e-05
-.000175
-.000209375
-.00020625
-.000225
-9.06246e-05
-6.87496e-05
-7.81246e-05
-6.24996e-05
-.000140625
-8.43746e-05
-.00010625
-.00011875
-.00019375
-.000253125
-.00019375
-4.37496e-05
-7.18746e-05
-2.81246e-05
-.00014375
-.000178125
-.00016875
-4.99996e-05
-4.68746e-05
-5.31246e-05
-.000146875
-.000128125
-.000121875
-4.37496e-05
3.12504e-05
-.000125
-.00019375
-.0001875
-.00025625
-.00025
-.0002
-.0001875
-5.62496e-05
-.0001125
-5.62496e-05
-.0001375
-5.93746e-05
3.12504e-05
7.18754e-05
6.56254e-05
-.000175
-.000171875
-.00025
-.00015625
-1.87496e-05
-2.49996e-05
-.000109375
-.00020625
-.0002125
-.000221875
-.00023125
-.00014375
-.000175
-.000140625
-.000134375
-8.74996e-05
-9.37496e-05
-5.93746e-05
-8.74996e-05
-.00014375
-.0001625
-.000153125
3.12538e-06
.0001375
-6.24996e-05
-7.49996e-05
-.000221875
-.000240625
-.000265625
-.0002
-.00015
-.000153125
-.000259375
-.000196875
-4.99996e-05
2.50004e-05
6.25004e-05
-9.37462e-06
-.0003375
-.000346875
-.0002625
-.000303125
-.00016875
3.12538e-06
4.06254e-05
5.62504e-05
-4.99996e-05
-.000125
-.00025
-.00026875
-.000265625
-.000309375
-.000165625
-.0001625
4.68754e-05
.00011875
.0001
-3.74996e-05
-.000146875
-.00031875
-.00033125
-.0003375
-.000246875
-.000228125
-.000146875
-5.93746e-05
6.25038e-06
3.75004e-05
3.12538e-06
-.000203125
-.000234375
-.00025
-.000240625
-7.49996e-05
6.87504e-05
3.75004e-05
-6.87496e-05
-.00023125
-.00026875
-.000209375
-.00016875
-5.62496e-05
-6.24962e-06
9.37504e-05
2.18754e-05
5.62504e-05
-3.12496e-05
-.00011875
-.000171875
-.000284375
-.000309375
-.00019375
-.000146875
1.56254e-05
1.87504e-05
-2.18746e-05
-.000178125
-.000315625
-.00044375
-.000396875
-.000190625
-.000253125
-9.99996e-05
-2.81246e-05
5.00004e-05
-2.18746e-05
3.8147e-10
-.00019375
-.00023125
-.000196875
-.000246875
-.00010625
6.25038e-06
-3.74996e-05
-7.49996e-05
-.000209375
-.000190625
-.000221875
-.000215625
-.00015
-.0002125
-.0002375
-.000403125
-.000378125
-.00033125
-.0002875
-.000278125
-.000121875
-.000121875
-6.56246e-05
-3.43746e-05
1.25004e-05
3.12504e-05
5.62504e-05
2.81254e-05
-6.87496e-05
-.000196875
-.000196875
-.000121875
-.000121875
-.0001375
3.12538e-06
-3.12496e-05
-.000134375
-.0002125
-.000396875
-.00034375
-.00028125
-.000196875
-6.87496e-05
-3.43746e-05
-6.87496e-05
-.000140625
-.00015625
-.000165625
-.00013125
-6.24996e-05
-4.68746e-05
-.00011875
-.0002375
-.000125
-.000103125
-1.56246e-05
3.8147e-10
3.43754e-05
-1.24996e-05
-3.43746e-05
-6.56246e-05
-.0001625
-.000328125
-.0002625
-.000240625
-.000175
-.0001875
-1.87496e-05
-4.99996e-05
-5.62496e-05
3.12538e-06
-2.18746e-05
-8.43746e-05
-7.18746e-05
-.00011875
-.000103125
-7.49996e-05
-1.24996e-05
6.56254e-05
7.50004e-05
3.75004e-05
-6.24996e-05
-.000115625
-.000209375
-.000228125
-.000184375
-.000109375
-.000103125
-.00013125
-.000246875
-.0002125
-.000221875
-.000134375
3.12538e-06
-3.12462e-06
-2.81246e-05
-6.24962e-06
-6.87496e-05
-.000215625
-.000184375
-.00019375
-.000215625
-.00010625
-3.43746e-05
-7.81246e-05
-.0001375
-.00010625
-.000171875
-.0002
-.00019375
-7.81246e-05
-.000134375
-.0001375
-.00013125
-.000196875
-.0002875
-.0001375
-4.68746e-05
-3.12496e-05
-5.62496e-05
-.000165625
-.000175
-.000209375
-.0002375
-.000165625
-.0002375
-.000115625
2.18754e-05
6.25004e-05
7.81254e-05
2.81254e-05
-.00014375
-9.99996e-05
-.000284375
-.000346875
-.00041875
-.00034375
-.000171875
6.25038e-06
.0001125
-1.24996e-05
-.000246875
-.00031875
-.0003375
-.00031875
-.00018125
-8.43746e-05
6.25038e-06
8.43754e-05
1.25004e-05
-.000134375
-.0002375
-.0002625
-.000253125
-.00014375
-6.87496e-05
-2.81246e-05
-9.06246e-05
-7.81246e-05
-.000134375
-.000228125
-.0002
-.000278125
-.0003
-.0001875
-.00010625
-2.18746e-05
3.12538e-06
-.000134375
-.000103125
-.00024375
-.0002875
-.00025625
-.000240625
-.0003125
-1.24996e-05
5.62504e-05
.00010625
5.00004e-05
-9.99996e-05
-.00016875
-.00019375
-.0002
-.00016875
-8.12496e-05
-6.87496e-05
-7.18746e-05
-5.62496e-05
-.000140625
-8.43746e-05
-7.18746e-05
-4.68746e-05
-.000115625
-.000115625
-.000184375
-.000275
-.000165625
-.000159375
-2.49996e-05
-2.18746e-05
9.37504e-05
3.43754e-05
3.12538e-06
-.00020625
-.000128125
-.000125
-9.68746e-05
-9.99996e-05
-.00010625
-.00015625
-7.49996e-05
-.000109375
-6.24996e-05
-7.81246e-05
-.00011875
-4.06246e-05
-.00014375
-.000190625
-.000225
-.00024375
-.00020625
-.0001125
-.000159375
-.000165625
-.000221875
-.00011875
-.00014375
-2.49996e-05
-.00010625
-.00011875
-.000153125
-.000290625
-.000346875
-.0004125
-.000334375
-.000121875
9.68754e-05
6.25004e-05
1.87504e-05
-8.12496e-05
-.000271875
-.000409375
-.000309375
-.000209375
-.000109375
3.75004e-05
-6.56246e-05
-6.24996e-05
-9.06246e-05
-.00023125
-.000140625
-.000175
-.000265625
-.000315625
-.00026875
-.000221875
-8.12496e-05
-.00013125
-7.49996e-05
-.00013125
-.000171875
-.000165625
-.000115625
-.00011875
-8.74996e-05
-.00010625
-8.43746e-05
-.000275
-.00026875
-.000284375
-.000303125
-.00028125
-.00025
-7.49996e-05
-2.18746e-05
-3.12496e-05
-.000134375
-.000240625
-.00030625
-.00025625
-.0002375
-.000184375
-6.56246e-05
-6.24996e-05
-2.49996e-05
-.000128125
-.000284375
-.00025
-.00020625
-.000253125
-.000215625
-.000328125
-.00021875
-4.37496e-05
4.06254e-05
3.8147e-10
-2.49996e-05
-9.99996e-05
-.000134375
-.0001625
-.00023125
-.00031875
-.0003
-.000209375
-.00015625
-6.24996e-05
-7.81246e-05
1.25004e-05
-2.49996e-05
-4.06246e-05
-9.99996e-05
-.000134375
-4.99996e-05
-4.06246e-05
-.000221875
-.000178125
-.00011875
-.000175
-.000175
-.00015625
-9.99996e-05
-.000153125
-.0002375
-.00023125
-.00014375
-.000140625
-4.68746e-05
-3.74996e-05
-.000203125
-.000340625
-.00025625
-.00019375
-7.49996e-05
-1.24996e-05
8.43754e-05
-6.24962e-06
-6.87496e-05
-.00026875
-.0003375
-.000296875
-.00026875
-.000234375
-.00016875
9.37538e-06
5.31254e-05
7.18754e-05
-.000128125
-.00029375
-.000209375
-.00019375
-.000259375
-.0002
-.000115625
-.00013125
-.000121875
-.000159375
-9.37496e-05
3.75004e-05
3.12538e-06
-.000109375
-.00025625
-.00019375
-.000259375
-.00021875
-.000165625
-.00011875
-.000115625
-.00018125
-.000275
-.000178125
-.000184375
-.000228125
-.00023125
-.00026875
-.000215625
-.000171875
-4.68746e-05
9.37538e-06
-1.56246e-05
-3.74996e-05
-9.06246e-05
-.00016875
-.000184375
-.00018125
-.000159375
-7.18746e-05
-.00010625
-.000225
-.000178125
-.000309375
-.0002625
-.000228125
-.000121875
-.00011875
-9.37496e-05
-9.06246e-05
-6.24996e-05
-.00025625
-.000253125
-.00023125
-.00024375
-.00013125
-.00010625
-3.12462e-06
-4.68746e-05
-6.87496e-05
-.00015625
-.000234375
-.000190625
-.0002
-.0002625
-.000184375
-.00018125
-.000178125
-5.62496e-05
-7.81246e-05
-3.12462e-06
-9.99996e-05
-.0002125
-.00025
-.00023125
-.0001875
-.00024375
-.00018125
-.000103125
-5.93746e-05
3.12538e-06
-3.12496e-05
2.18754e-05
-8.12496e-05
-7.81246e-05
-.00014375
-.00028125
-.00026875
-.00035625
-.000196875
-.00016875
-4.99996e-05
-5.62496e-05
-5.31246e-05
-.000240625
-.0002875
-.000325
-.000215625
-.000115625
3.12538e-06
8.75004e-05
.000175
6.25004e-05
7.18754e-05
-.000175
-.0002125
-.00026875
-.0002125
-.000203125
-4.37496e-05
-8.12496e-05
-.000140625
-.000140625
-.00024375
-.000253125
-.000271875
-.000175
-9.68746e-05
-4.68746e-05
-.0001375
-4.37496e-05
-.000109375
-.000109375
-.000259375
-.000321875
-.00028125
-.000115625
-.00011875
-9.68746e-05
3.12538e-06
1.25004e-05
-5.93746e-05
1.25004e-05
-.000184375
-.000228125
-.00025625
-.000178125
-.00015
-.000115625
-.000103125
-.00011875
-9.06246e-05
-.000290625
-.000240625
-.0002875
-.000284375
-.000165625
-.000178125
-.000115625
-.000103125
-.000175
-.0001375
-5.93746e-05
-.000134375
-.000109375
-.000184375
-.000196875
-.000175
-3.43746e-05
-3.12496e-05
-5.93746e-05
-9.99996e-05
-.000221875
-.00024375
-.000196875
-.000171875
-5.31246e-05
-2.81246e-05
-5.31246e-05
-.0001375
-.000196875
-.00021875
-.000203125
-.0001625
-.000184375
-.0002125
-.000275
-.000115625
-4.06246e-05
-5.93746e-05
-9.99996e-05
-.0001625
-.000125
-.0001125
-9.99996e-05
-.000115625
-.000125
-.000175
-9.06246e-05
-9.06246e-05
-2.18746e-05
-7.18746e-05
-8.74996e-05
-.00021875
-.000221875
-.000253125
-.00020625
-.000128125
-.000109375
-6.24996e-05
-.0001125
-5.62496e-05
-.000103125
-.00016875
-6.56246e-05
-8.43746e-05
-.000196875
-.00023125
-.000190625
-.00015
-3.43746e-05
3.12538e-06
9.37538e-06
-6.24996e-05
-.00014375
-.0002125
-.00023125
-.000171875
-8.74996e-05
-8.74996e-05
-8.74996e-05
-.000121875
-.000159375
-.0002125
-.00023125
-.000309375
-.000175
-6.87496e-05
.00010625
.00014375
2.50004e-05
-.00015625
-.00019375
-.00025
-.00026875
-.000134375
-.00015625
-.000125
-.000121875
-8.74996e-05
-.0001125
-.000146875
-.000165625
-.000265625
-.0002625
-.000353125
-.00029375
-.000121875
5.00004e-05
-3.12462e-06
4.68754e-05
-7.81246e-05
-.000171875
-.0002625
-.00025625
-.000159375
-.0001625
-.000175
-.000134375
-.000209375
-.000259375
-.000209375
-.000228125
-.00015625
-.000175
-.000184375
-3.12496e-05
-.000109375
-.000121875
-.0001625
-.0002375
-.00020625
-8.43746e-05
-.000165625
-.00015
-.00013125
-.000240625
-.000215625
-.00016875
-.000115625
-6.24996e-05
-.000146875
-9.06246e-05
-.00020625
-.000259375
-.000203125
-.00011875
-1.56246e-05
-.000190625
-.00025
-.00023125
-.0003125
-.000228125
-.0002125
-.000171875
-.00024375
-.00021875
-.000228125
-.0001625
-2.81246e-05
-6.24962e-06
-7.49996e-05
-.00013125
-.000153125
-.000278125
-.000246875
-.000134375
-.0001875
-2.81246e-05
2.81254e-05
9.37538e-06
1.56254e-05
-1.56246e-05
-.000184375
-.000271875
-.000221875
-.0002375
-.000159375
-5.93746e-05
2.18754e-05
-8.74996e-05
-.00010625
-.0001375
-.0001375
-.000140625
-.000128125
-8.74996e-05
-.00011875
-.000109375
-.00015625
-.000134375
-8.74996e-05
-.000121875
-.0001875
-.000140625
-.000128125
-.000165625
-.00021875
-.000109375
-.000115625
-6.24996e-05
-.0002
-.000278125
-.000275
-.00024375
-.00013125
-4.68746e-05
5.93754e-05
6.87504e-05
-5.62496e-05
-.000196875
-.000296875
-.0003375
-.00030625
-.000215625
-.000146875
-.000103125
-.000190625
-.0001125
-7.81246e-05
-.00011875
-.000128125
-.00013125
-.00013125
-.0001625
-.00013125
-.00016875
-.00015625
-.00014375
-8.74996e-05
-7.49996e-05
-.00015
-.00013125
-.000103125
-9.68746e-05
-.000209375
-.0002875
-.000196875
-.00014375
-9.06246e-05
-5.93746e-05
-.000103125
-.000109375
-8.43746e-05
-.000115625
-.00025
-.00035625
-.00036875
-.00033125
-.00026875
-.0002375
-1.24996e-05
-5.62496e-05
1.56254e-05
-8.43746e-05
-.000225
-.00029375
-.00020625
-7.81246e-05
-9.37462e-06
1.25004e-05
-9.06246e-05
-7.81246e-05
-.00020625
-.00025
-.00023125
-.000165625
-.000115625
-5.93746e-05
-8.74996e-05
-9.37496e-05
-.00025625
-.000240625
-.000275
-.000221875
-.00015625
-.000203125
-.000190625
-.000109375
-9.06246e-05
-5.31246e-05
-8.43746e-05
-.000159375
-.000225
-.000203125
-.000234375
-.00023125
-.0001125
-.00013125
2.18754e-05
1.25004e-05
-.000115625
-.00016875
-.000209375
-.000296875
-.000225
-.00025
-.00018125
-.00011875
-7.18746e-05
-4.37496e-05
-8.74996e-05
-3.74996e-05
-.00019375
-.000284375
-.000234375
-.000234375
-.0002375
-.000228125
-.000184375
-5.62496e-05
-1.56246e-05
2.50004e-05
3.12538e-06
-.000109375
-.00015
-.000303125
-.00025625
-.000165625
-5.31246e-05
-9.68746e-05
-.000125
-9.68746e-05
-.000159375
-.000159375
-.000146875
-7.49996e-05
-4.06246e-05
1.56254e-05
-6.24996e-05
-.000184375
-.0002375
-.000209375
-.000190625
-9.06246e-05
-6.56246e-05
-6.56246e-05
-.00016875
-.000196875
-.000290625
-.00026875
-.00025
-.000159375
-9.37496e-05
-.0002375
-.000203125
-.00015625
-8.74996e-05
-.0001375
-8.43746e-05
1.56254e-05
-3.12496e-05
-.00013125
-.000246875
-.0003
-.000171875
-.000146875
-.0002
-9.37496e-05
-7.18746e-05
-.00025
-.000284375
-.000246875
-.00010625
-3.74996e-05
-8.12496e-05
-7.18746e-05
-.000115625
-.000240625
-.00021875
-.00015
-.00014375
-.000178125
-.000225
-.00013125
-.000165625
-.000109375
-.00011875
-2.49996e-05
-.000184375
-.000278125
-.00025
-.000128125
-.000109375
-9.06246e-05
-1.56246e-05
-5.62496e-05
1.87504e-05
-7.18746e-05
-.000165625
-.000240625
-.000215625
-.000246875
-.00016875
-.000121875
-.0001125
-.000115625
-9.99996e-05
-.000153125
-.00013125
-.000225
-.00020625
-.000171875
-.0002125
-.000165625
-.00011875
-.00023125
-.00015
-.0001375
-7.49996e-05
-9.06246e-05
-.000209375
-.000228125
-.00025
-.00023125
-.000115625
-.00010625
-4.37496e-05
-1.56246e-05
-2.81246e-05
-8.74996e-05
-.000103125
-.000165625
-.00014375
-9.06246e-05
-.00015625
-.000171875
-.000159375
-.000196875
-.000109375
-.000146875
-4.99996e-05
-3.74996e-05
-9.99996e-05
-1.87496e-05
-.0001875
-.000171875
-.00015
-.000121875
3.8147e-10
2.81254e-05
-8.43746e-05
-.0001375
-.000134375
-.000171875
-.000125
-2.81246e-05
-4.06246e-05
-5.62496e-05
-.00014375
-.000225
-.00021875
-.000296875
-.000246875
-.000215625
-.000171875
-6.87496e-05
-.00015
-.000225
-.000190625
-.00016875
-.0001375
-.000175
-9.06246e-05
-.000146875
-.0001875
-.00019375
-4.06246e-05
-6.87496e-05
1.87504e-05
2.50004e-05
-8.43746e-05
-.000190625
-.00019375
-.00026875
-.000178125
-.000215625
-5.62496e-05
-6.87496e-05
-5.62496e-05
-4.68746e-05
-.0001125
-.00013125
-.0002625
-.00030625
-.00033125
-.0002375
-.000175
-.0001125
-.00010625
-2.18746e-05
-.00014375
-.0002375
-.000215625
-.000115625
-.000203125
-.00011875
-.000134375
9.37538e-06
6.25004e-05
-3.43746e-05
-4.06246e-05
-.000190625
-.0003125
-.00026875
-.000221875
-2.81246e-05
1.25004e-05
-3.74996e-05
-6.56246e-05
-.000209375
-.000259375
-.0002625
-.000171875
-5.93746e-05
1.25004e-05
-4.68746e-05
-.000140625
-.00014375
-.000178125
-.0001875
-.000259375
-.000165625
-.000203125
-.00015625
-6.56246e-05
-3.74996e-05
-5.62496e-05
-6.24996e-05
-7.49996e-05
-.000115625
-1.56246e-05
-.000165625
-.000209375
-.00020625
-.000225
-.0002
-.000215625
-.0001375
-.00013125
-9.06246e-05
-.000196875
-.000225
-.000175
-.000203125
-.00028125
-.00011875
-.0002
-.000265625
-.000215625
-4.06246e-05
-1.87496e-05
4.68754e-05
-.00016875
-.00016875
-.000190625
-.0001875
-.000128125
-8.12496e-05
-9.68746e-05
-.000121875
-.000140625
-.00021875
-.000178125
-6.56246e-05
-4.99996e-05
-.000109375
-.000190625
-.0002
-.0001625
-.00020625
-.00011875
-7.49996e-05
-.00010625
-.000125
-.00010625
-.00011875
-9.68746e-05
-.000153125
-.000175
-.000178125
-.000225
-.00023125
-.0001125
-8.74996e-05
-.000165625
-.0001625
-.000125
-6.24996e-05
-.000115625
-.0001375
-5.31246e-05
-3.74996e-05
-.000165625
-.00016875
-.000259375
-.0002625
-.000184375
-.000196875
-.000146875
-5.31246e-05
-5.93746e-05
-9.37462e-06
5.31254e-05
3.12538e-06
-.000109375
-.00026875
-.0003
-.000209375
-.000246875
-.0002
-.000165625
-.000103125
-.000121875
-.00021875
-.000209375
-.000171875
-.000134375
-5.93746e-05
-9.99996e-05
-.000240625
-.0001625
-.00015625
-.00013125
-2.18746e-05
9.37504e-05
7.81254e-05
1.87504e-05
-.00014375
-.000175
-.000278125
-.00031875
-.00025
-.000153125
-7.81246e-05
9.06254e-05
-2.49996e-05
-.000140625
-.000215625
-.000275
-.000221875
-.0002125
-.0002375
-.000221875
-.00019375
-.000146875
-9.99996e-05
3.43754e-05
.00010625
-3.12496e-05
-8.74996e-05
-.000228125
-.000390625
-.0003
-.00021875
-.00020625
-6.24996e-05
-6.24996e-05
-8.74996e-05
-1.87496e-05
-.00015
-.00030625
-.000209375
-.000159375
-.0001125
-8.12496e-05
-.0001375
-.000128125
-1.87496e-05
4.06254e-05
3.8147e-10
-1.87496e-05
-.000128125
-.00011875
-.000178125
-.000228125
-.00014375
-.000225
-.000228125
-.0001125
-.0001625
-9.99996e-05
-.000271875
-.000278125
-.0002125
-6.56246e-05
1.87504e-05
-1.87496e-05
-9.06246e-05
-.000190625
-.000171875
-.0001125
-.00010625
-.0002375
-.00018125
-.000134375
-7.18746e-05
-.000190625
-.000109375
-.00019375
-.000165625
-7.49996e-05
-.000184375
-.000184375
-.00023125
-.000190625
-.000159375
3.43754e-05
1.87504e-05
3.12538e-06
-5.62496e-05
-.000153125
-.000221875
-.000290625
-.000309375
-.0002875
-.000153125
-8.43746e-05
-4.06246e-05
2.81254e-05
-1.24996e-05
-.000121875
-.000140625
-.00024375
-.000290625
-.00030625
-.000375
-.00030625
-.00014375
-1.87496e-05
1.25004e-05
-1.56246e-05
-.0001125
-.00020625
-.0002125
-.00025
-.00023125
-4.68746e-05
-8.43746e-05
3.8147e-10
-.0001125
-.00011875
-.0003375
-.0002375
-.000228125
-.00016875
-.0001125
-.0002
-9.99996e-05
-.0001375
-.000203125
-5.62496e-05
-.000103125
-.00015625
-9.68746e-05
-.000140625
-.000175
-.0001125
-.000321875
-.000140625
-6.56246e-05
3.75004e-05
-3.12462e-06
-3.74996e-05
-.000190625
-.000296875
-.0002
-.000128125
-9.06246e-05
-5.62496e-05
6.56254e-05
3.43754e-05
-7.81246e-05
-.000175
-.00036875
-.000275
-.000196875
-.0001875
-.00025
-9.06246e-05
-1.24996e-05
5.62504e-05
.000159375
-2.81246e-05
-.000165625
-.000234375
-.000346875
-.0002625
-.000165625
-8.74996e-05
3.43754e-05
3.43754e-05
1.87504e-05
-5.93746e-05
-.000121875
-.000178125
-.00013125
-.00020625
-.000225
-.000128125
-.000190625
-4.37496e-05
-8.43746e-05
-.0001875
-.000121875
-.000103125
-9.06246e-05
-.000146875
-.0001375
-.00019375
-.0002375
-.000284375
-.00021875
-.000121875
1.87504e-05
7.50004e-05
2.50004e-05
-4.99996e-05
-8.12496e-05
-.0001625
-.000134375
-.00021875
-.000290625
-.000284375
-.000190625
-.000171875
-5.93746e-05
4.68754e-05
-6.87496e-05
-.000146875
-.000221875
-.00024375
-.000184375
-.000321875
-.00020625
-.000215625
-.000184375
-9.37462e-06
-7.18746e-05
-3.74996e-05
-.000171875
-.000125
-8.43746e-05
-.000115625
-.000103125
-.000140625
-8.43746e-05
-.000153125
-.0001625
-.000159375
-.000140625
-.00011875
-.0002375
-.000234375
-.000353125
-.000228125
-.000140625
-.00013125
-9.99996e-05
-.00010625
-.0002
-.000296875
-.000271875
-.000209375
-2.49996e-05
-3.12462e-06
6.87504e-05
-8.74996e-05
-.000115625
-.000109375
-.000184375
-.000125
-.000159375
-.0002625
-.000115625
-.00015
-.000140625
-1.87496e-05
-.00011875
-.0001875
-.000228125
-.000309375
-.0003
-.000253125
-.000178125
-8.12496e-05
-2.49996e-05
5.93754e-05
3.12504e-05
3.43754e-05
8.12504e-05
-1.87496e-05
-.00016875
-.000246875
-.0002125
-.000290625
-.00014375
-.0001125
-9.37462e-06
-2.18746e-05
-8.43746e-05
-7.49996e-05
-.000165625
-.000190625
-.000265625
-.00033125
-.000296875
-.000159375
-7.81246e-05
-7.81246e-05
2.18754e-05
4.68754e-05
-3.43746e-05
-.000209375
-.0002
-.000134375
-.000109375
9.37538e-06
1.87504e-05
-.000109375
-9.37496e-05
-.000146875
-.000171875
-.000253125
-.000171875
-.00011875
-4.06246e-05
2.18754e-05
-8.12496e-05
-.000171875
-.00029375
-.000275
-.000265625
-.000228125
-.000140625
-8.74996e-05
-6.24962e-06
-4.06246e-05
2.81254e-05
-4.37496e-05
-4.68746e-05
-8.12496e-05
-.00014375
-.000125
-.00010625
-.000234375
-.00011875
-1.56246e-05
4.68754e-05
-6.24962e-06
-7.18746e-05
-.000165625
-.00023125
-.000303125
-.00024375
-.000215625
-.0002875
-.000259375
-.00021875
-.00013125
-9.06246e-05
-3.12462e-06
-1.87496e-05
-.0001625
-.0002375
-.000275
-.000321875
-.000253125
-.000125
-3.74996e-05
1.25004e-05
4.06254e-05
6.25004e-05
-6.56246e-05
-7.81246e-05
-.00016875
-.000203125
-.0001875
-.000128125
-.000228125
-.00014375
-.000125
-.0001875
-.00023125
-9.99996e-05
-.00015
-.0001625
-.000171875
-.00016875
-.00030625
-.00020625
-.000221875
-.0002
-.000184375
-9.37496e-05
-4.68746e-05
-2.18746e-05
-4.68746e-05
-.00015
-.00013125
-7.18746e-05
-.000103125
-.000134375
-.00026875
-.000153125
-.00015625
3.12538e-06
-3.12496e-05
.000103125
2.81254e-05
-.000153125
-.00030625
-.00036875
-.000375
-.000303125
-.000125
-3.43746e-05
3.12504e-05
2.81254e-05
6.25038e-06
-2.49996e-05
3.8147e-10
-.00010625
-.000171875
-.00018125
-.000225
-.000240625
-.0001625
-8.74996e-05
-3.43746e-05
3.12504e-05
-6.87496e-05
-6.87496e-05
-.0001375
-.000171875
-.000159375
-.000165625
-.0001125
-2.18746e-05
-3.43746e-05
-9.06246e-05
-9.99996e-05
-8.43746e-05
-.000134375
-9.99996e-05
-.000128125
-5.62496e-05
-7.81246e-05
-.000171875
-6.56246e-05
-.000165625
-.000146875
-.0002625
-.000109375
3.12538e-06
-1.24996e-05
-.000128125
-.000221875
-.000103125
-.00018125
-.00010625
-.000175
-.0001875
-.00025625
-.000190625
-.0001375
1.25004e-05
2.81254e-05
.000109375
-4.68746e-05
-8.43746e-05
-.0002375
-.00020625
-.000221875
-.000215625
-.000125
-.00015
-.000225
-.0001625
-.000240625
-.00025
-.000203125
-.000165625
-.00015625
-.000278125
-.00025
-.000146875
3.8147e-10
-8.12496e-05
-5.93746e-05
-.00015625
-.000115625
-7.49996e-05
-5.62496e-05
-.000140625
-.00015
-.00015
-2.81246e-05
-8.74996e-05
-.00021875
-.0002625
-.000346875
-.000296875
-6.24962e-06
8.43754e-05
8.12504e-05
-2.18746e-05
-.000178125
-.00020625
-.000328125
-.000365625
-.000309375
-.00020625
-.000146875
-5.93746e-05
5.00004e-05
3.43754e-05
-.00010625
-4.37496e-05
-7.81246e-05
-9.37496e-05
-.0002625
-.000228125
-.00025625
-.00015
-.0001125
3.75004e-05
-1.24996e-05
-.00011875
-.00019375
-.00019375
-.000134375
-.000275
-.000334375
-.000259375
-.0001875
-.000103125
1.56254e-05
9.37538e-06
6.25038e-06
-.000109375
-.000103125
-.000178125
-.00023125
-.000275
-.000275
-.000171875
-.000165625
-7.18746e-05
-9.68746e-05
-1.87496e-05
-3.12496e-05
-.000103125
-.00015
-.000178125
-9.99996e-05
-6.56246e-05
-2.81246e-05
-5.62496e-05
-.000128125
-.000146875
-.000165625
-.0001875
-.00023125
-9.99996e-05
-8.43746e-05
-4.06246e-05
-.00010625
-.000221875
-.000146875
-.000140625
-.00023125
-.000153125
-.00013125
-.000103125
-.000178125
-9.68746e-05
-.000196875
-.0001375
-.0001375
-6.87496e-05
-.00014375
-.000103125
-.000125
-.00014375
-.000225
-.000159375
-2.18746e-05
7.18754e-05
-9.37462e-06
-9.06246e-05
-.00024375
-.000275
-.000171875
-.00024375
-.00029375
-.0003
-.00015625
-3.74996e-05
.00010625
2.81254e-05
3.12538e-06
-2.49996e-05
-.00010625
-.000134375
-.000321875
-.00024375
-.000184375
-5.62496e-05
-6.24996e-05
-8.43746e-05
-.000165625
-.00020625
-.000228125
-.000153125
-.000175
-.000221875
-.00025
-.00024375
-.000246875
-.000125
-.00025625
-.0001625
-8.12496e-05
-3.43746e-05
1.56254e-05
-4.06246e-05
-.000196875
-.000225
-.000290625
-.000215625
-.0001375
-.000103125
-.00011875
-.00011875
-5.93746e-05
-.00011875
-.000184375
-.0002
-.00018125
-.0001375
-.000159375
-.000259375
-.000128125
-.00014375
-.000178125
-.000209375
-.000190625
-.000171875
-.0001875
-9.68746e-05
-.00026875
-.000240625
-.00013125
-.00010625
-6.24996e-05
-9.99996e-05
-5.31246e-05
-9.06246e-05
-9.68746e-05
-.000134375
-.000140625
-.000209375
-.00020625
-.00010625
-.0002
-.00016875
-.00025625
-.000165625
-.0002
-.00013125
-.000134375
-.0001625
-8.12496e-05
-.00013125
-8.74996e-05
-.000103125
-9.06246e-05
-.000184375
-.00018125
-.000203125
-.000165625
-.000190625
-8.12496e-05
-2.81246e-05
4.37504e-05
-3.12462e-06
2.18754e-05
-3.43746e-05
-7.49996e-05
-.0001875
-.000178125
-.000171875
-8.74996e-05
-3.74996e-05
-7.18746e-05
-.000184375
-.000184375
-.0001625
-9.37496e-05
-6.56246e-05
-8.43746e-05
-.000196875
-.000246875
-.000240625
-.00011875
-7.49996e-05
-6.24962e-06
.000103125
-3.74996e-05
-.00011875
-.00018125
-.000290625
-.0002125
-.00013125
-.00011875
-4.99996e-05
-.0001125
-1.24996e-05
-4.06246e-05
-2.81246e-05
-.0001125
-.00013125
-.000203125
-.0002625
-.000309375
-.000296875
-.0002125
-.000228125
-.0001625
-9.37496e-05
-9.99996e-05
-.000109375
-.00014375
-.0002125
-9.99996e-05
-4.37496e-05
-8.12496e-05
-1.87496e-05
-.000171875
-.000246875
-.00034375
-.0003
-8.43746e-05
-5.93746e-05
-3.74996e-05
-6.24996e-05
-.000140625
-.00018125
-.000184375
-.000209375
-.000234375
-.000215625
-.00019375
-.000128125
-.000178125
-.000196875
-.000146875
-.000128125
-9.37496e-05
-.0002125
-.000178125
-.000171875
-.000275
-.00020625
-.000203125
-7.49996e-05
9.37504e-05
7.50004e-05
5.93754e-05
5.00004e-05
-.00026875
-.00033125
-.00031875
-.00034375
-.000284375
-.00023125
-1.56246e-05
.000121875
6.87504e-05
-3.12462e-06
-.000115625
-.0002625
-.000265625
-.000325
-.00036875
-.0002375
-9.99996e-05
7.18754e-05
.00015
.0001125
-2.81246e-05
-.00014375
-.00025625
-.000221875
-.00019375
-.000109375
-1.24996e-05
-1.87496e-05
-7.49996e-05
-.000146875
-.00016875
-.000284375
-.000115625
-.000146875
-.000134375
-.000128125
-.00015625
-.00019375
-.000190625
-.0001625
-.0002125
-.0001875
-9.99996e-05
-3.43746e-05
4.06254e-05
-4.37496e-05
-.000109375
-.000225
-.0002875
-.0002875
-.000253125
-.0001875
-.000184375
-.00014375
-.0001875
-9.99996e-05
1.25004e-05
-9.06246e-05
-1.87496e-05
-.000128125
-.0003125
-.00026875
-.000290625
-.000203125
-.00011875
-6.24996e-05
-.00016875
-.000165625
-.000109375
-.00013125
-8.12496e-05
-9.68746e-05
-.000103125
-.000178125
-.000246875
-.000196875
-.000184375
-.00014375
-.00014375
-.000178125
-.000271875
-.000315625
-.000309375
-.000221875
-.00010625
-6.87496e-05
-4.99996e-05
-1.87496e-05
-9.68746e-05
-6.24996e-05
-.000103125
-.000209375
-.000240625
-.000171875
-5.31246e-05
-6.56246e-05
-.000178125
-.00016875
-.000184375
-.000159375
-.000128125
-.000215625
-.000125
-6.87496e-05
-9.37496e-05
-.000125
-.00015
-.0002
-.000184375
-.000140625
-.000253125
-.000209375
-.0001375
-.00014375
-5.93746e-05
1.25004e-05
-6.24996e-05
-.0001125
-.0001375
-.00021875
-.000184375
-.00028125
-.0001625
-.000178125
-.00018125
-.0001375
-.000196875
-.000146875
-8.43746e-05
-.000125
-.00015
-6.24996e-05
-6.87496e-05
-6.24996e-05
-.00015
-.0002375
-.000296875
-.000171875
-.000175
-1.87496e-05
2.18754e-05
-3.74996e-05
-4.68746e-05
-8.74996e-05
-9.06246e-05
-.000140625
-.000246875
-.0002375
-.0001875
-.0001375
-.000109375
-3.74996e-05
-2.81246e-05
-4.06246e-05
-7.49996e-05
-.0002
-.00025
-.0002875
-.000190625
-7.18746e-05
-3.74996e-05
-6.24996e-05
-.000128125
-.0001625
-.000259375
-.00021875
-.0001375
-.00011875
-.000109375
-.00015625
-5.62496e-05
-.00014375
-.000175
-.000128125
-9.37496e-05
-.000103125
-6.24962e-06
-5.31246e-05
-.000159375
-.00019375
-.00026875
-.000284375
-.000221875
-.000128125
-.00011875
-3.12496e-05
-8.43746e-05
-4.68746e-05
-.00015
-.000134375
-.000184375
-.0002
-.000240625
-8.12496e-05
-3.74996e-05
-8.12496e-05
-9.06246e-05
-.000203125
-.000190625
-.000240625
-.00024375
-.000178125
-.0001125
-6.56246e-05
1.87504e-05
-.000103125
-.00011875
-.00019375
-.000290625
-.000296875
-.0003
-.000184375
-4.06246e-05
-3.12496e-05
-3.12496e-05
-9.06246e-05
-.00016875
-.000403125
-.000421875
-.000271875
-.00020625
-2.18746e-05
9.37538e-06
4.37504e-05
-6.56246e-05
-.000178125
-.000109375
-.000121875
-.000125
-.000184375
-.000234375
-.000275
-.00015625
-.00011875
-6.56246e-05
-9.37496e-05
-4.37496e-05
-3.12496e-05
-5.93746e-05
-.0001125
-.00020625
-.000246875
-.00019375
-.0002125
-.000146875
-6.24996e-05
2.81254e-05
-4.68746e-05
-1.87496e-05
-3.43746e-05
-.000159375
-.00025625
-.000290625
-.0002875
-.00013125
-9.37496e-05
-3.12496e-05
3.12504e-05
-1.24996e-05
-8.12496e-05
-6.24996e-05
-.00021875
-.000209375
-.0001375
-5.31246e-05
4.06254e-05
4.37504e-05
-3.43746e-05
-.000140625
-.000253125
-.000321875
-.0002875
-.000209375
-6.56246e-05
-2.81246e-05
-3.43746e-05
-.000175
-.0003
-.00023125
-.00016875
-.00019375
-.000175
-.000128125
-.00011875
-1.24996e-05
-1.87496e-05
-9.99996e-05
-.000115625
-.00010625
-.000178125
-.000225
-.0002125
-.000209375
-.000109375
-4.06246e-05
-7.49996e-05
-6.56246e-05
-.00010625
-3.74996e-05
-.000128125
-.000171875
-.0002125
-.000228125
-.000228125
-.00015625
-.00020625
-.0001625
-3.12496e-05
-5.62496e-05
9.68754e-05
-1.56246e-05
-4.06246e-05
-.00018125
-.00021875
-.000196875
-.0002
-.00011875
-7.49996e-05
-.000121875
-.000140625
-.000171875
-.00018125
-.0003
-.000178125
-.000140625
-.000184375
-.00018125
-.000140625
-8.74996e-05
-3.74996e-05
-9.68746e-05
-3.43746e-05
-.000165625
-8.74996e-05
-8.74996e-05
-1.87496e-05
3.8147e-10
-.0001625
-.00025625
-.000228125
-.000178125
-7.18746e-05
-.000103125
-.000184375
-.0001625
-.000259375
-.000190625
-.00025
-.000190625
-.000171875
-.000284375
-.000259375
-.0002875
-.00020625
-9.37496e-05
.00013125
.00013125
9.37538e-06
-.000103125
-.00015625
-.000234375
-.000190625
-.00023125
-.000146875
-.000165625
-9.06246e-05
-1.24996e-05
1.25004e-05
-4.06246e-05
-.000103125
-.00021875
-.000328125
-.0003375
-.00034375
-.000265625
-.000215625
-5.62496e-05
6.87504e-05
-4.06246e-05
-9.99996e-05
-.0001375
-.000225
-.00028125
-.000290625
-.0002
-.000140625
-6.24996e-05
-5.93746e-05
-2.49996e-05
-.00015
-.000159375
-9.68746e-05
-.000115625
-4.68746e-05
5.93754e-05
-7.49996e-05
-.0001875
-.0002125
-.000315625
-.000246875
-.000215625
-.000125
-6.24996e-05
-9.99996e-05
-5.93746e-05
-7.49996e-05
-.00015
-6.24996e-05
-.000103125
-.00010625
-.000134375
-.000128125
-.000153125
-.000109375
-.00013125
-7.18746e-05
-2.18746e-05
-.00013125
-.000175
-.000203125
-.000175
-.000109375
-.0002125
-.000184375
-.000165625
-7.18746e-05
-.00014375
-.00016875
-.00015625
-.0001625
-.00015625
-.00016875
-.000196875
-.00015625
-.000140625
-.00031875
-.000234375
-.000209375
-.00015
-.000115625
-.00014375
-.00020625
-.00015
-4.37496e-05
-3.12496e-05
2.50004e-05
-8.12496e-05
-.000134375
-.00025
-.00020625
-9.06246e-05
-4.06246e-05
1.25004e-05
7.50004e-05
-.000109375
-.000178125
-.00029375
-.000340625
-.000390625
-.00035625
-.00034375
-.000178125
-6.24996e-05
7.81254e-05
.000121875
-5.62496e-05
-.000134375
-.000228125
-.000140625
-.000175
-.000175
-7.49996e-05
-4.37496e-05
-2.81246e-05
9.37538e-06
-3.43746e-05
-5.93746e-05
-.00015625
-.000309375
-.000446875
-.000378125
-.000228125
-4.99996e-05
-8.43746e-05
-6.24996e-05
-.000184375
-.000275
-.0003
-.000225
-.00014375
-.000153125
-.00024375
-.000290625
-.000175
-.00010625
3.12538e-06
6.25004e-05
-5.31246e-05
-.000134375
-.000128125
-8.43746e-05
-9.37462e-06
-4.99996e-05
-.000121875
-.00021875
-.000246875
-.000346875
-.00035625
-.000334375
-.00025
-.00024375
-9.99996e-05
-9.37496e-05
-.00019375
-7.49996e-05
-3.74996e-05
-7.81246e-05
-.000165625
-.0002875
-.000215625
-.00011875
5.93754e-05
2.81254e-05
-3.12462e-06
-7.81246e-05
-4.06246e-05
-9.06246e-05
-9.37462e-06
-.00015
-.00028125
-.000253125
-.00025625
-.00020625
-.000115625
-5.31246e-05
-4.37496e-05
-.00015625
-6.87496e-05
-.00013125
-.00023125
-.00028125
-.00013125
-.000140625
-8.43746e-05
3.8147e-10
1.25004e-05
-4.37496e-05
4.06254e-05
-9.68746e-05
-.0001125
-.000165625
-.0001625
-.0002375
-.00033125
-.000309375
-.000159375
-.000178125
-5.62496e-05
-.0002125
-.0002375
-.000259375
-.000278125
-.000325
-.000209375
-.000159375
-8.74996e-05
-.000134375
-.00018125
-.000190625
-9.68746e-05
-9.37496e-05
9.37538e-06
4.68754e-05
3.43754e-05
-8.74996e-05
-3.43746e-05
-.000109375
-9.06246e-05
-.000175
-.00018125
-.000240625
-.000153125
-.000134375
-.00013125
-.000171875
-.000140625
-.000171875
-.000184375
-.00021875
-.00020625
-.000178125
-.000228125
-.00016875
-.00021875
-3.43746e-05
.000103125
.00011875
6.25004e-05
-.000125
-.00020625
-.000278125
-.000146875
-3.43746e-05
-7.18746e-05
-.00020625
-.0002375
-8.12496e-05
-7.18746e-05
-.000175
-.0002375
-.000303125
-.00033125
-.00035625
-.000284375
-.000184375
-.0001625
-.000140625
-.00011875
-8.74996e-05
3.8147e-10
-.000159375
-5.62496e-05
-.000159375
-.00013125
-.00016875
-.00015
-.000275
-.000184375
-.000221875
-.000209375
-.000196875
-7.49996e-05
4.68754e-05
3.75004e-05
6.25004e-05
-.000121875
-.00028125
-.000378125
-.000253125
-.000246875
-.0002375
-.000225
-6.56246e-05
-8.43746e-05
-.000103125
-2.18746e-05
-9.37496e-05
-4.37496e-05
-.00013125
-.000203125
-.000115625
9.37538e-06
9.68754e-05
2.50004e-05
-3.12462e-06
-2.81246e-05
-9.06246e-05
-.0001625
-.0002375
-.0003
-.000328125
-.000209375
-.000134375
-3.74996e-05
-9.37496e-05
-.00018125
-.00016875
-3.43746e-05
-1.56246e-05
-3.74996e-05
-5.62496e-05
-.000115625
-.000190625
-.000184375
-.000309375
-.000215625
-.00014375
-.00010625
-7.81246e-05
-5.93746e-05
-.00024375
-.000246875
-.0001875
-.000190625
-.000184375
-.00013125
-.000184375
-.00021875
-.000115625
-.00010625
-7.49996e-05
-.000125
-.000171875
-.000175
-.000215625
-.00021875
-.000296875
-.0004125
-.000259375
-8.43746e-05
-9.37496e-05
3.12504e-05
-4.37496e-05
-1.87496e-05
-7.81246e-05
-.000125
-.000203125
-.000175
-.0002625
-.000221875
-.000159375
-.000125
-3.74996e-05
-.0001125
-3.43746e-05
-6.87496e-05
-.0002375
-.00018125
-.0002875
-.000240625
-.00024375
-.000203125
-.000121875
-.000128125
-5.93746e-05
3.12538e-06
-.000103125
-.000228125
-.00023125
-.00014375
-.000146875
-.000128125
-.00015625
-.000140625
-.00025
-.000228125
-.00018125
-8.43746e-05
-.000234375
-.000140625
-.000253125
-.000140625
-4.99996e-05
-.000146875
-.0001375
-.00015
-.00024375
-.00025
-.00019375
-.000184375
-.00010625
-1.56246e-05
-4.37496e-05
-.00010625
-.000165625
-9.99996e-05
-.000134375
-.000175
-.0001875
-.00016875
-8.12496e-05
-3.12496e-05
-5.31246e-05
-.00013125
-.000215625
-.000225
-.000296875
-.000196875
-.000209375
-.00025625
-.000203125
-7.18746e-05
-2.49996e-05
1.87504e-05
8.43754e-05
-4.37496e-05
-4.06246e-05
-.00020625
-.000234375
-.000353125
-.000209375
-.000171875
-6.56246e-05
4.06254e-05
-3.12496e-05
-.00016875
-.00028125
-.000184375
-.00018125
-.000184375
-.000203125
-.000178125
-9.37496e-05
-6.87496e-05
-.00018125
-.000134375
-.000171875
-.0002
-.0002625
-.000109375
-.00014375
-.000146875
-4.68746e-05
-2.18746e-05
-2.81246e-05
-5.93746e-05
-.00019375
-.000165625
-.0002
-.000115625
-.000125
-5.93746e-05
3.12504e-05
-5.31246e-05
-.000209375
-.0002625
-.0002875
-.000265625
-.0001875
-.000159375
-.00018125
-9.06246e-05
-.00015
-.000184375
-.00018125
-.00024375
-.000140625
-6.56246e-05
-6.56246e-05
-.00016875
-.00015625
-.00015
-.000190625
-.000184375
-9.68746e-05
7.81254e-05
4.37504e-05
-3.12462e-06
-7.49996e-05
-.000271875
-.0003125
-.000228125
-.00010625
-.000121875
-9.37496e-05
-9.06246e-05
-.000246875
-.000184375
-.000125
-.000171875
-.0002
-.00029375
-.000265625
-.000259375
-.0002
-6.56246e-05
6.25004e-05
-5.62496e-05
-6.24996e-05
-7.49996e-05
-.000109375
-.000134375
-5.31246e-05
-1.56246e-05
-.00010625
-9.99996e-05
-.0001875
-.0002625
-.00026875
-.00015625
-.000125
-9.99996e-05
-7.81246e-05
-.00020625
-.00025
-.00031875
-.000315625
-.000184375
-.000253125
-.00016875
-6.24996e-05
-4.68746e-05
-4.37496e-05
-.000125
-.00015625
-.0002625
-.00021875
-.000203125
-.000128125
1.56254e-05
4.37504e-05
-2.18746e-05
-3.74996e-05
9.37538e-06
4.37504e-05
-2.49996e-05
-.000140625
-.000259375
-.00035625
-.000296875
-.000253125
-.00023125
-.00018125
-.00010625
-.000178125
-.000190625
-.00016875
-4.37496e-05
-6.24996e-05
9.37538e-06
-.000103125
-.000103125
-.000178125
-.000159375
-.000165625
-9.06246e-05
-3.43746e-05
-8.12496e-05
-.000125
-8.43746e-05
-.00015625
-.000225
-.000178125
-.000146875
-.000134375
-.000165625
-.00018125
-.000228125
-.00021875
-.00025625
-.000121875
-.00018125
-.000159375
-.0002125
-.000178125
-.00013125
-5.62496e-05
-2.49996e-05
-2.18746e-05
-1.56246e-05
-9.68746e-05
-9.68746e-05
-9.06246e-05
-1.87496e-05
-4.99996e-05
-.00011875
-.00016875
-.00024375
-.000325
-.000284375
-.000309375
-.000328125
-.00023125
-.0001375
-3.12496e-05
6.25038e-06
-7.49996e-05
-.000140625
-.00015
-.00020625
-.000253125
-.00015
-6.24996e-05
.000109375
5.62504e-05
2.81254e-05
-.000125
-9.99996e-05
-.000121875
-.0001625
-.000215625
-.000225
-.0001625
-1.56246e-05
2.81254e-05
-2.18746e-05
9.37538e-06
-.000115625
-.000265625
-.0002875
-.000315625
-.000271875
-.000165625
-.000140625
3.8147e-10
-9.37462e-06
-.00014375
-.000209375
-.000321875
-.0002875
-8.74996e-05
-3.12496e-05
.00014375
.0001125
9.37538e-06
-8.74996e-05
-.000109375
-.00020625
-.0002875
-.000271875
-.0001125
-.0001625
-9.37496e-05
-.000125
-.000134375
-.000140625
-.000215625
-.000225
-.0002375
-.000296875
-.000309375
-.0002
3.12538e-06
3.12504e-05
9.06254e-05
6.56254e-05
9.37538e-06
-9.99996e-05
-.000146875
-.000225
-.000171875
-.0002125
-8.74996e-05
2.81254e-05
.000134375
4.37504e-05
-3.74996e-05
-8.12496e-05
-.0001625
-.0002125
-.00021875
-.000234375
-.000178125
-.000184375
-.00024375
-.000225
-.00023125
-9.68746e-05
-.000121875
-.00014375
-.0001125
-3.43746e-05
-4.06246e-05
-4.06246e-05
-8.74996e-05
-3.43746e-05
-2.81246e-05
-.000171875
-.00013125
-.000115625
-7.49996e-05
-4.06246e-05
-8.43746e-05
-.000215625
-.000296875
-.000265625
-.0003625
-.0002375
-.0002125
-6.56246e-05
-5.31246e-05
-6.24962e-06
-8.43746e-05
-9.99996e-05
-.00013125
-.000153125
-.000271875
-.000325
-.000275
-.000159375
-.000165625
-7.81246e-05
-4.68746e-05
-7.49996e-05
-6.56246e-05
-1.56246e-05
-.000125
-.00016875
-.00020625
-.000184375
-.000125
-.000175
-.000165625
-.0001125
-.000121875
-.000165625
-.000146875
-.000125
-3.12462e-06
-.0001125
-.000221875
-.000209375
-.00018125
-.000128125
-.000125
-8.12496e-05
-8.43746e-05
-6.56246e-05
-7.81246e-05
-.000121875
-.000115625
-.0001375
-5.62496e-05
-8.12496e-05
-.000146875
-.000165625
-.0001625
-.0001375
-5.31246e-05
-2.81246e-05
6.25038e-06
3.8147e-10
-6.87496e-05
-.00016875
-.000215625
-.00025625
-.000346875
-.0001875
-.00015
-2.81246e-05
-3.12462e-06
-1.87496e-05
-9.99996e-05
-.000153125
-.000146875
-.0003
-.000165625
-9.37496e-05
-8.12496e-05
-.000109375
-.000140625
-4.99996e-05
-.00010625
-7.81246e-05
-9.68746e-05
-7.81246e-05
-9.37496e-05
-.000234375
-.0003125
-.000240625
-.000278125
-.000221875
-.000225
-.000134375
-7.49996e-05
-.000125
-.00015625
-.00013125
-.000178125
-7.81246e-05
-8.43746e-05
-.00025625
-.000275
-.000128125
-7.81246e-05
3.43754e-05
6.87504e-05
-6.56246e-05
-8.43746e-05
-.000128125
-6.56246e-05
4.68754e-05
1.56254e-05
-8.74996e-05
-.000221875
-.000275
-.000271875
-.00020625
-.00026875
-.000240625
-.00018125
-.000125
-3.12496e-05
-.0001375
-.000178125
-.00021875
-.00029375
-.00026875
-.000225
-.00014375
-7.18746e-05
1.56254e-05
9.06254e-05
-4.68746e-05
-.00015
-.00016875
-.000215625
-.000190625
-.000209375
-.000196875
-.00011875
-.00013125
-5.62496e-05
-9.37496e-05
-8.43746e-05
-6.87496e-05
-.000246875
-.000278125
-.000346875
-.000346875
-.0002
-6.24996e-05
-4.99996e-05
-.000128125
-9.99996e-05
-.00013125
-.000159375
-4.99996e-05
-.000175
-9.99996e-05
-.000109375
-.000165625
-.000165625
-.00013125
-.0001375
-2.18746e-05
-.0001125
-9.06246e-05
-6.87496e-05
-.0002
-.00016875
-.000128125
-.000109375
-.000171875
-.000203125
-.000290625
-.0003375
-.000196875
-.000140625
-.000125
-6.56246e-05
3.8147e-10
-6.87496e-05
-5.31246e-05
-.00014375
-.000125
-.000175
-.0001625
-.00011875
-2.18746e-05
4.68754e-05
-4.99996e-05
-9.06246e-05
-.000175
-7.81246e-05
-.00019375
-.00020625
-.000234375
-.00023125
-.00025
-.0001875
-.000146875
-.000159375
-8.74996e-05
-5.62496e-05
-.00010625
-.000121875
-.00025625
-.000246875
-.0002
-.000125
-4.68746e-05
-7.49996e-05
2.81254e-05
3.12538e-06
-9.37462e-06
2.81254e-05
3.12504e-05
-3.74996e-05
-.000171875
-.000225
-.000309375
-.00035
-.000259375
-.00019375
-5.62496e-05
1.87504e-05
-.000165625
-.000209375
-.000253125
-.000296875
-.0002625
-.00028125
-.000175
1.56254e-05
-3.12496e-05
2.18754e-05
-6.24996e-05
-.000115625
-3.12496e-05
-6.56246e-05
-9.37462e-06
-9.37496e-05
-.0002125
-.000228125
-.0003
-.00018125
-.000234375
-.000328125
-.0002
-9.99996e-05
-.00010625
-3.43746e-05
-.000153125
-.000284375
-.00024375
-.0002375
-.000290625
-.00031875
-.00030625
-.000171875
-.000103125
2.50004e-05
9.68754e-05
7.18754e-05
1.25004e-05
-6.87496e-05
-8.74996e-05
-.000134375
-.000103125
-.0001625
-.000125
-3.12496e-05
-5.93746e-05
-.0001625
-.00019375
-.000315625
-.000321875
-.00029375
-.000278125
-.000284375
-.000209375
-.000196875
-.00014375
-3.43746e-05
1.25004e-05
-6.24962e-06
6.25038e-06
-5.31246e-05
9.37538e-06
9.37538e-06
3.12504e-05
5.31254e-05
9.37538e-06
-8.43746e-05
-7.81246e-05
-.00015625
-.0002125
-.0001625
-.000175
-4.99996e-05
-6.24962e-06
-7.18746e-05
-.000146875
-.000246875
-.000353125
-.000359375
-.00025
-.0003625
-.00029375
-.000121875
-3.12496e-05
3.75004e-05
-6.24962e-06
-8.74996e-05
-5.62496e-05
-7.18746e-05
-2.49996e-05
-1.56246e-05
-2.18746e-05
3.8147e-10
-2.18746e-05
4.68754e-05
.0001625
2.50004e-05
-5.93746e-05
-.000346875
-.0004
-.000346875
-.000234375
-4.99996e-05
-.0001125
-8.74996e-05
-.00010625
-5.31246e-05
-.0001125
-.000234375
-.000259375
-.0002
-.000184375
-.000190625
-6.24996e-05
-3.74996e-05
-9.37462e-06
-3.12496e-05
9.37538e-06
-3.12496e-05
-.000228125
-.000115625
-2.18746e-05
-6.87496e-05
-3.74996e-05
-.000165625
-.000178125
-.0002375
-.00029375
-.000325
-.000353125
-.000321875
-.000303125
-.000175
-5.62496e-05
-4.68746e-05
-3.74996e-05
-.000125
-.000153125
-.00013125
-.000109375
-.00013125
-.000203125
-4.68746e-05
-3.43746e-05
-.000128125
-6.24996e-05
-.0001125
-9.99996e-05
-.0001625
-.000203125
-.0002
-.00023125
-.00014375
-.000121875
-.0001125
1.56254e-05
7.50004e-05
3.75004e-05
-.0002125
-.000284375
-.00035
-.000340625
-.000353125
-.000209375
-.000146875
4.06254e-05
.000125
.00014375
5.00004e-05
-6.24962e-06
-9.06246e-05
-.0001875
-.00025625
-.000175
-.00011875
-4.99996e-05
2.81254e-05
-9.37462e-06
-6.87496e-05
-.00029375
-.000309375
-.000328125
-.000221875
-.000246875
-.000178125
-.000171875
-.000146875
-.00015
-.0001125
-.0001875
-.000153125
-9.99996e-05
-1.24996e-05
-2.81246e-05
3.8147e-10
-7.18746e-05
-.00018125
-.000228125
-.000159375
-.00015
-.000175
-.00010625
-.0001375
-.00018125
-8.74996e-05
-.000128125
-4.99996e-05
-7.18746e-05
-.000178125
-.000221875
-.000265625
-.0002125
-.00026875
-.0002
-.000196875
-6.24996e-05
-6.56246e-05
-.0001375
-.000125
-.000140625
-.0001625
-3.43746e-05
-.00014375
-.0002125
-.000178125
-.00015625
-1.24996e-05
-8.74996e-05
-4.99996e-05
-9.06246e-05
-.000103125
-.000103125
-.000278125
-.00030625
-.0003625
-.000321875
-.000303125
-8.43746e-05
-.00013125
-.000171875
-.0003
-.00023125
-.000153125
-.000178125
-.000190625
-.0001875
-.000221875
-.000196875
-.000196875
-.0001875
-1.56246e-05
5.31254e-05
.00014375
5.00004e-05
-9.06246e-05
-.0002375
-.000109375
-.000178125
-.000240625
-.00025
-.000165625
-.000184375
-.000125
-3.12496e-05
-7.81246e-05
-.000253125
-.00025
-.000378125
-.00034375
-.00025625
-.000171875
-.000128125
-4.37496e-05
5.31254e-05
3.12504e-05
9.37538e-06
-2.49996e-05
-.00011875
-.00021875
-.000184375
-.0001875
-.00026875
-3.43746e-05
6.56254e-05
3.43754e-05
-4.68746e-05
-.00015
-.000196875
-.000225
-.000225
-.0002625
-.0002875
-.00029375
-.00028125
-.000275
-.000128125
-.000121875
-.00011875
-.000228125
-.000228125
-.000128125
-.000115625
-1.56246e-05
.0001125
2.18754e-05
-1.87496e-05
-9.37496e-05
-.000128125
-.000153125
-7.49996e-05
-4.68746e-05
-7.18746e-05
-4.68746e-05
-7.49996e-05
-.000134375
-.000159375
-.00028125
-.00038125
-.0002625
-.0001625
-.000196875
-.000165625
-9.37496e-05
-7.49996e-05
-.000125
-.00014375
-.0002
-.000221875
-.00016875
-.0001125
-.00011875
-.000103125
-2.18746e-05
9.37538e-06
9.37504e-05
.00013125
6.25038e-06
-.00015625
-.000259375
-.00036875
-.000359375
-.00025
-.000196875
-.000125
-.00010625
-.000121875
-.00014375
-.000190625
-.00021875
-.000246875
-.000378125
-.000390625
-.000246875
-.000234375
-6.24996e-05
-2.81246e-05
-3.12496e-05
-1.56246e-05
-.000165625
-.000340625
-.0003125
-.000165625
-3.43746e-05
6.56254e-05
3.43754e-05
3.43754e-05
-9.99996e-05
-.000121875
-.000215625
-.00024375
-.000309375
-.000215625
-7.49996e-05
6.56254e-05
-2.49996e-05
-.000215625
-.00028125
-.000290625
-.000259375
-.00021875
-.000128125
3.75004e-05
-1.87496e-05
3.12504e-05
8.75004e-05
-2.49996e-05
-5.31246e-05
-.00015625
-.0001625
-.0001125
-.000259375
-.00019375
-.00014375
-8.74996e-05
-6.24996e-05
-6.56246e-05
-.000128125
-.000109375
-.000275
-.00029375
-.000190625
-.000303125
-.000240625
-6.24996e-05
-2.18746e-05
5.00004e-05
2.81254e-05
-7.49996e-05
-6.56246e-05
-.000225
-8.74996e-05
-.00011875
-.0001375
-.000140625
-.000165625
-.000159375
-9.68746e-05
-3.12496e-05
1.56254e-05
-4.68746e-05
-.000228125
-.0002375
-.000253125
-.00020625
-.000134375
-.000246875
-.000196875
-.00021875
-.00018125
-.000175
-.00014375
-.00015
-3.12462e-06
-6.87496e-05
-.00014375
-.000109375
-.00014375
-.000159375
-.00015
-.00013125
-.000190625
-.000178125
-.000125
-8.74996e-05
3.43754e-05
-5.31246e-05
-4.37496e-05
-.00010625
-.000134375
-.000178125
-.00015625
-.000115625
-9.37496e-05
-.00015625
-9.06246e-05
-2.18746e-05
3.12538e-06
-.000134375
-.00020625
-.00033125
-.000340625
-.000353125
-.000325
-.00014375
-6.24996e-05
-9.99996e-05
-6.56246e-05
-.0001875
-8.74996e-05
-3.12496e-05
-2.81246e-05
-9.68746e-05
-.000153125
-.000178125
-.000184375
-.000178125
-.000153125
-6.24962e-06
-9.06246e-05
-9.37496e-05
-.000278125
-.0002
-.000184375
-.0002125
-.00013125
-.000253125
-.000271875
-.00033125
-.000134375
-2.49996e-05
3.12538e-06
-3.12496e-05
-9.99996e-05
-.000128125
-.0001625
-.000171875
-.000140625
-.000125
-9.99996e-05
-4.06246e-05
9.37538e-06
-4.06246e-05
-8.74996e-05
-.000184375
-.000171875
-.000215625
-.0002375
-.000303125
-.000221875
-.000209375
-.000240625
-.000225
-8.74996e-05
-.000178125
-6.87496e-05
-4.99996e-05
1.87504e-05
-2.18746e-05
-.000175
-.000221875
-.000115625
-.0002
-.0001375
-.000159375
2.81254e-05
6.87504e-05
-2.18746e-05
-.000146875
-.000134375
-.00028125
-.0002875
-.0002375
-.000275
-.000253125
-9.68746e-05
-.00015625
-5.93746e-05
-4.06246e-05
-5.62496e-05
-9.37496e-05
-.0002
-.000159375
-.000103125
-.000109375
-4.68746e-05
-2.49996e-05
-.0001625
-.00021875
-.00021875
-.0001875
1.56254e-05
9.06254e-05
5.00004e-05
-8.74996e-05
-.00029375
-.000353125
-.000446875
-.00028125
-.000159375
-8.12496e-05
-3.74996e-05
-1.56246e-05
-9.37462e-06
-8.74996e-05
-5.62496e-05
-.00011875
-.000315625
-.000378125
-.000278125
-.000346875
-.000190625
-.00015
-9.06246e-05
-.000134375
-.00010625
-7.18746e-05
-.000125
-.000165625
-.00025625
-.00020625
-.00023125
-8.12496e-05
-.000125
-.000153125
-3.43746e-05
-9.37496e-05
-.000146875
-8.74996e-05
-.000159375
-.00025625
-.000271875
-.000296875
-.000175
-.000178125
-.00016875
-7.18746e-05
-3.74996e-05
-.000115625
-.000140625
-.000259375
-.000253125
-.000328125
-.000115625
-.00013125
-.000121875
-.0001125
-7.81246e-05
-9.68746e-05
-.0003
-.000221875
-.000184375
-.000115625
-4.99996e-05
-.00013125
-9.99996e-05
-9.37496e-05
-.000171875
-.00020625
-.00016875
-.00015
-.000175
-.000209375
-.00024375
-.000290625
-.000371875
-.0002625
-.00033125
-.000325
-.00028125
-.00020625
-.00016875
-.00014375
-6.87496e-05
-4.06246e-05
-3.12496e-05
-1.24996e-05
-.000165625
-.000134375
-.000209375
-.000284375
-.0001625
-.00015
-.000125
-9.06246e-05
-.000184375
-.000271875
-.000203125
-.0002375
-.000190625
-.000159375
-.000240625
-.000315625
-.000284375
-.000209375
-.0001625
-.00014375
-.00016875
-.0001375
-.000146875
-3.74996e-05
-7.49996e-05
-9.37496e-05
-1.87496e-05
-9.37462e-06
9.37538e-06
1.56254e-05
-6.87496e-05
-.00026875
-.000265625
-.0001875
-9.37496e-05
-.000209375
-.00016875
-.000184375
-.000253125
-.000209375
-.00025
-.000303125
-.00025
-.000146875
-7.18746e-05
-.000128125
-.000125
-.0001625
-.0002
-.000128125
-4.37496e-05
-6.24996e-05
-.00016875
-.0002375
-.000159375
-.00023125
-.000159375
-7.49996e-05
-.0001125
-7.49996e-05
-.000140625
-.000234375
-.00035
-.000346875
-.000375
-.000146875
-.0002
-.00023125
-.000125
-.000159375
-7.18746e-05
-.000140625
-.000153125
-.000153125
-.000246875
-.00028125
-.00024375
-5.31246e-05
5.00004e-05
-9.37462e-06
-2.49996e-05
-.000196875
-.000203125
-.000178125
-.000228125
-.000134375
-9.68746e-05
-.0001625
-.000246875
-.00039375
-.00025625
-.000284375
-.00023125
-.000146875
-7.18746e-05
-8.43746e-05
6.56254e-05
2.18754e-05
-2.81246e-05
-.000171875
-.00031875
-.0004
-.0003625
-.0002625
-9.68746e-05
.00013125
3.12504e-05
-8.12496e-05
-.000121875
-.000153125
-.000125
-.000159375
-.000284375
-.000190625
-.00026875
-.000190625
-.00015625
-.0001125
-.000225
-.000278125
-.0002875
-.00025
-.000271875
-.000315625
-.000196875
-.0001625
-.00015625
-9.37496e-05
-.00018125
-.00015
-.00014375
-.00018125
-.0001875
-.000190625
-.00021875
-.000303125
-.000246875
-.000234375
-.0002375
-.00018125
-8.12496e-05
-5.93746e-05
-.0001625
-.000115625
-.000165625
-.000265625
-.000265625
-.00010625
-.000225
-.000178125
-.00025625
-.000278125
-.000253125
-.000175
-3.74996e-05
-2.49996e-05
-.000159375
-.000128125
-.000121875
-.0002
-.000178125
-.0001375
-.000121875
-8.74996e-05
-.00014375
-.000128125
-9.68746e-05
-.000109375
-.000171875
-.000259375
-.000184375
-.000215625
-.000234375
-.000225
-.0001875
-.000175
-3.74996e-05
-5.31246e-05
-9.37462e-06
6.56254e-05
-9.99996e-05
-.000165625
-.0002375
-.00026875
-.000234375
-8.43746e-05
-6.87496e-05
-7.49996e-05
-.000159375
