5000
2.e-09
500
.494354
-.000199062
-.000204375
-.000219375
-.00023125
-.000229062
-.000212812
-.000207187
-.000234687
-.00020125
-.000210625
-.000228125
-.0001975
-.000199687
-.000203125
-.000215625
-.000202812
-.000233437
-.000216875
-.00020625
-.000207187
-.00020625
-.000214062
-.000204375
-.00021625
-.000219062
-.000203125
-.00021375
-.000224062
-.000179687
-.000219687
-.000229375
-.00022375
-.000199062
-.000171562
-.000190937
-.000184375
-.000182187
-.000233437
-.000228125
-.000231875
-.000225
-.000212812
-.000165937
-.000182187
-.000213125
-.000199062
-.000244062
-.000222187
-.000208437
-.000214375
-.000215937
-.000224062
-.000195312
-.000212812
-.000196562
-.000238125
-.000211562
-.00019375
-.000194375
-.000203437
-.000219687
-.000228437
-.000206562
-.000218437
-.000199687
-.000176562
-.000187187
-.000192812
-.000205625
-.0002225
-.00021125
-.000205937
-.000217187
-.00022625
-.000206875
-.000213125
-.000211875
-.0002025
-.000241875
-.000223437
-.000183437
-.00021625
-.000200312
-.000211562
-.000204375
-.000205625
-.000195
-.000207187
-.000216562
-.00021375
-.000227812
-.000215625
-.000195937
-.000205937
-.0002225
-.000223437
-.000220312
-.000199687
-.000187187
-.000176875
-.00020125
-.000201562
-.000196875
-.000222187
-.000212812
-.000199062
-.000211875
-.0002125
-.000219375
-.000189375
-.000207812
-.000222812
-.000194375
-.0002025
-.000180625
-.000220625
-.000206875
-.000244687
-.000224375
-.000190625
-.000196562
-.000187812
-.000228125
-.000216875
-.00022
-.000217812
-.000215625
-.000211875
-.00022625
-.000214375
-.000228437
-.000209687
-.000190312
-.00019375
-.000195
-.000204062
-.000205625
-.000215625
-.000209375
-.000185312
-.0002025
-.000200937
-.000219687
-.000189687
-.000228125
-.000201875
-.000198437
-.000202812
-.000228437
-.000220312
-.000231562
-.0002075
-.0002075
-.000181875
-.000210937
-.000210937
-.0002125
-.000227812
-.000235312
-.000217812
-.000215937
-.00020125
-.000199687
-.000188125
-.00019125
-.000205625
-.000192187
-.000213125
-.00023
-.000229062
-.000234687
-.00022125
-.000193125
-.000194687
-.000198437
-.000215312
-.000234062
-.000202187
-.0002175
-.0002025
-.000235312
-.000246562
-.000208125
-.000205625
-.00022625
-.000208125
-.0002175
-.000212812
-.000206562
-.0002125
-.000242187
-.000237187
-.000208125
-.000197812
-.000209687
-.000190625
-.000214687
-.00021125
-.000208437
-.00020625
-.000197187
-.00018625
-.000194687
-.000207812
-.000214062
-.000198437
-.0002
-.0002175
-.00022
-.000231562
-.000217187
-.000203125
-.000195312
-.000196875
-.000194062
-.000205625
-.000215625
-.000234062
-.000209687
-.0002075
-.000212187
-.000204375
-.00017375
-.000214375
-.000202187
-.000210937
-.000234375
-.000217187
-.00020875
-.00021625
-.000214687
-.000215937
-.000206875
-.000212187
-.000206562
-.000207187
-.000218437
-.000214062
-.000211562
-.000218125
-.000221875
-.00021875
-.0001975
-.000185937
-.000225937
-.000219062
-.000238125
-.000216562
-.00021375
-.0002175
-.000222812
-.00017625
-.000212187
-.000186875
-.000190625
-.00021375
-.000236562
-.000203125
-.000234687
-.000186562
-.000212187
-.00020875
-.00020875
-.000218437
-.000199687
-.000196875
-.000201562
-.000210937
-.00022
-.00021375
-.00023625
-.00017875
-.000206875
-.000197187
-.00019375
-.00019125
-.000203437
-.0002225
-.00023625
-.000222187
-.000212812
-.00021375
-.000205625
-.00019125
-.0001875
-.000215937
-.000224687
-.000244062
-.000224062
-.000209687
-.000204062
-.000183437
-.0001975
-.000190937
-.00019625
-.000203437
-.000196562
-.000194375
-.000215
-.000202812
-.000211562
-.000213125
-.000211875
-.000208437
-.000212812
-.000210937
-.00022375
-.000217812
-.000186562
-.000203437
-.000231875
-.00018875
-.000210937
-.000202812
-.000228437
-.000207812
-.000221875
-.000204375
-.000204687
-.000175937
-.000222187
-.000205937
-.000201875
-.0001975
-.000198125
-.000192187
-.000209062
-.000212812
-.000226875
-.000200625
-.000214062
-.000215
-.000201875
-.000189062
-.000186562
-.0002225
-.000221875
-.000255
-.000237812
-.000203125
-.000194062
-.000226875
-.000188437
-.00021
-.0002
-.000199687
-.000189687
-.000209062
-.000204062
-.00019875
-.000232812
-.000200312
-.000186875
-.000200312
-.000204687
-.000222187
-.00018625
-.00021125
-.000204687
-.000229375
-.000215625
-.00019875
-.00019125
-.000211562
-.000210937
-.00021625
-.000197187
-.000195
-.00021
-.00021625
-.000239062
-.000189375
-.000190625
-.000205625
-.000207812
-.00022
-.000228437
-.000199062
-.000216875
-.000182187
-.00020875
-.000204687
-.000219375
-.000206562
-.000171875
-.000207187
-.000216562
-.00018125
-.000216562
-.000219687
-.000218437
-.000201562
-.000204375
-.000176875
-.000175625
-.000189062
-.000196562
-.000219062
-.000237187
-.000220312
-.000209375
-.00021
-.000186875
-.000189062
-.000209062
-.000236562
-.0001975
-.0002075
-.000215312
-.000203437
-.000199062
-.00019875
-.000191875
-.00019125
-.000235
-.00019125
-.000204062
-.000187812
-.000222187
-.000189062
-.000219062
-.00021625
-.000229687
-.00021375
-.00021
-.000205
-.00018875
-.000203437
-.0002325
-.000236562
-.00021
-.000195625
-.0002025
-.00018125
-.000198437
-.000206562
-.00019625
-.000226875
-.000240937
-.000195312
-.000205312
-.000205
-.000194375
-.000178125
-.0002075
-.00019375
-.000199375
-.000204062
-.000216875
-.000215312
-.000216875
-.000199062
-.000192812
-.000222812
-.000208125
-.00022125
-.000232812
-.000231875
-.000226875
-.000199062
-.0001975
-.0002125
-.000196562
-.000196875
-.0001825
-.000193437
-.000220937
-.000235625
-.000220937
-.000190312
-.000195937
-.000209062
-.00019625
-.000194062
-.000195312
-.000205312
-.0002
-.000215937
-.000197187
-.000189375
-.000235
-.0002225
-.000220312
-.000199062
-.000213437
-.00023
-.00019125
-.000215
-.000194687
-.000219062
-.0001975
-.00017875
-.000201562
-.000181562
-.000201875
-.000199062
-.000210937
-.00019125
-.000192187
-.00017625
-.000206562
-.000188125
-.000185
-.000229062
-.000185625
-.000207812
-.0001975
-.000220625
-.000236562
-.000218437
-.000215
-.000195937
-.000188125
-.000188125
-.00018
-.00020125
-.00023625
-.000219687
-.00021125
-.000194375
-.000159375
-.00017125
-.00020625
-.000184375
-.000217812
-.000215625
-.000240312
-.00022375
-.000211562
-.000211562
-.000190937
-.000195312
-.000180625
-.00019
-.000188437
-.000224062
-.000212187
-.000204375
-.000210312
-.000189375
-.000215937
-.000223125
-.000190312
-.000176875
-.000174375
-.000215312
-.000227812
-.000190625
-.000214687
-.000201875
-.00021875
-.000212187
-.000196875
-.000190937
-.000218125
-.000204062
-.000224062
-.000212187
-.000224687
-.000191875
-.000188437
-.000195625
-.000194687
-.000191875
-.000213437
-.000229687
-.000205937
-.000229687
-.000239375
-.000215
-.000188125
-.00019125
-.000189062
-.000190312
-.000205
-.000209062
-.000197187
-.000220937
-.000211875
-.00020125
-.000214375
-.000215625
-.000225625
-.000200625
-.0002075
-.000209062
-.00018375
-.000202812
-.000208125
-.000239062
-.0002075
-.0001925
-.000179687
-.000197187
-.000199687
-.000201562
-.000218125
-.000231562
-.000187812
-.000205312
-.000204375
-.000225625
-.0002225
-.000193437
-.0001925
-.000188437
-.000215312
-.000214687
-.0002225
-.000214687
-.000196562
-.000200625
-.000214375
-.000210312
-.00019
-.0002125
-.000215
-.000211875
-.000245312
-.000199375
-.000241875
-.000217812
-.000210937
-.000195312
-.00018625
-.000195
-.0001925
-.000232812
-.000211562
-.000215
-.000220937
-.000182187
-.000185
-.00018
-.00021
-.000224062
-.0001975
-.000225312
-.000221875
-.000219062
-.000234375
-.000187812
-.00019
-.000186562
-.000200312
-.000209062
-.000248437
-.00022375
-.000222812
-.00020875
-.000205
-.000188125
-.000204062
-.000188437
-.000191562
-.00021
-.000189062
-.000196562
-.000183125
-.0002425
-.000224687
-.000247812
-.00019375
-.0002
-.000192812
-.000183437
-.000210625
-.000190937
-.0002075
-.000211562
-.000197187
-.000215937
-.000162812
-.000192812
-.000221562
-.000205625
-.000194375
-.000207187
-.000220625
-.000217187
-.00021
-.000165625
-.00020625
-.00019625
-.00021
-.000196562
-.0002
-.0001975
-.000204062
-.000200312
-.000218125
-.000196562
-.000209375
-.000205625
-.000222187
-.000221562
-.000225
-.000199062
-.000200312
-.00018125
-.00016875
-.000210937
-.00021625
-.000214687
-.000195312
-.000219687
-.000190312
-.000218437
-.000247812
-.000225312
-.000209062
-.000205
-.000205625
-.0002025
-.000208437
-.000197812
-.000200625
-.000216875
-.000210312
-.000209062
-.00020125
-.000199687
-.00020625
-.000203437
-.000205625
-.000200937
-.00021
-.000226562
-.000238437
-.000229375
-.000213437
-.000194062
-.00020375
-.000192812
-.000200937
-.00021
-.00020375
-.000191562
-.000198437
-.00020625
-.00021875
-.000201875
-.000218437
-.000205937
-.000226562
-.000184687
-.000205625
-.000223437
-.000246875
-.000215625
-.000215625
-.000201562
-.000180312
-.000196875
-.000200937
-.000204375
-.000226562
-.000204062
-.000225312
-.000214687
-.000185937
-.0002025
-.000207812
-.000215312
-.000211562
-.000205625
-.000204375
-.000215312
-.000200937
-.000218125
-.000213125
-.000201875
-.000191562
-.000216562
-.000204062
-.000228125
-.000224375
-.00021625
-.00022375
-.000227812
-.00022
-.000229375
-.000224062
-.000210312
-.000196562
-.000190312
-.000194375
-.000198125
-.000229062
-.000214062
-.00024125
-.000199687
-.0001975
-.000202812
-.000201875
-.0002175
-.000204375
-.000195937
-.000224375
-.00020875
-.000220937
-.000231875
-.0001975
-.000194687
-.000229375
-.000221562
-.000210625
-.000194687
-.000220312
-.000215625
-.000200312
-.00019
-.000194375
-.000196562
-.000216562
-.000211875
-.000220312
-.000222187
-.000185937
-.00019375
-.00019125
-.000204687
-.000184062
-.000211875
-.000188437
-.000211562
-.000229375
-.000220625
-.0002125
-.00020125
-.00019625
-.000200625
-.000220312
-.000180312
-.00015125
-.000208125
-.000220625
-.000225312
-.000177187
-.000221562
-.000222812
-.000204062
-.00017625
-.0002175
-.000216562
-.000205625
-.000194687
-.000202187
-.000213125
-.000195312
-.00022625
-.000189375
-.000206562
-.000217187
-.000232812
-.000202812
-.0002175
-.00020625
-.000212187
-.0001975
-.000232812
-.000201562
-.000207187
-.000218125
-.000219375
-.000208125
-.000204062
-.000193437
-.00020625
-.00019
-.000189687
-.000184687
-.000170625
-.00019
-.000235625
-.000210312
-.000230937
-.000241562
-.000212812
-.000203437
-.000204375
-.000187187
-.00021375
-.000206875
-.000215937
-.000225
-.000221562
-.00022125
-.000213125
-.000190625
-.000210312
-.000186875
-.000195312
-.000197812
-.000231875
-.000230312
-.000246875
-.000224062
-.000225312
-.000215937
-.000211562
-.000234687
-.000195
-.00020875
-.000186562
-.0002125
-.000204062
-.000202187
-.00022875
-.000209375
-.000215625
-.000205312
-.000193437
-.000190937
-.000199375
-.000204375
-.000217812
-.000204375
-.000210312
-.000218437
-.000193125
-.000219375
-.000199375
-.000212187
-.0001975
-.00020875
-.000205312
-.00022375
-.000216562
-.000215
-.000208125
-.000189687
-.000189062
-.000203125
-.000226562
-.000224375
-.000225625
-.000215937
-.000210937
-.00019625
-.00017875
-.000203437
-.00019
-.00020375
-.000214062
-.00023375
-.000213125
-.000220937
-.000200937
-.000190625
-.000214687
-.00021375
-.0002125
-.000195625
-.000209062
-.000225625
-.00021
-.000197812
-.00021875
-.000206875
-.00022875
-.000210625
-.00022
-.000191562
-.000169687
-.000188437
-.000180937
-.00021875
-.000235625
-.000214375
-.000243125
-.000174062
-.000234375
-.000217187
-.000225312
-.0002125
-.00021375
-.000212812
-.000230937
-.000203437
-.000209062
-.000192187
-.0002175
-.000209375
-.000201875
-.0002275
-.000197812
-.000210312
-.00020125
-.0002175
-.000208437
-.0001825
-.00021
-.00019625
-.00021375
-.0002375
-.00023
-.000230312
-.000210312
-.000231562
-.000201562
-.000223437
-.000187812
-.000190312
-.000235625
-.000236562
-.000222187
-.000224062
-.000229062
-.000213437
-.000204375
-.000175937
-.000221562
-.000211562
-.000209375
-.000215
-.000210312
-.000205625
-.000170937
-.000209687
-.000202812
-.0002175
-.0001975
-.000224687
-.000154375
-.000187187
-.000211875
-.000210937
-.000223125
-.000189687
-.000231875
-.00020875
-.00020125
-.000205
-.000194687
-.00020875
-.000220312
-.000210625
-.000183437
-.000204687
-.000204375
-.000209687
-.000192187
-.000190625
-.000190625
-.000208437
-.000225937
-.000220625
-.000215
-.0002175
-.000173437
-.000194687
-.000193437
-.000183437
-.000223125
-.000215625
-.000238437
-.000243125
-.00019
-.000206562
-.0002
-.000195937
-.000210312
-.000216562
-.000201875
-.000212812
-.000200937
-.000241875
-.000236875
-.000194687
-.000204062
-.000188125
-.00019
-.000194062
-.00018375
-.000200937
-.000195625
-.000245
-.000220312
-.000219375
-.000237187
-.000194375
-.000190625
-.000214062
-.000185937
-.000215937
-.000185625
-.00019875
-.000240625
-.000192812
-.00020625
-.000188437
-.000201875
-.000206562
-.000220937
-.000224687
-.00019
-.000178125
-.000198437
-.0002
-.000197187
-.000203125
-.000215312
-.000177187
-.000198125
-.0002
-.000230937
-.0002275
-.000204062
-.000205937
-.000201875
-.000200625
-.0001925
-.000208437
-.000201875
-.000218437
-.000204375
-.000229687
-.000199062
-.000208437
-.000189062
-.00020625
-.000191875
-.000189687
-.000215937
-.000212187
-.000259062
-.000245
-.000211562
-.00018625
-.000162812
-.000167187
-.000180625
-.000182812
-.00018875
-.0001925
-.000195
-.00021
-.000213125
-.000191562
-.000217812
-.000228125
-.000226562
-.000201562
-.000203437
-.00017875
-.00021
-.000207187
-.00020625
-.000188437
-.000195312
-.000199375
-.000214687
-.000185
-.000194687
-.000217187
-.000190625
-.000207187
-.000223125
-.0002125
-.000205312
-.000172812
-.000225
-.00017625
-.000222187
-.000219687
-.000240937
-.00021625
-.000226875
-.000208437
-.000191875
-.0001925
-.000180625
-.000215937
-.000232812
-.000234375
-.000212812
-.000223437
-.000221875
-.000201562
-.000224062
-.000214375
-.000218125
-.000225312
-.000194687
-.000198125
-.000227812
-.0002175
-.000233125
-.00018875
-.000200625
-.000165312
-.000203437
-.000205312
-.000207187
-.00022125
-.000220312
-.000194687
-.000210625
-.000213125
-.000210625
-.000207187
-.00021375
-.000168437
-.000209687
-.000212812
-.000205625
-.000215
-.000191875
-.000204062
-.000190312
-.000182187
-.000199687
-.00021625
-.000224062
-.0002
-.000206562
-.000216875
-.000219062
-.000207812
-.000213125
-.000207187
-.000195
-.000211562
-.000186562
-.000194687
-.000209062
-.000205625
-.000253125
-.000178437
-.00019125
-.00017625
-.000192187
-.000188125
-.000201562
-.000204687
-.000189375
-.000192187
-.000205625
-.000219687
-.000184062
-.00020375
-.000190937
-.000212187
-.00020125
-.000223125
-.000192187
-.000219687
-.0001975
-.000228125
-.000197187
-.000203437
-.000189687
-.000196562
-.000199375
-.000218125
-.000225312
-.00020125
-.000194687
-.000171875
-.000193125
-.00020875
-.000225
-.000204687
-.000219375
-.000201875
-.000204375
-.000216562
-.00019875
-.000214687
-.00018375
-.000201875
-.000194687
-.000198437
-.000200625
-.000220937
-.000210937
-.00023
-.000214375
-.000228437
-.000188437
-.000199375
-.000188125
-.000165625
-.00021
-.00021875
-.0002325
-.000214375
-.000224375
-.000197187
-.000195937
-.000190312
-.000219062
-.000221562
-.000238437
-.000252812
-.000196875
-.000215
-.000180937
-.000208125
-.000216562
-.000219687
-.000216562
-.000219062
-.000217812
-.000209687
-.0002125
-.00020375
-.000230625
-.000210312
-.00019625
-.0002
-.000207187
-.000198437
-.000213437
-.000199687
-.000220937
-.000203125
-.00018875
-.000214375
-.000180312
-.000220937
-.000191562
-.000206562
-.000190312
-.000177812
-.000197187
-.00021
-.000221562
-.000194375
-.000183125
-.00017875
-.000196562
-.000199062
-.000205312
-.000208125
-.00021125
-.0002175
-.000197812
-.00021125
-.000204062
-.000207812
-.000211562
-.000211875
-.000206562
-.000213437
-.000181875
-.000203125
-.000190625
-.000187812
-.000216875
-.000200625
-.0002275
-.000230937
-.000225
-.000236875
-.000224687
-.000195625
-.000203125
-.000216875
-.000201875
-.000233437
-.00020375
-.0002
-.000244062
-.000213125
-.0002075
-.000199375
-.000185312
-.000204375
-.000208437
-.00018375
-.000203437
-.000250312
-.000258125
-.000228125
-.000229062
-.000205
-.0002
-.000215
-.000190937
-.000174687
-.000194062
-.000185625
-.000209687
-.000221875
-.000218437
-.000233125
-.00023375
-.000240312
-.000197187
-.000188437
-.000205625
-.000201875
-.000209687
-.00023
-.000212812
-.000220312
-.000240312
-.0002025
-.000187187
-.00021
-.00020625
-.000199375
-.000207187
-.0002175
-.000237812
-.00023875
-.000210625
-.000208437
-.000215312
-.000217187
-.000222812
-.000219687
-.000238437
-.00022
-.000237812
-.000193125
-.000195625
-.000184375
-.000196875
-.000205
-.000244375
-.000200625
-.000227187
-.00019
-.00020625
-.000213437
-.000199062
-.0002025
-.000200312
-.000221562
-.000212187
-.0002
-.000201875
-.000190937
-.000203437
-.000214375
-.000223125
-.0002175
-.000200312
-.00021125
-.000204687
-.000213125
-.000211562
-.000231562
-.0002375
-.00022375
-.000202187
-.000199687
-.000211562
-.000195
-.000201562
-.0002225
-.000239687
-.000219375
-.000205
-.000211562
-.00021375
-.000195312
-.000219062
-.000211562
-.000206875
-.000205
-.00022375
-.000218125
-.000226562
-.000238125
-.000195312
-.000199375
-.000208437
-.00021625
-.000204687
-.000224375
-.000238437
-.00019875
-.000248437
-.000201562
-.00020375
-.000194375
-.000209062
-.0002075
-.000213125
-.000184062
-.000211875
-.000214687
-.000216875
-.00025
-.000191562
-.000196562
-.000190312
-.000192187
-.000210312
-.000208437
-.000231875
-.000210312
-.000220312
-.00022375
-.000219062
-.000200312
-.000222187
-.000201875
-.000197812
-.000200312
-.00019
-.000205625
-.00021
-.00020625
-.000220937
-.000217812
-.000188437
-.000195937
-.0002075
-.00019
-.00021125
-.000234062
-.000190937
-.000216875
-.000225625
-.000204687
-.000220937
-.000194375
-.000179687
-.000226875
-.000199062
-.000235
-.000225625
-.000229062
-.000192187
-.000188437
-.000180625
-.000176562
-.000195312
-.000209687
-.000222187
-.000226875
-.00020875
-.000217812
-.000187187
-.000190625
-.00017875
-.000200312
-.000208437
-.00019625
-.00016625
-.00021125
-.000219375
-.000235
-.000219375
-.000215
-.000196562
-.000213437
-.000216562
-.000207187
-.000199375
-.000205
-.000205
-.000208125
-.000220312
-.00022375
-.0001975
-.000186562
-.000215312
-.000196562
-.000199062
-.00019
-.00021375
-.000223125
-.000209687
-.000185
-.000200625
-.000188437
-.000210625
-.000210625
-.000245625
-.00022375
-.000229062
-.00020875
-.000214062
-.000196875
-.000195
-.000208125
-.00019625
-.000224375
-.000221562
-.000249375
-.000204375
-.000211562
-.000221562
-.000199687
-.000207187
-.000194687
-.000220312
-.00021375
-.000245
-.00021125
-.000224375
-.000224062
-.000218437
-.000180625
-.000185312
-.000190312
-.000204687
-.000201875
-.00022
-.000224375
-.000240937
-.000205312
-.000211875
-.000176875
-.000204375
-.000212187
-.000220625
-.000209687
-.000199062
-.00023
-.00023625
-.000223437
-.000195625
-.000235625
-.00020125
-.000186562
-.000215312
-.000209062
-.000190312
-.000219375
-.000215
-.0002275
-.000201562
-.000189375
-.000196875
-.00018875
-.00021875
-.000187187
-.000225937
-.00021625
-.000212812
-.00022625
-.00019
-.0002
-.00022125
-.000195312
-.000204062
-.0001975
-.000203437
-.000218437
-.000199687
-.000208437
-.00019625
-.0001925
-.000197812
-.000193125
-.000211875
-.000220625
-.000222187
-.0002275
-.000213437
-.000230625
-.000198125
-.000195
-.000205
-.000183437
-.0002025
-.00020625
-.000204687
-.000202187
-.00018625
-.000201875
-.000187812
-.000209375
-.000200312
-.000230625
-.000214062
-.000203437
-.00019875
-.000169687
-.000222812
-.000204687
-.000208437
-.000214062
-.000212187
-.000220625
-.000180312
-.00021
-.000211875
-.00022375
-.00023125
-.000231875
-.000210625
-.0001975
-.00021125
-.00020125
-.000236562
-.000215937
-.00021125
-.00019625
-.000224375
-.000205625
-.000187812
-.000199062
-.000195937
-.000192187
-.000189375
-.000196562
-.000228437
-.0002075
-.000244062
-.000219687
-.000218125
-.000181875
-.000209062
-.000218125
-.000228125
-.000219687
-.000214687
-.000219375
-.000203437
-.000177812
-.000208125
-.000180937
-.000185312
-.000195625
-.00019
-.000203437
-.000235312
-.00024625
-.000215937
-.000201875
-.000205312
-.000201562
-.000195625
-.00019375
-.000208125
-.000218125
-.000217187
-.0001975
-.0002075
-.00020125
-.000239375
-.000231562
-.000191562
-.000194687
-.000204062
-.000197812
-.000205937
-.00022625
-.00022625
-.000205312
-.000203125
-.0002025
-.000211562
-.00023625
-.000228437
-.00023125
-.000237187
-.000220312
-.000190937
-.00020875
-.000185625
-.000209062
-.000205312
-.000219062
-.000225312
-.00022375
-.000251875
-.000237812
-.000232812
-.000240937
-.000199062
-.000173125
-.000189375
-.000198437
-.000225625
-.000221875
-.000218125
-.000241875
-.000235625
-.000224062
-.000186562
-.000195625
-.000224375
-.000209375
-.000209062
-.000220937
-.000213437
-.000224687
-.000215312
-.000217187
-.000224062
-.000183437
-.0002175
-.0001825
-.000232187
-.000225937
-.000244375
-.000225
-.00021625
-.0002375
-.000220625
-.00019125
-.000225
-.000185937
-.000216562
-.00022125
-.000205937
-.000231562
-.000215312
-.000210625
-.00020625
-.00020875
-.000183437
-.000222187
-.000215312
-.000202187
-.000236562
-.00022
-.000248437
-.000187812
-.000201875
-.000205625
-.00021875
-.000237187
-.0002075
-.000203125
-.000206875
-.000240312
-.00023625
-.000224375
-.000201875
-.000187812
-.000190312
-.000195625
-.00020875
-.000225
-.000210625
-.000248125
-.000214687
-.00022
-.000214375
-.0001975
-.00019875
-.000181875
-.000213125
-.000223437
-.00023875
-.000240937
-.000233437
-.000215312
-.000219687
-.000181562
-.000223437
-.00021375
-.000210937
-.000209375
-.000203437
-.00022125
-.000204687
-.000207187
-.000197812
-.000204062
-.000203437
-.000212187
-.000197187
-.00021875
-.00020625
-.00020375
-.00018125
-.000202812
-.000179687
-.000224375
-.000217187
-.000205312
-.000213437
-.00019125
-.000201562
-.000216875
-.000202187
-.000205937
-.000195312
-.00021
-.000211562
-.000190312
-.00019875
-.000217812
-.000233437
-.000220312
-.000221875
-.000218437
-.000220937
-.00019875
-.000190312
-.000209062
-.000209062
-.00022625
-.000243125
-.000228125
-.000182812
-.000191875
-.000185937
-.000190312
-.000208437
-.000189375
-.000210312
-.000231562
-.000210312
-.000202812
-.000213125
-.000215937
-.000202187
-.000181875
-.000199062
-.00020125
-.000205625
-.000211875
-.0002075
-.000202812
-.000204062
-.000226875
-.000213437
-.000221562
-.00019125
-.000194375
-.000193437
-.000191562
-.0002275
-.000204375
-.000251875
-.000223437
-.000235
-.0002125
-.000217812
-.000199687
-.000230937
-.000208125
-.00024625
-.000220625
-.000219687
-.000189687
-.00018625
-.000164062
-.000195625
-.000200625
-.000195
-.00021
-.000223125
-.000215937
-.000208437
-.0002225
-.00019
-.000212812
-.00024
-.000205937
-.00022625
-.000215312
-.000236562
-.00021
-.000235625
-.000200312
-.000213125
-.000195625
-.000219375
-.000196562
-.000203125
-.000203125
-.000218125
-.000202812
-.000214062
-.000215937
-.000209062
-.000184375
-.00019375
-.00020375
-.000210312
-.0002075
-.000195625
-.000197187
-.00021125
-.000207187
-.000214687
-.000202187
-.000221875
-.000207812
-.000204687
-.000209687
-.000222187
-.000225312
-.000229687
-.000199375
-.000195625
-.00021125
-.000208125
-.00020875
-.000230937
-.000220312
-.000236875
-.0001875
-.000214375
-.000189687
-.000185937
-.000211562
-.000222812
-.000197187
-.000222187
-.0002375
-.000243125
-.000225625
-.00023375
-.000189062
-.000206562
-.000196562
-.000199375
-.000190937
-.00022
-.000234375
-.000206875
-.00024
-.000231562
-.000187187
-.000205625
-.000196875
-.00021375
-.00021625
-.000196562
-.00021
-.00023875
-.000211875
-.0002025
-.000212187
-.000222187
-.000206875
-.000199062
-.000225312
-.000211562
-.000195625
-.000207187
-.000218125
-.000189062
-.000229687
-.000216875
-.000225312
-.000216875
-.000208437
-.0002125
-.000220625
-.00025
-.000229062
-.000226875
-.0002425
-.000215
-.000193437
-.000189375
-.000205312
-.000225937
-.000250937
-.000209062
-.000221562
-.000226875
-.00020875
-.000221875
-.000218125
-.000214687
-.000220312
-.000208437
-.000212187
-.000249687
-.000215625
-.000215937
-.000214062
-.00021125
-.000186875
-.000211875
-.00021
-.000237812
-.000239687
-.00022875
-.000224375
-.000212812
-.00019375
-.000212812
-.000196875
-.000205312
-.000209375
-.0002125
-.000215
-.000213437
-.00021625
-.000198125
-.000203437
-.000224375
-.000197187
-.000207187
-.00022
-.0002025
-.000223437
-.000195625
-.000204375
-.000189375
-.00024625
-.00022375
-.0002025
-.000204687
-.000224062
-.000209375
-.000218125
-.000225937
-.000221875
-.00020375
-.000223437
-.00020625
-.000208437
-.00021125
-.000209375
-.0002475
-.000243437
-.000223125
-.000216875
-.000200937
-.000199375
-.000226562
-.000195
-.000219687
-.000194687
-.000185
-.000224375
-.000220625
-.00021125
-.000239375
-.000206562
-.000206875
-.000184375
-.00022125
-.000207187
-.00022625
-.000216562
-.000254062
-.000222187
-.0002
-.000202187
-.000225625
-.000197187
-.000188125
-.00021875
-.000200312
-.000224375
-.000215312
-.0002
-.000219062
-.000204687
-.000200625
-.000215312
-.000220937
-.000237812
-.000205625
-.00021125
-.000206562
-.000192812
-.000210312
-.000223437
-.000213125
-.000225312
-.000225937
-.000220312
-.000189062
-.00021
-.000226875
-.000254062
-.000243437
-.000215
-.0002125
-.000184687
-.000191562
-.000214375
-.000205625
-.000220625
-.00021625
-.000215
-.000229062
-.0001975
-.000214687
-.00019125
-.00022
-.0002025
-.000202812
-.00020625
-.000248437
-.000215625
-.000233125
-.000189062
-.00019
-.000195937
-.000194375
-.000228437
-.00022375
-.000204062
-.000215625
-.000216875
-.000195312
-.000226562
-.000205312
-.000210937
-.000204062
-.000221562
-.000220312
-.000217812
-.000192187
-.000222812
-.000228437
-.00021625
-.000218437
-.000202187
-.000215312
-.00020625
-.000225
-.000222812
-.00020375
-.000208125
-.000205312
-.000205937
-.000210312
-.000190312
-.000231562
-.000214375
-.00021625
-.000207187
-.0002125
-.000213437
-.000194687
-.000212812
-.000203437
-.000207187
-.0002125
-.000215
-.00022
-.000229062
-.000198437
-.00021375
-.00023125
-.000214375
-.000229062
-.00019625
-.000214062
-.00021625
-.00023125
-.000194062
-.000249687
-.00022
-.00020625
-.000219062
-.000160625
-.000182812
-.000195937
-.000194375
-.000253437
-.00020625
-.000204375
-.00021875
-.0002225
-.000196562
-.0002
-.000204062
-.000235
-.000201875
-.000220625
-.000245312
-.000229687
-.000210625
-.0002025
-.000217187
-.00020375
-.000197812
-.000216875
-.000219375
-.000240625
-.000195625
-.000227187
-.00022375
-.00020125
-.000206875
-.000228125
-.000219375
-.000202187
-.00020125
-.00019375
-.000221562
-.000216875
-.000259062
-.00022875
-.000211875
-.000191562
-.000215312
-.0001925
-.000215625
-.0002225
-.000224062
-.0002425
-.000204375
-.00023375
-.000220625
-.000200625
-.000218437
-.00023
-.000211562
-.0002325
-.00023375
-.000230937
-.000205625
-.000194375
-.000203437
-.00021
-.000198437
-.0001975
-.000208437
-.000213125
-.000230312
-.000238437
-.000215
-.000182812
-.000228125
-.000223437
-.000211875
-.000204687
-.000209687
-.000212187
-.000253125
-.00023125
-.000212812
-.0002275
-.00022
-.000194687
-.000202187
-.000200312
-.000230937
-.000221562
-.000227187
-.000229687
-.000213437
-.00024125
-.000219687
-.000235625
-.000228125
-.000230937
-.000232187
-.000200312
-.000212187
-.000219375
-.000230625
-.000185
-.00020625
-.00022
-.000209062
-.00022375
-.0002075
-.000224375
-.000204375
-.00020875
-.00020125
-.000229375
-.0002175
-.00020125
-.000221562
-.000199062
-.00019
-.000221875
-.000234375
-.000269375
-.000223437
-.000217812
-.000214062
-.000184062
-.000210937
-.000227812
-.00022375
-.000248437
-.000258437
-.000236875
-.000221875
-.000219062
-.000190625
-.000200625
-.000220937
-.00019375
-.0002225
-.000227187
-.000239062
-.000209375
-.000243125
-.000228125
-.000207812
-.000209062
-.00019
-.0002025
-.000210312
-.000208437
-.000225625
-.000217812
-.000210937
-.00022125
-.00024375
-.0002175
-.000225937
-.00023875
-.00019625
-.0002275
-.000207187
-.00023125
-.000236875
-.000221562
-.000202187
-.000225937
-.0002
-.000214062
-.00023375
-.000232812
-.00022375
-.000223125
-.000225312
-.000222187
-.000223125
-.00022125
-.000218437
-.00021625
-.000255937
-.000234062
-.0002025
-.000255937
-.000226562
-.000184687
-.000198125
-.000209062
-.000223125
-.00020625
-.000219375
-.00025
-.000240312
-.000227812
-.000210625
-.000200937
-.000199687
-.000195312
-.000187812
-.000209687
-.000229687
-.000225625
-.000217187
-.000227187
-.000223125
-.00020875
-.00021
-.000201562
-.000219687
-.0001875
-.000187187
-.000205312
-.000202187
-.000235937
-.000237812
-.000228437
-.000232812
-.0002125
-.000207187
-.000213437
-.000194375
-.00020125
-.000220625
-.000237812
-.000231562
-.000235
-.000188125
-.0002225
-.000211562
-.000223437
-.000230937
-.00024
-.000210312
-.00018125
-.000204687
-.000216562
-.000222187
-.000215312
-.0002225
-.000247812
-.000220625
-.000223125
-.000225625
-.000214687
-.00021375
-.000198437
-.000205312
-.000214062
-.000203437
-.000225937
-.000206875
-.000234062
-.00024125
-.000237812
-.000234062
-.000200625
-.0002
-.000218125
-.00021
-.0002175
-.000235
-.000256875
-.000259062
-.000243437
-.000205312
-.000205625
-.00019375
-.00019
-.000204687
-.000236562
-.000220937
-.000228125
-.000205937
-.000211875
-.000239062
-.00023125
-.000190625
-.000205312
-.000215
-.000216562
-.000191875
-.000217812
-.000215937
-.00021625
-.000219687
-.000225625
-.00021375
-.000223125
-.000207812
-.0001925
-.0001825
-.000218437
-.000215312
-.000239062
-.000233125
-.000237187
-.00021875
-.000224375
-.000190312
-.000225312
-.00020375
-.000219062
-.000249062
-.000219375
-.000212187
-.00021375
-.000217812
-.000207187
-.000200625
-.00019375
-.000240312
-.00025875
-.000241875
-.000225937
-.000205937
-.000198437
-.000220937
-.000215312
-.0002425
-.00023125
-.000213125
-.000235312
-.000247187
-.000213125
-.000233125
-.00022625
-.000199062
-.00021125
-.000185937
-.000219375
-.000214375
-.00022375
-.000227812
-.000230937
-.000234062
-.000232812
-.000203125
-.000190625
-.000221875
-.0002175
-.000197187
-.000239375
-.00020875
-.000262187
-.000225937
-.000200312
-.00018875
-.000205312
-.000202812
-.000233437
-.000226562
-.000197812
-.000207187
-.000181875
-.000198437
-.000205625
-.000195312
-.000209687
-.000231562
-.000215625
-.000227812
-.000217187
-.000207812
-.000223437
-.000223437
-.000250625
-.000195625
-.000206562
-.00021625
-.000204687
-.000239687
-.0002275
-.000247812
-.000229062
-.00022625
-.000182812
-.000213125
-.00019375
-.0001925
-.000192187
-.000223437
-.000230937
-.00022625
-.000209375
-.000191562
-.000239062
-.000211562
-.000179062
-.0002125
-.000209062
-.000231562
-.00023125
-.0002125
-.000229687
-.000237812
-.000213437
-.00019625
-.000219687
-.00025125
-.000221562
-.00022
-.000206562
-.000226562
-.000230937
-.000228125
-.0002175
-.000201562
-.000199687
-.000176875
-.000222187
-.000209062
-.000199062
-.000192812
-.000225
-.000200937
-.00021
-.000213437
-.000198437
-.00017625
-.000210625
-.000214062
-.000235312
-.000215625
-.000230625
-.00021125
-.000196875
-.000191562
-.000205937
-.000245625
-.000227187
-.000222812
-.000231875
-.000231875
-.000236562
-.000185625
-.000166562
-.00021125
-.000223437
-.00022125
-.000220312
-.00021125
-.000224375
-.000220937
-.000228437
-.000242812
-.000222187
-.000221562
-.000212812
-.0002
-.000228437
-.000210937
-.00022625
-.000225
-.000211562
-.000195937
-.000219062
-.000224375
-.000230937
-.000209062
-.000210625
-.000186875
-.0002175
-.00022625
-.000222187
-.00022125
-.0002325
-.000203125
-.000198437
-.00021125
-.000225
-.00022
-.000228125
-.000237812
-.000216562
-.000193125
-.000225
-.000204687
-.000224375
-.000216875
-.000250312
-.000197187
-.000239375
-.000227187
-.000230937
-.0002275
-.000199062
-.000203437
-.00020625
-.0002375
-.000235937
-.000199375
-.0002275
-.00021875
-.000197187
-.000193125
-.000188125
-.000212187
-.00022375
-.00023625
-.00023625
-.000232812
-.000265625
-.000226875
-.0002
-.000216875
-.00018375
-.000194687
-.000194687
-.000215625
-.000217812
-.000210625
-.000210625
-.000210625
-.000216875
-.000228125
-.000205937
-.000225937
-.000190625
-.000188437
-.000229375
-.000220312
-.000234687
-.000222812
-.000235312
-.00023125
-.00022625
-.000200312
-.00021375
-.0002125
-.000195312
-.000224687
-.000234062
-.000207187
-.000203125
-.000211875
-.000234062
-.000206875
-.00019125
-.000182187
-.00021875
-.000207812
-.000219375
-.000205937
-.000200312
-.000212812
-.0002075
-.000180625
-.000208437
-.000219375
-.000242187
-.00023
-.000239375
-.00022875
-.000216875
-.000225937
-.000221875
-.000209375
-.000220312
-.000216562
-.000205625
-.00019125
-.000237812
-.000204062
-.000228437
-.0002225
-.000183437
-.000178125
-.00021125
-.000214687
-.000213125
-.000223125
-.000257812
-.000220312
-.000251562
-.000213437
-.000218437
-.000215
-.000206562
-.000189062
-.000217187
-.000184687
-.000240625
-.000212812
-.000235937
-.000193437
-.000214375
-.000194062
-.000209687
-.000192187
-.00021625
-.00023
-.000239375
-.000224687
-.000195312
-.000197187
-.00021125
-.000211562
-.000205312
-.000216562
-.000200312
-.000201562
-.000234062
-.000225625
-.00024
-.000224375
-.000209062
-.000214375
-.000213437
-.00018375
-.000219062
-.000207187
-.000256875
-.000214375
-.000198125
-.000191562
-.0002125
-.000218437
-.00021
-.000198125
-.000220625
-.000209375
-.000237812
-.000224687
-.000215937
-.000202187
-.000192812
-.000188437
-.00020625
-.000214375
-.000225
-.000205312
-.000225937
-.000207187
-.000209062
-.000215
-.000213125
-.000201875
-.00019625
-.000215937
-.000209375
-.000226875
-.000212812
-.000234375
-.00023625
-.0002025
-.000221562
-.000210312
-.000205625
-.000206562
-.0002475
-.000210625
-.000222187
-.000215312
-.000194375
-.000221562
-.00021875
-.00022625
-.00021375
-.000219687
-.0002025
-.000209687
-.00024375
-.000215
-.000212812
-.000199375
-.000208125
-.000198437
-.000209062
-.000218437
-.000221562
-.000210937
-.0002425
-.000214375
-.000206562
-.000204062
-.000215937
-.00021875
-.000208437
-.000215625
-.00021375
-.0002225
-.000225625
-.000204375
-.000205312
-.000213125
-.000223437
-.000205937
-.000210625
-.000184062
-.00021875
-.000215625
-.000228437
-.000186875
-.000206562
-.000221562
-.000235625
-.000221562
-.000236562
-.000215625
-.000211562
-.00024625
-.00024125
-.000234687
-.000212812
-.000205312
-.0002275
-.000167812
-.0002
-.000215
-.00021375
-.000223437
-.000229062
-.000214687
-.000220625
-.000218125
-.000190625
-.000224062
-.000216875
-.000209687
-.000193125
-.000228125
-.000232812
-.000200625
-.00020125
-.0002275
-.000223437
-.000194375
-.000205625
-.000212187
-.00021875
-.00021875
-.000228125
-.00022125
-.000234687
-.00020375
-.000228437
-.000201875
-.000206875
-.000195312
-.000200312
-.000251562
-.000236875
-.000211562
-.000211875
-.0002125
-.00018875
-.000188437
-.00020375
-.00020625
-.000244687
-.000224687
-.000235312
-.0001975
-.00018375
-.000209375
-.000210312
-.000216875
-.000219687
-.000191562
-.000203125
-.00019375
-.000209687
-.00025125
-.000220937
-.000215937
-.000204375
-.000195
-.000203437
-.000217187
-.000201875
-.000205937
-.000214375
-.000218437
-.000210625
-.00018125
-.000228437
-.000181875
-.000183437
-.000209375
-.000205
-.000230937
-.000224062
-.000245
-.000195625
-.000217187
-.000194375
-.000200312
-.00019375
-.000193125
-.000235312
-.000224062
-.000222812
-.000191875
-.00021
-.000187187
-.0002175
-.000221562
-.000215937
-.000220937
-.000209687
-.000214375
-.000242812
-.000229375
-.000203125
-.000217812
-.000212812
-.000215
-.000195937
-.0002025
-.000200937
-.000185625
-.000220312
-.000195312
-.000209062
-.00022
-.000195312
-.0002025
-.000204375
-.0002
-.000214375
-.00021875
-.000228125
-.000235312
-.000230625
-.000206875
-.000194062
-.000224687
-.0002225
-.00020625
-.000212812
-.000228125
-.000210625
-.000211875
-.00019875
-.00021125
-.000207187
-.000205937
-.00018875
-.000225625
-.0002275
-.000234375
-.000209375
-.000230937
-.000225
-.000202187
-.00020875
-.000193437
-.00021875
-.000200625
-.000234687
-.000245
-.000256562
-.000202812
-.00022
-.000200625
-.000207812
-.000179375
-.00018125
-.000214375
-.000236562
-.00024125
-.000211875
-.000205312
-.0002075
-.000204375
-.000243437
-.000195625
-.000189687
-.00020875
-.00021
-.000213125
-.000222812
-.000235937
-.000237187
-.000238125
-.000233437
-.000231562
-.000224687
-.000215625
-.000189687
-.00022375
-.000206562
-.000195937
-.000218437
-.000199062
-.000204062
-.000192812
-.00021875
-.0002075
-.000211875
-.000244062
-.000204687
-.000224375
-.00020875
-.000211875
-.000229062
-.000212187
-.000191562
-.000210937
-.0001875
-.000219062
-.00024875
-.000213437
-.000201875
-.000209062
-.000207187
-.000196875
-.000225625
-.000210312
-.000225937
-.000235625
-.00021
-.00022125
-.000205312
-.00019625
-.00020375
-.00021625
-.0001975
-.000231875
-.000225
-.000230937
-.00024
-.000230937
-.000231562
-.000188125
-.000189687
-.00021375
-.000221562
-.00021625
-.000216562
-.000217812
-.000219375
-.000212187
-.000220312
-.0002275
-.000228125
-.000185
-.000223125
-.000206875
-.000230625
-.000237812
-.000232187
-.000210625
-.0002025
-.000207187
-.000183437
-.000204687
-.000214375
-.000203125
-.00023375
-.000215
-.000238125
-.000187812
-.000190312
-.000202812
-.000210625
-.000223125
-.000220312
-.000214687
-.0001675
-.000208125
-.000219687
-.00023375
-.000221562
-.000180937
-.000194375
-.000211562
-.000197187
-.000204375
-.000203125
-.0002375
-.000232812
-.000223125
-.000191562
-.000210625
-.000202812
-.000214687
-.000196562
-.000207812
-.00021375
-.000208437
-.000220312
-.00023375
-.00021125
-.000172812
-.000202187
-.000200312
-.000206875
-.000207812
-.000229375
-.000255
-.00022875
-.000216875
-.000209375
-.000207187
-.0002125
-.000238437
-.000232187
-.000207187
-.000233125
-.000201562
-.000205
-.000235312
-.00021125
-.000219062
-.000215937
-.000197187
-.000212812
-.00019625
-.000216875
-.000226875
-.000236875
-.000208437
-.000212187
-.000207187
-.000197812
-.000239687
-.000204062
-.000207187
-.000205937
-.000221562
-.000255312
-.000204375
-.000213437
-.000235937
-.000195937
-.000213437
-.000197187
-.000224062
-.000209375
-.000225937
-.000203437
-.000196562
-.000189687
-.000192812
-.000207812
-.000207812
-.000221562
-.00022
-.000214687
-.000215
-.000195312
-.000204062
-.000220625
-.00018875
-.000218125
-.00020625
-.000202812
-.000225
-.000212812
-.000195937
-.000206875
-.000224687
-.000210312
-.000221875
-.0002475
-.000213125
-.000187812
-.000199687
-.000215312
-.000207187
-.00023875
-.00020625
-.000210312
-.000198125
-.000186562
-.000190312
-.000179062
-.000191875
-.000225
-.000236875
-.000215625
-.000224687
-.000232812
-.00022125
-.00019
-.000200625
-.000194687
-.000205312
-.0002175
-.00023875
-.00021375
-.000202812
-.000195625
-.000219062
-.000206875
-.000204062
-.000195312
-.000222812
-.00022875
-.000187812
-.000226875
-.000204687
-.000168437
-.00021125
-.00019625
-.000215
-.000192812
-.000237812
-.000211562
-.000222812
-.000222812
-.000205312
-.000215
-.000195
-.00021375
-.000195937
-.0002225
-.000205312
-.0002275
-.00021
-.000213437
-.000201875
-.000181562
-.000246875
-.000189375
-.000190937
-.000180312
-.000203437
-.000209062
-.0002275
-.000228437
-.000227187
-.00024875
-.00020375
-.00017375
-.000182187
-.000222187
-.000213437
-.000214062
-.000210625
-.000215625
-.000228437
-.00020375
-.000192187
-.000185
-.00018
-.0002025
-.000216562
-.000219062
-.000244687
-.000225937
-.000236875
-.00021125
-.000213125
-.000195
-.000188125
-.000222187
-.00022
-.00021625
-.000204062
-.000204687
-.000217812
-.000197812
-.000218437
-.00020375
-.000207187
-.000195312
-.000210625
-.000180625
-.000210937
-.000199687
-.000228437
-.000231562
-.000170312
-.000205
-.000214687
-.000205625
-.000209375
-.000255937
-.000225625
-.000200312
-.000195312
-.000218437
-.000200625
-.000210625
-.000180937
-.000184375
-.000209687
-.000205937
-.00023875
-.000251875
-.000225312
-.000203125
-.000204062
-.000204062
-.000205625
-.000205
-.000195937
-.000230937
-.000215312
-.00022875
-.00021875
-.00019875
-.000209687
-.0002025
-.000224375
-.000215625
-.000230312
-.00022875
-.000220625
-.000220625
-.00021875
-.000234062
-.00019625
-.000190937
-.0002225
-.000228125
-.000248437
-.000256562
-.000218125
-.000231875
-.000195
-.000195937
-.000196875
-.000225312
-.000180625
-.0001925
-.000230312
-.000207812
-.000182187
-.000205937
-.000208125
-.000200625
-.000184687
-.000188125
-.000203437
-.00023375
-.000209687
-.000221562
-.000197812
-.000215312
-.000210937
-.000235625
-.0001725
-.000216875
-.000195312
-.00021375
-.0002075
-.00018875
-.000222187
-.000214687
-.000209062
-.000197187
-.000184375
-.00022375
-.000188125
-.000211875
-.000200937
-.000233125
-.000195937
-.000200312
-.0002175
-.000219687
-.000203437
-.000214687
-.000210312
-.00021625
-.000212187
-.000239687
-.000185937
-.00021375
-.00019
-.0002075
-.000201875
-.0001775
-.0001825
-.000225
-.00023
-.00021
-.00024875
-.000214687
-.000187187
-.000196562
-.000174375
-.00018375
-.000199062
-.000210312
-.000227812
-.000241875
-.000218125
-.00020875
-.000197812
-.0001975
-.000201875
-.000229687
-.000209375
-.000197187
-.000189375
-.000220937
-.000200312
-.000204062
-.0002075
-.000209687
-.000190937
-.00023625
-.000195937
-.000209687
-.000214062
-.000202187
-.000215625
-.00022625
-.000253125
-.000208437
-.000218125
-.000202812
-.00022125
-.00021875
-.000200312
-.000210937
-.000213125
-.000213125
-.000210312
-.000216875
-.000216562
-.00021
-.0002125
-.000195937
-.000206562
-.000196562
-.000222187
-.000209687
-.000204687
-.00020375
-.00017875
-.00017
-.000189375
-.00021625
-.000239062
-.000250625
-.000205625
-.000219687
-.000201875
-.000201562
-.000192187
-.000211562
-.000225
-.000201562
-.000243125
-.000242812
-.000230312
-.000184062
-.000169375
-.000186875
-.0002
-.000184062
-.000199375
-.000195
-.000194687
-.000228437
-.000210937
-.000236562
-.000208125
-.000226875
-.000219375
-.00022625
-.000210312
-.000192812
-.00020125
-.000207812
-.000237812
-.0002375
-.000231875
-.000211875
-.000205
-.000213125
-.000194062
-.000174687
-.000224062
-.000196875
-.0002125
-.000239687
-.00022125
-.000198125
-.000202187
-.000194375
-.00020625
-.000218125
-.000207812
-.000228437
-.00024875
-.00023875
-.000215625
-.000169062
-.00018875
-.000173125
-.000216562
-.0002225
-.000247187
-.000230937
-.0002425
-.00020375
-.00017375
-.000186562
-.000188437
-.000177187
-.000200625
-.00023
-.000218437
-.000229687
-.000207187
-.00022
-.000220937
-.000218437
-.000205312
-.000224375
-.000196562
-.000228125
-.000186875
-.000203437
-.000204687
-.000194687
-.00020125
-.000225
-.0002
-.0002025
-.000215
-.000171562
-.000205
-.000205312
-.000215312
-.000224375
-.000210312
-.000195937
-.000194687
-.0001925
-.000200312
-.000205
-.000233125
-.000240312
-.000234687
-.000211875
-.0002125
-.000194687
-.000196875
-.000218125
-.000204375
-.000197812
-.0002125
-.000239062
-.000222187
-.000209375
-.0002
-.000209687
-.0002
-.0002175
-.000233125
-.000232812
-.000233125
-.000260625
-.0001925
-.0002275
-.000218437
-.000226875
-.000209062
-.0002
-.000221875
-.000209375
-.000233125
-.000238437
-.000227187
-.000232812
-.000198125
-.000195312
-.0001725
-.000181875
-.0001825
-.000208437
-.0002175
-.000217187
-.000182812
-.0002225
-.000236875
-.000207187
-.000200312
-.000196875
-.000205
-.000235625
-.000213437
-.00021375
-.00021625
-.000205
-.000180937
-.00019625
-.000198437
-.000214375
-.000223125
-.000220312
-.000225312
-.000200937
-.0002275
-.000218437
-.000210312
-.000207187
-.000200625
-.000218125
-.000197812
-.000170937
-.000188125
-.00024
-.000228437
-.000231875
-.000208437
-.000205
-.000219375
-.000217812
-.000162812
-.000194375
-.000229062
-.000205312
-.000220937
-.000224375
-.000204375
-.000195312
-.000198125
-.000192187
-.0002125
-.000228125
-.000211562
-.00021
-.000228125
-.000198437
-.000213437
-.00020375
-.000192187
-.0002
-.00021375
-.00023875
-.000217812
-.000189375
-.000204062
-.000215312
-.000206875
-.000187187
-.000229687
-.00021625
-.000190312
-.000215937
-.000195312
-.000224687
-.000216562
-.000232812
-.000205625
-.000204375
-.000197187
-.000194375
-.000215
-.000205312
-.000223125
-.000243437
-.000219062
-.000234062
-.00021
-.000212187
-.00020125
-.000222187
-.000217812
-.000237812
-.000201875
-.000238125
-.000225312
-.000233437
-.000216562
-.000220625
-.000214375
-.00019375
-.000188125
-.000205
-.000213437
-.000225312
-.00020375
-.00020125
-.00019375
-.000226875
-.000207187
-.000168437
-.000180937
-.000186562
-.00023625
-.000249687
-.000222187
-.000211562
-.000204375
-.000209375
-.000210937
-.000201562
-.000230312
-.000221562
-.000203437
-.000210937
-.000163437
-.000217812
-.000189687
-.000205
-.00022125
-.000210937
-.0002025
-.00020625
-.000197187
-.000214687
-.0002525
-.000219062
-.000203437
-.000216562
-.000197812
-.000182187
-.0002325
-.000242812
-.000220625
-.000204687
-.000207187
-.000215312
-.000204687
-.000195625
-.000202187
-.00020125
-.000204375
-.000214062
-.000234062
-.000210937
-.000202812
-.000211875
-.000189062
-.000205312
-.000173125
-.00021125
-.000191562
-.000224375
-.000212812
-.000219062
-.000233437
-.0002325
-.00023
-.000195937
-.000185625
-.000200625
-.00019
-.000197187
-.000214062
-.000208437
-.0002025
-.000219375
-.0002
-.000197812
-.00018875
-.000193125
-.00021875
-.000245625
-.000198437
-.000216875
-.000215937
-.00021125
-.000213125
-.000209062
-.000209687
-.000211562
-.00021
-.000210312
-.000204062
-.00021625
-.000240625
-.000221562
-.00022875
-.000177187
-.000181562
-.000198437
-.00021125
-.000233437
-.000213437
-.000217187
-.000192187
-.00021375
-.00020625
-.000206562
-.000200312
-.000175937
-.000224375
-.000222812
-.000228125
-.000235937
-.00022
-.00022875
-.000215312
-.00022125
-.00016625
-.0001975
-.0002
-.000209062
-.000245
-.000221562
-.000223437
-.000213125
-.0002025
-.000165625
-.00019625
-.000229375
-.000188125
-.000215937
-.000214687
-.000216562
-.000222187
-.000230312
-.000200312
-.00020125
-.000207812
-.000192812
-.000219687
-.00020875
-.0002075
-.000212812
-.000206875
-.0001975
-.000207187
-.000211875
-.000224687
-.000218437
-.0001925
-.000194062
-.00021
-.000221875
-.00022375
-.00022125
-.000204062
-.000205937
-.000179062
-.000231875
-.000219375
-.00020375
-.000214062
-.000208437
-.000194375
-.000222187
-.000204687
-.000204375
-.000241562
-.000225312
-.000205
-.000213125
-.000205937
-.000231875
-.000233125
-.000209375
-.000185312
-.000194375
-.000197187
-.000215
-.000219375
-.000213437
-.000191562
-.000203125
-.0002025
-.000199062
-.000195
-.000202187
-.0002025
-.000205
-.000209687
-.000244062
-.000225625
-.000244687
-.00019375
-.000196562
-.000165
-.000205937
-.000193125
-.000213437
-.000209687
-.00020875
-.0002125
-.00018625
-.000178125
-.000191562
-.000206562
-.000195937
-.000206875
-.000192812
-.000197187
-.000182812
-.000192812
-.000213437
-.000225625
-.000206562
-.00021
-.00020125
-.00020875
-.000199375
-.000217812
-.0002125
-.000213125
-.000192187
-.000211875
-.00021375
-.000182187
-.000212187
-.000205312
-.000212187
-.000189375
-.00019875
-.00020125
-.0002125
-.000200937
-.000212812
-.000185
-.000197187
-.00019875
-.0001975
-.000215312
-.000255625
-.000196562
-.0002325
-.00021375
-.000207187
-.000198125
-.000180312
-.000205625
-.000192812
-.000202187
-.000189062
-.000236875
-.000250937
-.000219062
-.000198125
-.00018
-.0001925
-.000187187
-.000200312
-.000209687
-.000213125
-.000229062
-.000212812
-.000214687
-.000221875
-.000222187
-.0002025
-.000222187
-.0002075
-.000223125
-.00020375
-.000220625
-.000211875
-.000194062
-.000194375
-.000217187
-.000215625
-.000206562
-.00018375
-.000193125
-.0002025
-.000196562
-.000222187
-.00021125
-.000213437
-.000205312
-.00019875
-.00023125
-.000213437
-.000212812
-.000200312
-.000231875
-.00022
-.00022125
-.000197812
-.00017875
-.00019625
-.0001675
-.000215312
-.000214062
-.000213437
-.000225312
-.00022625
-.000203125
-.000195625
-.00017875
-.000204687
-.000195937
-.000206875
-.000217187
-.000239687
-.000228437
-.00022
-.000230937
-.000180312
-.000213437
-.00016875
-.000194375
-.000219062
-.000205625
-.000220937
-.00024875
-.000193125
-.000174375
-.000233125
-.000221875
-.000211562
-.000225937
-.000214062
-.0001925
-.000198125
-.000217187
-.000216562
-.000240625
-.00020625
-.000209687
-.000204687
-.000203125
-.000211562
-.0002075
-.000212187
-.000205312
-.000209687
-.00022875
-.000215312
-.000202187
-.000217187
-.000201562
-.000195
-.000205312
-.000220625
-.000231875
-.00022
-.000199062
-.0002025
-.00016375
-.00017
-.000199375
-.000220312
-.0002
-.00022125
-.00022625
-.000203437
-.000182812
-.000210937
-.000195
-.000185
-.000230312
-.000210937
-.000202187
-.000217812
-.000206562
-.000184062
-.000216562
-.000198125
-.000201875
-.000208125
-.00019125
-.000224062
-.000211562
-.000197812
-.000194687
-.000226562
-.000214062
-.000252812
-.000198437
-.000213437
-.000199375
-.000220625
-.000194687
-.00018375
-.000202812
-.00019125
-.000237187
-.000219062
-.000184375
-.000188125
-.000188437
-.00021375
-.000195937
-.000217812
-.000234062
-.000185312
-.000214062
-.000206562
-.00017875
-.000167187
-.00022375
-.000185937
-.00022875
-.000251875
-.000225
-.000211562
-.00021125
-.000198437
-.000180312
-.000204062
-.0002
-.00021375
-.000204687
-.000223437
-.000202187
-.000226562
-.000205625
-.000208125
-.000208437
-.00019
-.000190937
-.00020875
-.000205
-.000207187
-.000203437
-.000230312
-.000220937
-.000220937
-.000179375
-.000189687
-.00020375
-.000211875
-.000201875
-.000198437
-.00018375
-.000185312
-.00018125
-.000194687
-.000197812
-.000215625
-.00019
-.0002075
-.00021125
-.00022125
-.000224062
-.00021125
-.000209687
-.000223125
-.000179062
-.000203125
-.000200625
-.000215
-.000213125
-.000225937
-.000195937
-.000219062
-.000209062
-.000214375
-.00021625
-.00018625
-.000193437
-.000199375
-.000190625
-.000215
-.0002325
-.000229687
-.0002225
-.000172187
-.000192812
-.000181875
-.000200625
-.000205312
-.000229687
-.000211562
-.0002125
-.000221875
-.000205
-.000206562
-.000192187
-.000183125
-.0001875
-.000215937
-.000221875
-.000225625
-.000191562
-.000219375
-.000207812
-.000219375
-.000202812
-.00017375
-.000215937
-.000221875
-.000209062
-.0002075
-.000212187
-.000184062
-.000229062
-.00021625
-.00021375
-.00022625
-.000218437
-.000184687
-.000200937
-.000206875
-.00021375
-.000207187
-.000224375
-.00025375
-.000196875
-.00022375
-.000214375
-.000205625
-.000225937
-.000224687
-.000223125
-.000211875
-.0002225
-.000187187
-.000183125
-.00019125
-.000198125
-.000200625
-.000215625
-.000215937
-.000226562
-.000214062
-.000213125
-.000201875
-.000224062
-.000158437
-.000202812
-.000190625
-.000220937
-.0002325
-.000226875
-.000179375
-.0001775
-.0001725
-.000195312
-.000199062
-.000203125
-.000182187
-.000214375
-.000210625
-.000220625
-.000217187
-.000199375
-.000225312
-.000191875
-.000220937
-.000209687
-.000210625
-.000204375
-.000244375
-.00018
-.00022375
-.000213437
-.000214375
-.000224062
-.000207187
-.000189687
-.000192812
-.000201875
-.00019875
-.000191875
-.0002175
-.00024875
-.000191875
-.000185937
-.000213125
-.000212812
-.000202812
-.00019375
-.000230312
-.000208437
-.00020875
-.000218125
-.00022625
-.00020375
-.000195625
-.000202187
-.000198125
-.00019875
-.000242812
-.000245
-.0002425
-.000223437
-.000199687
-.000166562
-.000225625
-.000210625
-.000199375
-.00021
-.000226562
-.000213125
-.000234375
-.000208125
-.00020625
-.000181875
-.000195625
-.000185
-.0002
-.000180625
-.000184062
-.000230625
-.0002075
-.000239375
-.000199375
-.000200625
-.0001725
-.000194687
-.00021875
-.000247812
-.000204687
-.000220312
-.000203437
-.00018125
-.0002125
-.000204687
-.000200312
-.000204062
-.000194062
-.000185937
-.000189062
-.00020875
-.00020875
-.000168125
-.000197812
-.000189062
-.000210312
-.000198437
-.000225625
-.000193437
-.00022
-.000224375
-.00018875
-.000199062
-.000194687
-.000225937
-.000206562
-.000235312
-.00022
-.000189375
-.000225625
-.000240312
-.000220625
-.000210937
-.000184687
-.000199687
-.0002125
-.0001625
-.000224062
-.000228437
-.000216875
-.000202812
-.000220937
-.00018375
-.000200625
-.000179687
-.000184062
-.000198125
-.00022
-.000243437
-.000226562
-.000189687
-.000205
-.000212187
-.000205625
-.000210312
-.000186875
-.000215625
-.00023125
-.000204687
-.000234375
-.00020625
-.0002025
-.000205937
-.000223125
-.000194062
-.000230312
-.000194375
-.0001825
-.000191562
-.000191562
-.000227187
-.000203437
-.000221562
-.000204687
-.000176875
-.000204375
-.000198437
-.000192187
-.000220625
-.000230625
-.000199062
-.000212812
-.0002
-.000190625
-.00018
-.00018
-.00018625
-.000214375
-.000208437
-.00021625
-.000224062
-.00020875
-.00017625
-.00021
-.00018125
-.0001825
-.000196875
-.000210312
-.00023625
-.000229062
-.000185
-.0002075
-.000190625
-.000190937
-.000194687
-.00024125
-.000200312
-.000212812
-.00021
-.000211875
-.000210937
-.0002325
-.0002125
-.00021875
-.000203437
-.000214375
-.0002275
-.000215937
-.0002075
-.000193125
-.000196562
-.000202812
-.00020625
-.000197812
-.00022875
-.0002075
-.000178437
-.0002
-.000189375
-.000218125
-.000205937
-.000194687
-.000232187
-.000182812
-.000239375
-.000206562
-.00019125
-.0001925
-.00021
-.00019375
-.000235312
-.000203437
-.000191562
-.000212812
-.000227187
-.000198125
-.000205937
-.0001875
-.000200937
-.00022875
-.000249375
-.000208437
-.000227187
-.000207187
-.000191875
-.000211875
-.0002025
-.000214062
-.000216562
-.000211562
-.000195
-.000222812
-.000208125
-.00019375
-.000190937
-.000209375
-.000196562
-.000190937
-.0002025
-.000196562
-.000196562
-.0001975
-.000199687
-.000179687
-.000191562
-.000197812
-.0002225
-.000222812
-.00021
-.000212187
-.000198125
-.000210625
-.000205
-.000225312
-.000201562
-.000221562
-.00022125
-.000220625
-.000217812
-.000192812
-.000232812
-.0002475
-.000208437
-.000213437
-.000194687
-.000194375
-.000215
-.00019625
-.000216875
-.000257812
-.00021625
-.000220625
-.000209687
-.000210312
-.0002125
-.000207812
-.000191875
-.000189375
-.000192187
-.000215937
-.0002325
-.000201875
-.000191562
-.0001975
-.0001925
-.000194687
-.000199062
-.000195
-.000185937
-.000217812
-.000213125
-.00022
-.00020375
-.00020375
-.000192812
-.00024125
-.000203125
-.0002075
-.000204687
-.000196562
-.000214687
-.000205937
-.000232812
-.0002175
-.00020125
-.000209375
-.000218437
-.000208437
-.000209062
-.000204375
-.00020625
-.000199375
-.000220312
-.000175937
-.000212812
-.000184375
-.0001875
-.000209375
-.000176562
-.000193437
-.0002125
-.00022125
-.00021
-.000208437
-.000220312
-.000225625
-.000206562
-.000220312
-.000242187
-.00023375
-.000217812
-.000206875
-.000195625
-.00022
-.00018375
-.000188437
-.000215
-.000205937
-.000199375
-.000210937
-.00021
-.000212812
-.000201875
-.000191875
-.000174687
-.000187812
-.000201875
-.000217812
-.000189687
-.000212187
-.000226562
-.000235312
-.000236562
-.000228437
-.000197812
-.000212812
-.000215
-.000225937
-.000228437
-.00022125
-.000229062
-.000214375
-.000196562
-.00018875
-.00020375
-.000212812
-.000220625
-.000220312
-.00022
-.000185625
-.000188125
-.000191875
-.000205625
-.000217187
-.00022125
-.000225312
-.000244062
-.000175937
-.0001925
-.000192812
-.000229062
-.0002225
-.000186562
-.000188125
-.000207187
-.00021375
-.000183437
-.00021
-.00023625
-.000199375
-.00019875
-.000230312
-.000241562
-.000184375
-.000183437
-.000204375
-.000190312
-.000201875
-.000205937
-.0002275
-.000229062
-.0002025
-.0001775
-.000182812
-.0001775
-.00019875
-.000217187
-.000219375
-.000220312
-.0002275
-.00021
-.000239687
-.000210625
-.000221875
-.000227187
-.000207187
-.00021875
-.00021375
-.000215937
-.000214375
-.000215937
-.000206875
-.000197812
-.000197812
-.000193437
-.000187812
-.00022875
-.000223125
-.000198125
-.000203125
-.000216875
-.000200625
-.0002275
-.000214062
-.00019625
-.00021375
-.000190625
-.000210625
-.000195937
-.000225312
-.000244687
-.000196562
-.000218125
-.000234375
-.000197812
-.000191875
-.0002075
-.00021375
-.00020125
-.000190625
-.000176875
-.00018875
-.000212187
-.000208437
-.00022375
-.000185625
-.00017375
-.000189062
-.000170312
-.000218437
-.000188437
-.000216875
-.00019125
-.000170312
-.0001525
-.000176562
-.000187187
-.000227812
-.000212187
-.000234375
-.000184375
-.000205
-.000186562
-.000168437
-.00017375
-.000184062
-.000214062
-.000209062
-.000215937
-.000176875
-.000208125
-.000209062
-.00018
-.000205937
-.000188125
-.000210312
-.000227187
-.00021125
-.000210625
-.000169062
-.000209062
-.000212812
-.000192812
-.000225
-.000225
-.00021125
-.00020125
-.000202812
-.000174375
-.00019375
-.00023625
-.000179687
-.000187812
-.000208437
-.000173125
-.000200312
-.000180937
-.000197812
-.000190937
-.000204062
-.000204687
-.0002025
-.000224062
-.000205625
-.000201875
-.000179375
-.00018875
-.000200312
-.0002025
-.000206875
-.000232812
-.000230625
-.0001825
-.000189687
-.000181562
-.000199687
-.00021375
-.000220625
-.000197187
-.000215312
-.000176875
-.000200312
-.00017375
-.000194062
-.000205625
-.000195312
-.000207812
-.000204062
-.000220312
-.000205
-.000196875
-.000197812
-.000200625
-.000213437
-.000213437
-.00017375
-.000213437
-.00017375
-.000190937
-.000221875
-.000226562
-.000236875
-.0002275
-.000169687
-.000193125
-.000183125
-.000189687
-.00019375
-.000192812
-.000198125
-.000186562
-.000193125
-.000198125
-.000199375
-.000176562
-.00019875
-.00022125
-.00021625
-.000194687
-.000192812
-.000196875
-.000201562
-.00020625
-.000215312
-.000196562
-.000200937
-.000195312
-.00018625
-.000209375
-.000227187
-.000199062
-.000168437
-.00017875
-.000177187
-.000207812
-.0002225
-.000181562
-.00020125
-.000218437
-.000219375
-.000210937
-.000201875
-.000197187
-.00018625
-.000182187
-.00021
-.000203125
-.000190937
-.000223437
-.000215625
-.00021625
-.000199062
-.000196562
-.00017625
-.000167812
-.000194062
-.000205312
-.000220312
-.000202812
-.000210312
-.000212812
-.000221562
-.00020125
-.000205937
-.000185
-.000184375
-.000187812
-.000214687
-.00018875
-.000199687
-.000223125
-.000218437
-.000175625
-.000214687
-.000206875
-.000214687
-.000231562
-.00018875
-.00021125
-.0001825
-.000217812
-.00017625
-.00019625
-.000199687
-.000185
-.000166875
-.00019125
-.000194687
-.000205937
-.000232187
-.000204687
