2500
2.e-09
250
.506226
-.00025625
-.00023125
-.00028125
-.000278125
-.000275
-.000298438
-.000315625
-.000257813
-.000282813
-.000290625
-.000290625
-.000282813
-.00026875
-.000323438
-.000339063
-.000307813
-.000284375
-.000279688
-.000267188
-.00030625
-.00025625
-.000284375
-.000289063
-.00031875
-.000307813
-.000320313
-.0003375
-.000339063
-.000332813
-.000303125
-.000285938
-.000320313
-.000296875
-.000257813
-.00028125
-.00028125
-.000282813
-.000251563
-.00030625
-.000267188
-.000325
-.000271875
-.000298438
-.000273438
-.000290625
-.0002625
-.000234375
-.000253125
-.000290625
-.00023125
-.000270313
-.000248438
-.000273438
-.000275
-.000264063
-.000285938
-.000251563
-.000270313
-.00026875
-.000317188
-.000307813
-.000273438
-.000292188
-.000298438
-.000285938
-.000285938
-.00025
-.000265625
-.000275
-.000314063
-.000282813
-.000273438
-.000276563
-.0003
-.000323438
-.000329688
-.000340625
-.000270313
-.000251563
-.000284375
-.00028125
-.000273438
-.000260938
-.00021875
-.000265625
-.000273438
-.000254688
-.000314063
-.000296875
-.000276563
-.000282813
-.000279688
-.000285938
-.00028125
-.000290625
-.000301563
-.0003125
-.0002875
-.000296875
-.000242188
-.000257813
-.000239063
-.000251563
-.000301563
-.00030625
-.00026875
-.000276563
-.0003
-.000282813
-.000284375
-.000298438
-.000275
-.00030625
-.0002875
-.0002625
-.000307813
-.000303125
-.000298438
-.000335938
-.0002875
-.0002625
-.000282813
-.000289063
-.000285938
-.000326563
-.000296875
-.00030625
-.000307813
-.000317188
-.000292188
-.0002875
-.000265625
-.000267188
-.000284375
-.00030625
-.000296875
-.000292188
-.000273438
-.0002375
-.000275
-.000275
-.000282813
-.000278125
-.0003125
-.000232813
-.000285938
-.000295313
-.00024375
-.000273438
-.000260938
-.00029375
-.000289063
-.000303125
-.000292188
-.00025625
-.000278125
-.000265625
-.00024375
-.000259375
-.000240625
-.000246875
-.000229688
-.000254688
-.00029375
-.000267188
-.0002875
-.000267188
-.000292188
-.00024375
-.000267188
-.000290625
-.000248438
-.00024375
-.000265625
-.000296875
-.000273438
-.0002625
-.00028125
-.000267188
-.000242188
-.0002125
-.000189063
-.000201563
-.000251563
-.000234375
-.000234375
-.000271875
-.000253125
-.000267188
-.000271875
-.000278125
-.0002625
-.000240625
-.000264063
-.000239063
-.000278125
-.000264063
-.000248438
-.0003
-.000303125
-.000304688
-.00030625
-.00026875
-.00025
-.000303125
-.000298438
-.00030625
-.000273438
-.0002875
-.000282813
-.000270313
-.0003
-.000301563
-.000309375
-.0003
-.000285938
-.00028125
-.000289063
-.000290625
-.000295313
-.000298438
-.00029375
-.0002875
-.000253125
-.0002875
-.00030625
-.000259375
-.000260938
-.0003125
-.000282813
-.000335938
-.0003125
-.000276563
-.000273438
-.000296875
-.0002375
-.000278125
-.0002625
-.000234375
-.000232813
-.000239063
-.00025
-.000229688
-.000290625
-.0003125
-.000282813
-.000303125
-.000326563
-.000307813
-.000275
-.000279688
-.00025
-.000242188
-.000260938
-.000259375
-.000234375
-.000214063
-.0002375
-.000226563
-.000229688
-.000273438
-.000223438
-.000217188
-.000239063
-.000232813
-.000225
-.000171875
-.000204688
-.000146875
-8.43752e-05
-6.09377e-05
-1.09377e-05
1.56248e-05
7.18748e-05
.000198437
.000242187
.000315625
.000385937
.00046875
.000601562
.000740625
.000879687
.00109062
.00131406
.00153281
.00179844
.00207812
.00238281
.00273125
.00314687
.00358437
.00400625
.00451875
.00506406
.00566719
.00625625
.00676094
.00728125
.0078375
.00833906
.00876562
.00910937
.00942656
.00973437
.00993594
.0101609
.0103578
.0105297
.0106125
.0106844
.0107406
.0107312
.0106969
.0106641
.0106031
.0105
.0103984
.0102531
.010075
.00992344
.00979531
.00956562
.00933906
.00914375
.00890312
.0087125
.00845781
.00822969
.00798594
.0077375
.00740781
.00712812
.0068375
.00652656
.0062625
.00594687
.00565
.00525469
.00495469
.00462812
.00430625
.00397812
.00365312
.00335625
.00300781
.00265937
.00233281
.00201406
.00168906
.00136719
.00108906
.000704687
.000378125
1.09373e-05
-.000335938
-.000667188
-.000964063
-.00128281
-.00167344
-.00200313
-.00232344
-.00266719
-.00300938
-.00332188
-.0036875
-.00397813
-.00433125
-.00465313
-.00500781
-.00532031
-.00563438
-.00596875
-.00625625
-.00655469
-.00687813
-.0072
-.00754844
-.00784063
-.00815313
-.00847813
-.00876562
-.00911406
-.00938125
-.00965937
-.00996875
-.0102234
-.0105328
-.0108281
-.011125
-.0113969
-.0116719
-.012
-.0121594
-.01245
-.0127562
-.0130375
-.0132891
-.013575
-.0138516
-.0141375
-.0144016
-.0146437
-.0149125
-.0151828
-.0154562
-.0157266
-.0159187
-.0162141
-.0164234
-.0166453
-.0168719
-.0171297
-.0173344
-.0175547
-.0178391
-.0180875
-.0182984
-.0185078
-.0187172
-.0188922
-.0190781
-.0192641
-.0195062
-.0197281
-.0198766
-.0200656
-.0202969
-.0204469
-.0206109
-.0208109
-.0209703
-.0211937
-.0212703
-.0214781
-.0216344
-.0217734
-.0218656
-.0219984
-.0220797
-.0221859
-.0222656
-.0223281
-.0222906
-.0222453
-.0221047
-.0218516
-.02145
-.0208906
-.0201641
-.0189391
-.0163453
-.0103172
.000570312
.0142422
.0259562
.0322469
.0331141
.0308016
.0281
.0265969
.0264125
.027
.027675
.0280844
.0279078
.0273109
.0265906
.0259312
.0251531
.0243812
.0234406
.0224078
.0212906
.0202531
.0192922
.0185641
.0181359
.0179312
.0177016
.0174453
.0170609
.0165359
.015875
.0150875
.0144016
.0137594
.0131094
.0125734
.0119594
.0112297
.0103687
.0095
.00879844
.00832344
.00798594
.00773594
.00751406
.0072125
.0069625
.0065875
.00615781
.00563437
.00513906
.00463594
.00422656
.00372969
.00321719
.00276094
.00236406
.00204844
.00177031
.00153125
.00134687
.00118594
.000876562
.000567187
.000264062
-.00011875
-.00041875
-.000739063
-.00109531
-.00142031
-.00177969
-.00214219
-.00242188
-.00268281
-.00303125
-.00325625
-.00362813
-.00386875
-.00419375
-.00437031
-.00457031
-.00467344
-.00480781
-.00485625
-.00496094
-.00499531
-.00503906
-.005125
-.00524844
-.00532969
-.00540781
-.00549531
-.00553438
-.00554844
-.00560938
-.00563125
-.00565625
-.00566563
-.00569844
-.00565
-.00552031
-.00550469
-.00539219
-.005375
-.00532813
-.00533594
-.00535938
-.00541719
-.00537344
-.00528594
-.00519844
-.00507344
-.00493125
-.00492656
-.00489688
-.00483594
-.00481875
-.00473281
-.00466094
-.00455156
-.00441563
-.00432031
-.00423438
-.00412969
-.00404688
-.00395781
-.00384531
-.00375781
-.00368125
-.00356875
-.00351406
-.00345
-.00345313
-.00347344
-.0034375
-.0034
-.00336406
-.00335313
-.00330156
-.00327031
-.00320469
-.00315781
-.00305938
-.00303438
-.00301406
-.00294844
-.00290469
-.00280313
-.00279063
-.00265625
-.00260313
-.00254063
-.00242031
-.00230156
-.00224375
-.00225469
-.00231094
-.00228281
-.0022625
-.00223438
-.00216875
-.00215
-.00207656
-.00205313
-.00200156
-.002
-.00193438
-.001875
-.00178594
-.00157344
-.00151094
-.00135313
-.00122969
-.00107031
-.000959375
-.000859375
-.0007375
-.000567188
-.000420313
-.000254688
-5.93752e-05
.000170312
.000392187
.000667187
.000896875
.00114531
.00138906
.00162031
.00186562
.00215312
.00246719
.00280469
.00312187
.00348125
.00385781
.00410937
.0044125
.00463125
.004875
.00504375
.0052375
.00541719
.00557656
.00577187
.00580312
.00597187
.0060125
.00612031
.00623125
.00631875
.00637656
.00639062
.00640937
.00639687
.0063375
.00628594
.00621719
.00612031
.00599375
.00590156
.00573594
.00552187
.00536719
.00515156
.00501094
.00484844
.00472187
.00459062
.00445469
.00433437
.0041625
.00395
.00379219
.00352969
.00330156
.00309375
.00292656
.00275469
.00256094
.00234844
.00214375
.00197812
.00178594
.00166406
.001575
.00135156
.00124531
.00111406
.00098125
.000825
.000676562
.000540625
.0003625
.000260937
.000176562
6.71873e-05
-1.09377e-05
-.00011875
-.000217188
-.000275
-.000385938
-.000442188
-.000459375
-.000503125
-.000565625
-.000575
-.000573438
-.000590625
-.000590625
-.000482813
-.000478125
-.00045
-.000435938
-.000351563
-.000323438
-.000284375
-.000251563
-.00021875
-.00016875
-.00015625
-.000148438
-9.37502e-05
-3.75002e-05
-5.62502e-05
-1.56252e-05
-1.56271e-06
-4.37502e-05
-2.96877e-05
-2.96877e-05
-2.81252e-05
-9.37521e-06
-1.56252e-05
-2.34377e-05
-2.14577e-10
6.09373e-05
3.59373e-05
.000104687
.000139062
.00018125
.000204687
.000210937
.000289062
.000242187
.000246875
.00023125
.000210937
.000189062
.00015625
.000126562
7.65623e-05
3.74998e-05
-1.56271e-06
-4.21877e-05
-7.65627e-05
-.000145313
-.000235938
-.00030625
-.000435938
-.000495313
-.000526563
-.000590625
-.000657813
-.000685938
-.000778125
-.00083125
-.00084375
-.000870313
-.000914063
-.000926563
-.000979688
-.00100625
-.001025
-.00103438
-.00100469
-.00105313
-.0010625
-.00104063
-.00105781
-.00106719
-.00103906
-.00113438
-.0011125
-.00113438
-.00110156
-.00112813
-.00114688
-.00113281
-.00114375
-.00111875
-.00113125
-.00112813
-.00115625
-.00115
-.00118594
-.00118594
-.00123594
-.00121406
-.00121563
-.00121094
-.00128125
-.00126406
-.00124531
-.00128594
-.00127656
-.00125
-.00126563
-.00120469
-.00115938
-.00113438
-.00105469
-.000965625
-.000871875
-.00078125
-.000720313
-.00061875
-.000484375
-.000401563
-.000335938
-.000239063
-.000203125
-.000153125
-6.56252e-05
9.37479e-06
9.37479e-06
6.09373e-05
.000142187
.000196875
.000271875
.000285937
.000315625
.000360937
.000376562
.000435937
.000490625
.00046875
.0005125
.00053125
.00055625
.00051875
.000503125
.000482812
.000421875
.0003875
.0003875
.000357812
.000345312
.000282812
.000220312
.000173437
.00018125
.000114062
9.06248e-05
3.74998e-05
-4.84377e-05
-8.43752e-05
-.000185938
-.000225
-.000307813
-.000404688
-.000417188
-.000523438
-.000585938
-.000684375
-.000760938
-.000815625
-.000929688
-.000975
-.00111719
-.0011875
-.00125781
-.00135938
-.00141875
-.0014625
-.00151719
-.00162031
-.00165313
-.00173438
-.00173281
-.00173594
-.00179375
-.00179375
-.00181719
-.00181719
-.00180313
-.0018
-.00179063
-.00181563
-.00181094
-.001775
-.00177188
-.0017
-.00166094
-.00164688
-.00165625
-.00159063
-.00153594
-.00146719
-.00140781
-.00140938
-.00129688
-.00126563
-.00118281
-.0011
-.00105
-.00102656
-.000965625
-.000971875
-.000909375
-.000878125
-.000857813
-.000815625
-.000775
-.000742188
-.00065625
-.000645313
-.000545313
-.00048125
-.000407813
-.00038125
-.000326563
-.000267188
-.000182813
-.000167188
-.00011875
-6.09377e-05
-4.84377e-05
-2.14577e-10
4.68748e-05
6.40623e-05
.000132812
.00011875
.00014375
.000159375
.000176562
.000176562
.000201562
.000198437
.000242187
.000259375
.000229687
.000196875
.00025
.000232812
.000246875
.00019375
.000201562
.000220312
.000189062
.000198437
.000225
.000167187
.00018125
.000178125
.000129687
.000120312
8.74998e-05
8.28123e-05
5.31248e-05
3.12498e-05
4.84373e-05
2.34373e-05
1.09373e-05
-3.90627e-05
-1.40627e-05
-1.40627e-05
1.56229e-06
-4.37502e-05
-7.18752e-05
-9.68752e-05
-.000110938
-.000142188
-.000210938
-.000279688
-.000323438
-.000354688
-.00035625
-.000417188
-.000473438
-.000498438
-.000503125
-.000542188
-.000623438
-.000634375
-.000676563
-.000620313
-.00063125
-.000670313
-.000676563
-.000645313
-.000667188
-.000629688
-.000617188
-.00063125
-.000634375
-.000634375
-.0006125
-.000617188
-.000596875
-.00058125
-.00053125
-.000546875
-.00053125
-.000503125
-.000510938
-.0004875
-.000465625
-.000470313
-.00043125
-.000429688
-.000435938
-.000435938
-.000496875
-.000490625
-.000528125
-.0005375
-.000498438
-.00050625
-.000529688
-.000504688
-.0005125
-.000534375
-.000546875
-.000492188
-.000485938
-.000515625
-.000528125
-.000503125
-.000517188
-.000489063
-.000496875
-.000451563
-.000446875
-.000439063
-.00043125
-.00045625
-.000470313
-.000423438
-.000459375
-.000459375
-.000454688
-.00049375
-.00045625
-.0004625
-.000470313
-.00051875
-.000534375
-.000498438
-.00053125
-.000579688
-.000573438
-.0005875
-.000632813
-.000628125
-.000642188
-.000676563
-.00073125
-.000745313
-.000760938
-.000732813
-.00079375
-.000835938
-.000804688
-.0008125
-.000851563
-.00086875
-.000878125
-.000842188
-.000842188
-.000815625
-.0007875
-.000795313
-.000796875
-.000776563
-.000707813
-.000715625
-.000675
-.000629688
-.000598438
-.00060625
-.000578125
-.000557813
-.000515625
-.000510938
-.000457813
-.00038125
-.000304688
-.000303125
-.000270313
-.000234375
-.000220313
-.000176563
-.000126563
-.000104688
-2.14577e-10
-1.40627e-05
8.90623e-05
8.90623e-05
.000123437
.0001375
.00018125
.000165625
.00020625
.00020625
.00024375
.000301562
.00029375
.000384375
.00033125
.000367187
.000335937
.000348437
.000385937
.00030625
.000339062
.000329687
.000326562
.0003375
.000301562
.000278125
.00024375
.000245312
.000242187
.000220312
.000189062
.00018125
.0001375
8.28123e-05
8.74998e-05
5.15623e-05
1.56229e-06
2.18748e-05
-2.50002e-05
-1.09377e-05
-4.84377e-05
-6.71877e-05
-6.71877e-05
-6.71877e-05
-9.68752e-05
-.0001125
-.000148438
-.000109375
-.000173438
-.00016875
-.000234375
-.000179688
-.000242188
-.000273438
-.0003
-.0002875
-.000329688
-.000353125
-.000357813
-.000398438
-.000390625
-.000434375
-.000467188
-.000453125
-.000498438
-.000521875
-.000560938
-.000585938
-.000585938
-.0006125
-.000601563
-.000632813
-.00069375
-.000667188
-.000690625
-.000703125
-.000682813
-.0006875
-.000653125
-.000639063
-.000604688
-.000653125
-.000660938
-.000628125
-.000582813
-.000576563
-.000529688
-.000515625
-.000492188
-.000426563
-.00044375
-.000390625
-.0003625
-.000314063
-.000315625
-.000303125
-.00024375
-.000210938
-.000215625
-.000228125
-.000203125
-.000176563
-.000165625
-.000176563
-.000182813
-.000196875
-.000178125
-.000146875
-.000165625
-.0001875
-.000139063
-.000165625
-.000142188
-.000167188
-.000132813
-.00013125
-.000126563
-.000135938
-.000160938
-.000140625
-.000139063
-.000153125
-.000151563
-.000154688
-.00016875
-.000189063
-.000195313
-.000173438
-.000214063
-.000223438
-.0001875
-.00023125
-.000232813
-.000253125
-.0002625
-.000282813
-.000307813
-.000284375
-.000292188
-.00031875
-.000339063
-.000365625
-.000398438
-.000354688
-.000409375
-.000414063
-.000446875
-.000440625
-.000442188
-.000470313
-.000475
-.000460938
-.0004875
-.000495313
-.000515625
-.000526563
-.000523438
-.000501563
-.000534375
-.000528125
-.000485938
-.000523438
-.0005
-.000509375
-.000476563
-.000517188
-.000523438
-.000523438
-.000526563
-.0004875
-.000478125
-.000485938
-.000453125
-.000445313
-.00046875
-.000471875
-.00048125
-.000451563
-.000439063
-.000445313
-.000407813
-.000392188
-.000404688
-.000357813
-.00038125
-.00036875
-.000364063
-.00035625
-.000371875
-.000334375
-.000353125
-.000296875
-.000325
-.000285938
-.0003
-.000278125
-.000248438
-.000284375
-.000278125
-.000282813
-.000275
-.000279688
-.000285938
-.0003125
-.000273438
-.000303125
-.000301563
-.000317188
-.000315625
-.000273438
-.000282813
-.000315625
-.000315625
-.000310938
-.000320313
-.000354688
-.000360938
-.000334375
-.000382813
-.000370313
-.00038125
-.00043125
-.000495313
-.00045625
-.000465625
-.000482813
-.000501563
-.000529688
-.000551563
-.00055625
-.000539063
-.0005875
-.000579688
-.000573438
-.000589063
-.000576563
-.0006125
-.0006125
-.000653125
-.00069375
-.000679688
-.000729688
-.000746875
-.000746875
-.000748438
-.00074375
-.000778125
-.00075
-.000760938
-.000778125
-.000778125
-.000784375
-.00076875
-.000775
-.000771875
-.000782813
-.000779688
-.000757813
-.000779688
-.000767188
-.000745313
-.000753125
-.000775
-.000720313
-.000715625
-.00066875
-.000639063
-.000646875
-.00065625
-.0005625
-.000551563
-.000498438
-.000489063
-.000473438
-.000417188
-.00040625
-.000415625
-.00039375
-.00038125
-.000371875
-.000321875
-.000275
-.00025625
-.0001875
-.0002
-.000157813
-.000160938
-.000114063
-.000120313
-8.28127e-05
-7.96877e-05
-4.06252e-05
-6.87502e-05
-6.09377e-05
-3.59377e-05
1.56248e-05
2.65623e-05
2.03123e-05
2.03123e-05
7.96873e-05
6.40623e-05
1.56248e-05
-2.14577e-10
4.68748e-05
4.99998e-05
7.81248e-05
6.40623e-05
7.03123e-05
.000101562
6.56248e-05
3.43748e-05
9.68748e-05
8.28123e-05
9.53123e-05
7.34373e-05
8.28123e-05
6.71873e-05
7.03123e-05
7.18748e-05
7.65623e-05
6.40623e-05
9.37498e-05
9.21873e-05
7.96873e-05
.000107812
8.43748e-05
.000101562
.000101562
8.59373e-05
7.49998e-05
8.90623e-05
7.65623e-05
8.59373e-05
.000125
7.18748e-05
9.06248e-05
7.96873e-05
.000104687
7.81248e-05
.000114062
8.43748e-05
9.53123e-05
5.15623e-05
7.81248e-05
8.12498e-05
6.40623e-05
5.46873e-05
6.40623e-05
6.09373e-05
6.87498e-05
3.90623e-05
2.81248e-05
7.18748e-05
7.34373e-05
6.71873e-05
6.71873e-05
7.34373e-05
5.62498e-05
7.34373e-05
4.53123e-05
4.99998e-05
4.84373e-05
3.74998e-05
3.74998e-05
-3.12521e-06
2.34373e-05
-1.25002e-05
-6.09377e-05
-6.40627e-05
-5.62502e-05
-5.62502e-05
-9.37502e-05
-4.68752e-05
-4.84377e-05
-7.96877e-05
-.0001125
-.00013125
-.000126563
-.000171875
-.000134375
-.000142188
-.000148438
-.000207813
-.000207813
-.000242188
-.00021875
-.0002625
-.000240625
-.000254688
-.000282813
-.000309375
-.000353125
-.00036875
-.000396875
-.00043125
-.000464063
-.000485938
-.0004875
-.000534375
-.000517188
-.000539063
-.00055
-.000609375
-.000610938
-.000642188
-.000653125
-.000678125
-.000745313
-.000778125
-.00078125
-.000770313
-.000760938
-.00078125
-.00083125
-.000803125
-.000796875
-.000778125
-.000796875
-.0008
-.00076875
-.000764063
-.0007625
-.000770313
-.000759375
-.000753125
-.000776563
-.000748438
-.000732813
-.000728125
-.000757813
-.0007375
-.000698438
-.000734375
-.000735938
-.000720313
-.000709375
-.000670313
-.000648438
-.000709375
-.000692188
-.000664063
-.000648438
-.000654688
-.000626563
-.000623438
-.000676563
-.000620313
-.000665625
-.000651563
-.00063125
-.000626563
-.000601563
-.000590625
-.000576563
-.0005375
-.00055625
-.000548438
-.000559375
-.00054375
-.000546875
-.000501563
-.000490625
-.0004625
-.00046875
-.0004375
-.00044375
-.000423438
-.00036875
-.000379688
-.000414063
-.000382813
-.0003625
-.00033125
-.000310938
-.00029375
-.000245313
-.000246875
-.000182813
-.0001875
-.0002
-.000232813
-.000159375
-.000121875
-.000103125
-9.68752e-05
-.000114063
-.0001
-.000107813
-4.84377e-05
-7.03127e-05
-.0001
-6.56252e-05
-7.18752e-05
-5.46877e-05
-4.06252e-05
-2.50002e-05
-3.75002e-05
-2.34377e-05
-5.46877e-05
-2.14577e-10
-3.12502e-05
-3.12521e-06
-1.56271e-06
1.71873e-05
1.09373e-05
1.87498e-05
2.03123e-05
9.37479e-06
-6.25021e-06
4.68729e-06
-4.68771e-06
3.28123e-05
-1.71877e-05
-1.71877e-05
-1.40627e-05
1.09373e-05
1.40623e-05
9.37479e-06
-2.65627e-05
-6.25021e-06
-3.59377e-05
-5.31252e-05
-7.03127e-05
-5.62502e-05
-6.40627e-05
-4.84377e-05
-5.46877e-05
-7.65627e-05
-7.81252e-05
-.00010625
-6.56252e-05
-7.03127e-05
-.000121875
-.000125
-.000114063
-.000182813
-.0001625
-.000182813
-.000171875
-.000217188
-.000196875
-.000223438
-.0002375
-.000184375
-.000248438
-.00021875
-.0002875
-.000248438
-.000285938
-.00028125
-.000298438
-.000275
-.000296875
-.000332813
-.000357813
-.000334375
-.000332813
-.00033125
-.000371875
-.0004
-.0003875
-.00036875
-.000385938
-.000457813
-.00041875
-.000457813
-.000442188
-.000417188
-.000423438
-.000453125
-.000396875
-.000439063
-.000459375
-.000410938
-.000425
-.000434375
-.000420313
-.000442188
-.000451563
-.00043125
-.000485938
-.000515625
-.000504688
-.00054375
-.000542188
-.000520313
-.000510938
-.00055625
-.0005375
-.000540625
-.000503125
-.000496875
-.00053125
-.000528125
-.00050625
-.00050625
-.000532813
-.000535938
-.000539063
-.000545313
-.000517188
-.000526563
-.000490625
-.000489063
-.000492188
-.000465625
-.00049375
-.000475
-.000510938
-.0004875
-.000479688
-.000482813
-.000414063
-.000467188
-.000420313
-.000423438
-.000448438
-.000445313
-.0004125
-.0004125
-.000403125
-.000432813
-.0004
-.000428125
-.00040625
-.000440625
-.000409375
-.000409375
-.000385938
-.000334375
-.000365625
-.000379688
-.000328125
-.000389063
-.000401563
-.000353125
-.000364063
-.00036875
-.000396875
-.000385938
-.000425
-.000423438
-.000407813
-.00038125
-.00036875
-.000364063
-.000353125
-.000389063
-.0004
-.000384375
-.000364063
-.0003625
-.000370313
-.000375
-.000340625
-.000390625
-.000398438
-.000357813
-.00038125
-.00038125
-.000332813
-.00035625
-.000353125
-.000339063
-.000335938
-.000317188
-.000317188
-.0002875
-.000295313
-.000257813
-.000279688
-.000267188
-.000253125
-.000245313
-.000265625
-.000232813
-.000215625
-.000214063
-.0002
-.00023125
-.000192188
-.000203125
-.000220313
-.000178125
-.000189063
-.00013125
-.000159375
-.000123438
-.00013125
-.000190625
-.000153125
-.00011875
-.00015625
-.000132813
-.00016875
-.000120313
-.000114063
-.000132813
-.00015625
-.000153125
-.000153125
-.00015
-.0002
-.000182813
-.000171875
-.00018125
-.000234375
-.0002
-.0002125
-.000220313
-.000204688
-.000178125
-.000223438
-.000234375
-.000225
-.000203125
-.000214063
-.000215625
-.000235938
-.000271875
-.000242188
-.000251563
-.000251563
-.00023125
-.00025625
-.000257813
-.000275
-.000271875
-.0002125
-.000290625
-.000228125
-.0002875
-.000242188
-.000264063
-.000290625
-.000260938
-.000242188
-.000279688
-.000278125
-.000225
-.000228125
-.0001875
-.000225
-.000207813
-.000220313
-.000184375
-.000179688
-.000226563
-.000189063
-.000225
-.000226563
-.000223438
-.000203125
-.000204688
-.000182813
-.000192188
-.000232813
-.000196875
-.000184375
-.000201563
-.00021875
-.000214063
-.000225
-.000214063
-.000234375
-.000179688
-.000201563
-.000165625
-.000190625
-.0002125
-.000198438
-.000195313
-.00023125
-.000235938
-.00019375
-.000232813
-.000207813
-.000234375
-.000217188
-.000221875
-.000221875
-.000210938
-.000228125
-.000190625
-.000240625
-.000226563
-.000264063
-.000254688
-.0001875
-.000273438
-.000275
-.000225
-.000234375
-.000253125
-.00021875
-.000207813
-.00021875
-.000264063
-.000198438
-.0002625
-.000296875
-.000301563
-.0003125
-.00031875
-.000340625
-.000340625
-.000307813
-.000371875
-.000414063
-.00034375
-.0003625
-.000425
-.000395313
-.000423438
-.000421875
-.00044375
-.000434375
-.000453125
-.00046875
-.000459375
-.000470313
-.000471875
-.000503125
-.000485938
-.000546875
-.000553125
-.000529688
-.000542188
-.000515625
-.000515625
-.000521875
-.00053125
-.000525
-.000532813
-.000490625
-.000515625
-.000476563
-.000471875
-.000492188
-.00044375
-.000460938
-.000457813
-.000464063
-.000490625
-.000479688
-.000526563
-.000479688
-.000464063
-.00048125
-.000434375
-.00040625
-.000401563
-.000440625
-.0004125
-.000435938
-.000371875
-.000407813
-.000375
-.000325
-.000375
-.000334375
-.000345313
-.000364063
-.000373438
-.000398438
-.000364063
-.00039375
-.000304688
-.00031875
-.00034375
-.0003875
-.000365625
-.000379688
-.000371875
-.0004125
-.00040625
-.000378125
-.000348438
-.000357813
-.000335938
-.000346875
-.000370313
-.000346875
-.000326563
-.000309375
-.000357813
-.000359375
-.000346875
-.000315625
-.000315625
-.000335938
-.000360938
-.000325
-.000359375
-.000345313
-.00038125
-.000364063
-.000364063
-.000348438
-.000303125
-.000275
-.000329688
-.000326563
-.000323438
-.000357813
-.000320313
-.000298438
-.0003
-.000309375
-.000309375
-.000323438
-.00034375
-.000325
-.00030625
-.000326563
-.000253125
-.000295313
-.0003
-.000240625
-.00023125
-.000228125
-.000253125
-.000220313
-.000217188
-.000198438
-.000248438
-.000242188
-.000251563
-.000265625
-.000207813
-.000226563
-.000192188
-.000232813
-.000204688
-.000215625
-.000210938
-.000221875
-.000195313
-.000267188
-.000198438
-.000215625
-.000201563
-.000142188
-.000167188
-.000189063
-.000176563
-.000164063
-.000175
-.000235938
-.000215625
-.000204688
-.000214063
-.000239063
-.000257813
-.000259375
-.000221875
-.000271875
-.000282813
-.00029375
-.000285938
-.000264063
-.00028125
-.00029375
-.000295313
-.000303125
-.000246875
-.000245313
-.000298438
-.000253125
-.00029375
-.000276563
-.000285938
-.000321875
-.000303125
-.000339063
-.000307813
-.000323438
-.000321875
-.000325
-.000354688
-.000339063
-.000309375
-.000323438
-.00033125
-.0003
-.000332813
-.000329688
-.000317188
-.000332813
-.000354688
-.000348438
-.000353125
-.000342188
-.000342188
-.000340625
-.000348438
-.000340625
-.00033125
-.000335938
-.000335938
-.000328125
-.000323438
-.0003625
-.000332813
-.000329688
-.000314063
-.000285938
-.0003125
-.000326563
-.000320313
-.000298438
-.000332813
-.00033125
-.000334375
-.000345313
-.000325
-.000325
-.000365625
-.0003875
-.000320313
-.0003125
-.000339063
-.000332813
-.000301563
-.000301563
-.000304688
-.000296875
-.000271875
-.000303125
-.000314063
-.000321875
-.000328125
-.000314063
-.000364063
-.000307813
-.000340625
-.00034375
-.000296875
-.00028125
-.000325
-.000371875
-.00030625
-.000315625
-.000321875
-.0002875
-.000270313
-.000257813
-.000257813
-.000257813
-.000246875
-.000276563
-.000248438
-.000225
-.000295313
-.000265625
-.000309375
-.000325
-.0003
-.000289063
-.000329688
-.00033125
-.000278125
-.0003125
-.000264063
-.0003125
-.000301563
-.000290625
-.000298438
-.000267188
-.000323438
-.000342188
-.000346875
-.000340625
-.000354688
-.0003375
-.000345313
-.000329688
-.000353125
-.00035
-.000376563
-.0003
-.000328125
-.000317188
-.0003375
-.000364063
-.000329688
-.000342188
-.00039375
-.000357813
-.000389063
-.000365625
-.000385938
-.000401563
-.000385938
-.000404688
-.000378125
-.000435938
-.000415625
-.000440625
-.000460938
-.000435938
-.000415625
-.000440625
-.00045
-.000459375
-.000457813
-.0004875
-.000509375
-.000471875
-.000542188
-.0005125
-.000475
-.00050625
-.000509375
-.000507813
-.000557813
-.000525
-.00051875
-.000504688
-.000496875
-.000517188
-.000534375
-.000545313
-.000539063
-.000553125
-.000535938
-.0005375
-.000510938
-.000551563
-.000564063
-.0005375
-.000529688
-.000523438
-.0005625
-.00058125
-.000564063
-.000584375
-.000570313
-.000534375
-.00055
-.0005125
-.0005375
-.00055
-.000503125
-.000515625
-.000517188
-.000496875
-.00046875
-.000473438
-.000475
-.000451563
-.000442188
-.00044375
-.00040625
-.000404688
-.000385938
-.000414063
-.000382813
-.000373438
-.000353125
-.000307813
-.000340625
-.000326563
-.000292188
-.000321875
-.000314063
-.000284375
-.000275
-.00024375
-.000246875
-.00025
-.00024375
-.0002625
-.00020625
-.000195313
-.000229688
-.000190625
-.000201563
-.0002125
-.000192188
-.000140625
-.000148438
-.000117188
-.000120313
-.000142188
-.000117188
-.000125
-.00010625
-.000129688
-.000109375
-.0001125
-.000121875
-.000134375
-.000115625
-.000132813
-.000126563
-.000117188
-.000107813
-.000104688
-6.09377e-05
-6.71877e-05
-8.12502e-05
-4.21877e-05
-8.59377e-05
-8.75002e-05
-6.40627e-05
-6.25002e-05
-5.93752e-05
-4.68752e-05
-.00011875
-9.53127e-05
-.000101563
-.000145313
-.000109375
-.000148438
-.000121875
-.000115625
-.000104688
-.000109375
-.000148438
-.000139063
-.000160938
-.000148438
-.000151563
-.000132813
-.000178125
-.000220313
-.000178125
-.000215625
-.00020625
-.000279688
-.000259375
-.000253125
-.000228125
-.000254688
-.000248438
-.000265625
-.000267188
-.000248438
-.000248438
-.000279688
-.000310938
-.000290625
-.000326563
-.000307813
-.000334375
-.000320313
-.0003375
-.000332813
-.000309375
-.00035625
-.000373438
-.000379688
-.000375
-.0003375
-.000376563
-.0004
-.000396875
-.000378125
-.000384375
-.0003875
-.000389063
-.000428125
-.000420313
-.000379688
-.000376563
-.000357813
-.000382813
-.000384375
-.000348438
-.0004
-.000348438
-.000317188
-.00034375
-.000371875
-.000323438
-.000325
-.0003625
-.000339063
-.000365625
-.000398438
-.000384375
-.000375
-.000371875
-.000353125
-.000326563
-.0003625
-.000323438
-.000307813
-.000315625
-.00034375
-.000289063
-.000315625
-.000314063
-.00031875
-.000285938
-.000345313
-.000359375
-.00030625
-.000296875
-.0002375
-.000245313
-.000271875
-.000232813
-.000240625
-.000220313
-.00025
-.000221875
-.000240625
-.000214063
-.000215625
-.000198438
-.000204688
-.000195313
-.000217188
-.0002125
-.000220313
-.000210938
-.000215625
-.000203125
-.000204688
-.000176563
-.000248438
-.000165625
-.000176563
-.00018125
-.000192188
-.000182813
-.000190625
-.00020625
-.000254688
-.000270313
-.00023125
-.000235938
-.000234375
-.000242188
-.000210938
-.000185938
-.0001875
-.000182813
-.000204688
-.000220313
-.000240625
-.000253125
-.0002375
-.00025
-.000221875
-.000209375
-.000214063
-.000229688
-.000234375
-.000217188
-.000223438
-.000214063
-.000192188
-.0002125
-.000220313
-.000223438
-.000226563
-.00026875
-.000271875
-.000278125
-.000251563
-.000285938
-.000245313
-.000228125
-.000232813
-.000248438
-.000235938
-.000289063
-.000271875
-.000251563
-.00025625
-.000259375
-.000301563
-.000278125
-.0003
-.000259375
-.000245313
-.000234375
-.000267188
-.0003
-.000289063
-.00033125
-.0003
-.000317188
-.0003375
-.000346875
-.000328125
-.000335938
-.000321875
-.000315625
-.0003375
-.00031875
-.000315625
