2500
2.e-09
250
.93985
-.000184375
-.000146875
-.000142187
-.000175
-.00016875
-.000167187
-.00019375
-.000259375
-.000196875
-.000210937
-.000198437
-.000196875
-.000157812
-.000148437
-.000204687
-.000226562
-.000184375
-.000132812
-.000132812
-.000196875
-.000190625
-.0002125
-.000178125
-.000226562
-.000184375
-.000178125
-.000210937
-.000201562
-.000182812
-.000182812
-.000190625
-.000228125
-.000248437
-.000214062
-.00021875
-.000210937
-.000246875
-.000226562
-.000145312
-.0002
-.000178125
-.000209375
-.000275
-.000196875
-.000203125
-.00015625
-.000179687
-.00021875
-.000184375
-.000189062
-.000165625
-.000225
-.000242187
-.00018125
-.000167187
-.000220312
-.0002125
-.000210937
-.000198437
-.000215625
-.000232812
-.000184375
-.000190625
-.000189062
-.000203125
-.000145312
-.000196875
-.000215625
-.00020625
-.000167187
-.000157812
-.000182812
-.000142187
-.000115625
-.0001625
-.000142187
-.000123437
-.000173437
-.000140625
-.00019375
-.0001625
-.000154687
-.000165625
-.000185937
-.000210937
-.000198437
-.000204687
-.000198437
-.000196875
-.000171875
-.000189062
-.000225
-.000184375
-.0001625
-.000192187
-.000225
-.0002
-.0001875
-.000185937
-.00025
-.000170312
-.000126562
-.000217187
-.000220312
-.000190625
-.000176562
-.000148437
-.000167187
-.000204687
-.000184375
-.000225
-.00020625
-.000253125
-.000198437
-.00016875
-.000228125
-.000232812
-.00018125
-.000165625
-.000190625
-.000159375
-.00011875
-.000170312
-.000173437
-.00024375
-.000132812
-.000145312
-.000179687
-.00019375
-.000140625
-.00013125
-.000215625
-.000185937
-.000176562
-.000204687
-.000226562
-.000248437
-.000234375
-.000160937
-.000223437
-.000226562
-.000190625
-.000201562
-.00021875
-.0002375
-.000189062
-.000221875
-.000228125
-.000185937
-.00016875
-.00018125
-.000214062
-.000215625
-.000164062
-.000159375
-.000171875
-.000134375
-.000139062
-.00015
-.000134375
-.00020625
-.000139062
-.000145312
-.000232812
-.000235937
-.00018125
-.000198437
-.000251562
-.000201562
-.000189062
-.000184375
-.000264062
-.000223437
-.000195312
-.000225
-.000246875
-.00016875
-.000189062
-.000178125
-.000142187
-.00021875
-.000198437
-.000179687
-.0002125
-.000254687
-.000217187
-.000220312
-.000270312
-.00020625
-.000173437
-.000198437
-.000184375
-.00021875
-.0001625
-.000198437
-.000223437
-.0002
-.000173437
-.0001625
-.000184375
-.000195312
-.00020625
-.000178125
-.000217187
-.000204687
-.000170312
-.00024375
-.00018125
-.000195312
-.000173437
-.000190625
-.000173437
-.000210937
-.0002
-.000235937
-.000221875
-.000196875
-.000207812
-.000167187
-.000160937
-.00018125
-.00018125
-.000209375
-.000173437
-.000160937
-.00020625
-.000178125
-.00023125
-.00021875
-.000198437
-.000254687
-.000220312
-.000232812
-.000223437
-.000204687
-.000201562
-.000148437
-.000178125
-.000140625
-.000146875
-.000135937
-.000196875
-.000146875
-.000185937
-.000223437
-.000195312
-.00025
-.0002625
-.000251562
-.000184375
-.000207812
-.000246875
-.000282812
-.000221875
-.000210937
-.00020625
-.00016875
-.000171875
-.000140625
-.000146875
-.000171875
-.000120312
-.000179687
-.000204687
-.000178125
-.00018125
-.00020625
-.000220312
-.00025
-.000182812
-.000176562
-.000203125
-.000185937
-.000182812
-.000157812
-.000203125
-.000167187
-.000192187
-.000217187
-.000192187
-.000178125
-.000185937
-.000240625
-.000214062
-.000228125
-.000215625
-.000207812
-.0001875
-.000203125
-.000223437
-.000178125
-.000235937
-.000245312
-.000203125
-.000182812
-.000214062
-.0002
-.000215625
-.000220312
-.000248437
-.000220312
-.000175
-.000242187
-.000232812
-.000271875
-.000214062
-.000201562
-.000220312
-.000257812
-.00021875
-.00023125
-.00024375
-.000228125
-.0002
-.00020625
-.000196875
-.000128125
-.000160937
-.00016875
-.000210937
-.000207812
-.000192187
-.000210937
-.000245312
-.000215625
-.000178125
-.000196875
-.000185937
-.000165625
-.000134375
-.0002
-.000240625
-.00024375
-.00021875
-.000207812
-.000167187
-.000164062
-.000129687
-.000142187
-.00014375
-.000192187
-.00015625
-.00018125
-.000223437
-.000189062
-.000165625
-.000173437
-.00021875
-.000215625
-.000189062
-.000134375
-.000220312
-.000176562
-.000157812
-.000178125
-.000173437
-.00020625
-.000157812
-.000214062
-.00019375
-.000159375
-.000184375
-.000182812
-.000175
-.000217187
-.00018125
-.000171875
-.00018125
-.000189062
-.000160937
-.000207812
-.000228125
-.000229687
-.00013125
-.000121875
-.000190625
-.000192187
-.00016875
-.000217187
-.000217187
-.000242187
-.000223437
-.0002
-.000201562
-.00021875
-.000182812
-.000182812
-.000173437
-.000214062
-.000125
-.000203125
-.000195312
-.000210937
-.000176562
-.00015
-.000190625
-9.84373e-05
-.000178125
-.0001375
-.000129687
-.000190625
-.00015625
-.00018125
-.000210937
-.000242187
-.000198437
-.000182812
-.000182812
-.00013125
-.000128125
-.000176562
-.000201562
-.000173437
-.000176562
-.000198437
-.000192187
-.000220312
-.000226562
-.0002
-.0002
-.0002125
-.000220312
-.000182812
-.000173437
-.00014375
-.000142187
-.000132812
-.000190625
-.000234375
-.000175
-.000220312
-.000201562
-.00023125
-.000173437
-.000160937
-.000201562
-.000228125
-.000173437
-.000132812
-.000245312
-.000182812
-.000148437
-.00018125
-.000190625
-.000182812
-.000142187
-.000176562
-.000240625
-.000182812
-.00016875
-.000195312
-.000142187
-.000176562
-.000160937
-.000204687
-.000201562
-.000190625
-.000157812
-.00018125
-.000148437
-.000242187
-.000173437
-.00013125
-.000201562
-.000192187
-.000207812
-.000189062
-.0002
-.000198437
-.000185937
-.000209375
-.000226562
-.00025
-.000232812
-.0002
-.000223437
-.000189062
-.000195312
-.000207812
-.000214062
-.000198437
-.000229687
-.00021875
-.000223437
-.000196875
-.000190625
-.000135937
-.000157812
-.000157812
-8.90623e-05
-.000109375
-.000190625
-.0001625
-.000145312
-.000214062
-.000171875
-.000179687
-.000182812
-.00019375
-.000203125
-.00020625
-.00018125
-.0001625
-.00019375
-.0001875
-.000128125
-.000223437
-.000215625
-.000220312
-.000135937
-.000176562
-.000170312
-.000123437
-.000129687
-.000120312
-.000176562
-.000164062
-.000179687
-.00015625
-.000170312
-.000189062
-.000160937
-.000165625
-.000217187
-.00021875
-.0002625
-.000209375
-.000179687
-.000214062
-.000178125
-.0001625
-.000184375
-.000184375
-.000171875
-.000246875
-.000209375
-.00016875
-.000135937
-.000179687
-.000184375
-.000203125
-.000184375
-.00016875
-.0002
-.0002625
-.00021875
-.000210937
-.000209375
-.00023125
-.000170312
-.000228125
-.0002
-.000217187
-.000142187
-.0002
-.000234375
-.000221875
-.000198437
-.000232812
-.000220312
-.000185937
-.00016875
-.000184375
-.000276562
-.00018125
-.000203125
-.000190625
-.000246875
-.000217187
-.00018125
-.000207812
-.000215625
-.000228125
-.000184375
-.00019375
-.00016875
-.000198437
-.00014375
-.000176562
-.000176562
-.0002
-.00016875
-.000220312
-.00023125
-.00018125
-.000189062
-.0001875
-.0002125
-.000225
-.000154687
-.00014375
-.000189062
-.000192187
-.000173437
-.000148437
-.00015625
-.000234375
-.0001875
-.000185937
-.000214062
-.00023125
-.000220312
-.000234375
-.000251562
-.000217187
-.000253125
-.000151562
-.000146875
-.000214062
-.000220312
-.000228125
-.000217187
-.00019375
-.000190625
-.000195312
-.000178125
-.000190625
-.00015
-.000139062
-.000195312
-.00016875
-.000196875
-.000217187
-.000251562
-.000240625
-.000184375
-.0001625
-.000220312
-.00018125
-.000160937
-.0002125
-.000257812
-.000235937
-.000209375
-.000203125
-.000201562
-.000226562
-.000182812
-.000192187
-.000160937
-.0002
-.000179687
-.000189062
-.000215625
-.000171875
-.0001625
-.000195312
-.000196875
-.000145312
-.000139062
-.0001375
-.00020625
-.000210937
-.000167187
-.00021875
-.000196875
-.000178125
-.000151562
-.000176562
-.000223437
-.00019375
-.000173437
-.000207812
-.0002625
-.000210937
-.000215625
-.000195312
-.00018125
-.000207812
-.000128125
-.000207812
-.00023125
-.00019375
-.000192187
-.000209375
-.000239062
-.000254687
-.00020625
-.000140625
-.000214062
-.000217187
-.000210937
-.000226562
-.000223437
-.000203125
-.000165625
-.000204687
-.000173437
-.000214062
-.000215625
-.000170312
-.000217187
-.000145312
-.000190625
-.000164062
-.00019375
-.00016875
-.00016875
-.000154687
-.000157812
-.00021875
-.000173437
-.000182812
-.000234375
-.000239062
-.000185937
-.000179687
-.000190625
-.000179687
-.000114062
-.00021875
-.000210937
-.000178125
-.000214062
-.000239062
-.000284375
-.000296875
-.00016875
-.000196875
-.000204687
-.00016875
-.000176562
-.000196875
-.000217187
-.000189062
-.000157812
-.000160937
-.000170312
-.000154687
-.000176562
-.000165625
-.000189062
-.000192187
-.000170312
-.000189062
-.000185937
-.000164062
-.00015625
-.0002
-.000204687
-.000232812
-.000198437
-.000192187
-.000209375
-.000209375
-.000185937
-.000196875
-.000182812
-.000159375
-.000160937
-.000204687
-.000201562
-.000175
-.0001875
-.000210937
-.000220312
-.000214062
-.000214062
-.00020625
-.000228125
-.000204687
-.000192187
-.0001875
-.000228125
-.000220312
-.000195312
-.000182812
-.000220312
-.000179687
-.0001875
-.000210937
-.000235937
-.000248437
-.00018125
-.000209375
-.000173437
-.000184375
-.0001125
-.000151562
-.000195312
-.000192187
-.000198437
-.00016875
-.000134375
-.000167187
-.000148437
-.000201562
-.00021875
-.000204687
-.000159375
-.00020625
-.0002
-.00020625
-.000196875
-.0001625
-.000167187
-.000182812
-.000123437
-.000148437
-.00020625
-.000203125
-.0002125
-.0002875
-.00023125
-.000223437
-.00019375
-.000196875
-.000184375
-.000195312
-.000195312
-.000165625
-.000209375
-.000135937
-.000176562
-.000182812
-.00018125
-.000195312
-.000165625
-.000179687
-.000182812
-.0002
-.0001375
-.000135937
-.000148437
-.000190625
-.000196875
-.000215625
-.000209375
-.000242187
-.000160937
-.000176562
-.000203125
-.000220312
-.000164062
-.000182812
-.0001375
-.000195312
-.000179687
-.000160937
-.000160937
-.000145312
-.000142187
-.000173437
-.000210937
-.000192187
-.000195312
-.000157812
-.000196875
-.000195312
-.000128125
-.00016875
-.0002375
-.000245312
-.000226562
-.0002375
-.000245312
-.000203125
-.000171875
-.000154687
-.00020625
-.0002125
-.000196875
-.000165625
-.0002125
-.000220312
-.000175
-.000201562
-.00019375
-.000215625
-.000154687
-.000259375
-.00021875
-.000225
-.000164062
-.000190625
-.000221875
-.000184375
-.000184375
-.000165625
-.000164062
-.000165625
-.00015625
-.000176562
-.000221875
-.000190625
-.0001625
-.000201562
-.000196875
-.00026875
-.000195312
-.00020625
-.000192187
-.000225
-.000171875
-.000170312
-.000195312
-.000171875
-.000148437
-.000201562
-.00018125
-.000175
-.000176562
-.000203125
-.000178125
-.000185937
-.000178125
-.000148437
-.000173437
-.000223437
-.000185937
-.000240625
-.000232812
-.00020625
-.000190625
-.00020625
-.00020625
-.000201562
-.000195312
-.000203125
-.000207812
-.000170312
-.000192187
-.000182812
-.00023125
-.000198437
-.000189062
-.00018125
-.000203125
-.0002125
-.000129687
-.000198437
-.000214062
-.000214062
-.000153125
-.000203125
-.000185937
-.000240625
-.00019375
-.000214062
-.000221875
-.000225
-.000196875
-.0002125
-.000275
-.000223437
-.000198437
-.000242187
-.000240625
-.0002
-.000160937
-.000185937
-.000232812
-.000195312
-.00018125
-.000189062
-.000184375
-.0002
-.00018125
-.000179687
-.000192187
-.00021875
-.000196875
-.000134375
-.000159375
-.000189062
-.0001125
-.00018125
-.0002
-.000207812
-.00019375
-.000167187
-.000225
-.000207812
-.000151562
-.000175
-.00019375
-.000223437
-.000173437
-.000196875
-.000203125
-.000201562
-.000146875
-.000190625
-.00020625
-.000190625
-.000185937
-.000176562
-.000220312
-.000179687
-.0001625
-.000146875
-.000248437
-.000171875
-.000171875
-.000135937
-.00018125
-.000184375
-.000232812
-.000175
-.000210937
-.00019375
-.000173437
-.000179687
-.000204687
-.000225
-.000229687
-.00021875
-.000220312
-.0001625
-.000160937
-.000128125
-.000190625
-.000229687
-.0001375
-.000228125
-.000240625
-.00021875
-.000190625
-.000189062
-.000229687
-.00021875
-.000148437
-.00015625
-.0002125
-.00015625
-.000178125
-.000171875
-.000210937
-.0001875
-.000154687
-.000151562
-.000201562
-.000134375
-.000192187
-.000201562
-.000246875
-.000267187
-.000235937
-.000182812
-.000221875
-.000170312
-.000179687
-.000201562
-.00025625
-.000251562
-.0001875
-.000159375
-.00021875
-.000165625
-.00015625
-.000135937
-.000167187
-.000145312
-.000126562
-.000182812
-.000189062
-.000203125
-.000171875
-.000164062
-.000232812
-.000170312
-.000178125
-.000139062
-.000196875
-.000215625
-.000182812
-.000159375
-.000210937
-.000192187
-.000217187
-.00011875
-.000175
-.000195312
-.000145312
-.00019375
-.000176562
-.000171875
-.000195312
-.000198437
-.000210937
-.000175
-.000153125
-.00020625
-.000221875
-.000178125
-.0001625
-.00016875
-.000165625
-.000154687
-.00016875
-.00018125
-.000173437
-.000207812
-.000148437
-.000165625
-.00020625
-.000214062
-.000160937
-.0002
-.000221875
-.000215625
-.0002
-.0001875
-.00021875
-.000195312
-.000178125
-.000175
-.000178125
-.000151562
-.000157812
-.000190625
-.000165625
-.00016875
-.0001625
-.000171875
-.000204687
-.000210937
-.00016875
-.00015
-.000207812
-.000235937
-.000159375
-.00019375
-.000220312
-.000225
-.000195312
-.000179687
-.000178125
-.00016875
-.000203125
-.000214062
-.000203125
-.000228125
-.000160937
-.000165625
-.000282812
-.00023125
-.0002125
-.000167187
-.00014375
-.000173437
-.000115625
-.000175
-.000196875
-.000239062
-.00019375
-.000189062
-.000175
-.000190625
-.000192187
-.00019375
-.000228125
-.0002
-.000182812
-.000240625
-.000232812
-.000220312
-.000125
-.000146875
-.000189062
-.000176562
-.000148437
-.000214062
-.000225
-.000226562
-.000204687
-.000209375
-.00023125
-.00020625
-.000204687
-.000140625
-.000215625
-.000157812
-.000204687
-.00018125
-.000190625
-.000189062
-.0002
-.0001875
-.000220312
-.000223437
-.0001875
-.000192187
-.00023125
-.000201562
-.000203125
-.000195312
-.000182812
-.0001625
-.000178125
-.000189062
-.000239062
-.000223437
-.000192187
-.00023125
-.000203125
-.000210937
-.000178125
-.0001625
-.000139062
-.000192187
-.000128125
-.000225
-.0002125
-.000203125
-.0002125
-.000229687
-.000225
-.000220312
-.00018125
-.00019375
-.000221875
-.000192187
-.000215625
-.000201562
-.000195312
-.000201562
-.000189062
-.00015625
-.000176562
-.000190625
-.0001625
-.000210937
-.000225
-.000196875
-.000223437
-.0002
-.000196875
-.000179687
-.000209375
-.000196875
-.000221875
-.0002375
-.000189062
-.000207812
-.0002
-.000195312
-.00014375
-.000184375
-.000164062
-.000179687
-.0002125
-.000178125
-.0002125
-.000140625
-.000167187
-.000182812
-.0002375
-.000201562
-.000179687
-.000209375
-.000210937
-.00023125
-.000214062
-.000204687
-.000195312
-.00023125
-.000201562
-.000248437
-.0002
-.000176562
-.000225
-.000204687
-.000176562
-.000190625
-.00014375
-.000210937
-.000190625
-.000207812
-.00019375
-.00023125
-.000275
-.000228125
-.000239062
-.000160937
-.000203125
-.000203125
-.000170312
-.00019375
-.000148437
-.000148437
-.000184375
-.000173437
-.000190625
-.000164062
-.000134375
-.000196875
-.000217187
-.00025
-.000157812
-.000185937
-.000240625
-.000190625
-.000175
-.000157812
-.000173437
-.000192187
-.00018125
-.00015625
-.000185937
-.000160937
-.000179687
-.0002125
-.000207812
-.000170312
-.00015625
-.000142187
-.0002
-.000134375
-.000160937
-.0001875
-.000284375
-.000203125
-.000178125
-.00016875
-.000217187
-.000184375
-.00021875
-.000165625
-.000195312
-.000160937
-.000165625
-.0002
-.000257812
-.000184375
-.000151562
-.000132812
-.000196875
-.000210937
-.000203125
-.000198437
-.000196875
-.00021875
-.000203125
-.000203125
-.00021875
-.000201562
-.000210937
-.000209375
-.00023125
-.0002125
-.000203125
-.000201562
-.000179687
-.000170312
-.000171875
-.000210937
-.000207812
-.000179687
-.000104687
-.0001375
-.000140625
-.00021875
-.000164062
-.000209375
-.000173437
-.000176562
-.000146875
-.0001625
-.000189062
-.000173437
-.000176562
-.00015625
-.000226562
-.000203125
-.000160937
-.000171875
-.00018125
-.000184375
-.000170312
-.0002
-.000254687
-.000207812
-.00018125
-.000201562
-.000165625
-.000182812
-.0001875
-.0002125
-.000173437
-.00019375
-.00016875
-.000179687
-.000171875
-.000173437
-.000153125
-.000154687
-.000215625
-.000159375
-.00014375
-.000190625
-.000196875
-.000232812
-.000184375
-.000245312
-.000207812
-.000184375
-.000178125
-.000164062
-.000228125
-.000184375
-.000196875
-.00014375
-.000178125
-.000173437
-.000148437
-.000165625
-.000146875
-.0001875
-.000164062
-.000182812
-.000204687
-.000198437
-.000184375
-.000179687
-.0001875
-.000225
-.000210937
-.000217187
-.000254687
-.000207812
-.00015
-.000192187
-.000221875
-.0002
-.000204687
-.000185937
-.000215625
-.0002125
-.000165625
-.000215625
-.000271875
-.000195312
-.000157812
-.00019375
-.000215625
-.00021875
-.000189062
-.000151562
-.000201562
-.000203125
-.000196875
-.000201562
-.000240625
-.000192187
-.000185937
-.0001875
-.000221875
-.000184375
-.000153125
-.000207812
-.000251562
-.000209375
-.000196875
-.000184375
-.000142187
-.0001875
-.000175
-.000170312
-.0002625
-.000235937
-.000228125
-.000170312
-.000226562
-.000176562
-.0001875
-.000135937
-.000185937
-.000184375
-.000165625
-.000132812
-.000190625
-.000123437
-.000123437
-.0001875
-.000185937
-.000165625
-.000129687
-.000184375
-.000190625
-.000232812
-.000132812
-.000170312
-.000182812
-.00018125
-.000146875
-.000123437
-.000142187
-.000145312
-.000110937
-8.43748e-05
-.000173437
-.000190625
-.000178125
-.000185937
-.00023125
-.000198437
-.000160937
-.000182812
-.000232812
-.000192187
-.00020625
-.000209375
-.000203125
-.000173437
-.000159375
-.000148437
-.000185937
-.000192187
-.000184375
-.000173437
-.000228125
-.000192187
-.000173437
-.0002
-.000195312
-.000225
-.000165625
-.000151562
-.000190625
-.000178125
-.000148437
-.000154687
-.00015
-.000175
-.00018125
-.000151562
-.000209375
-.000217187
-.000167187
-.000167187
-.000160937
-.000135937
-.000203125
-.000148437
-.000228125
-.000239062
-.000203125
-.000196875
-.00018125
-.000173437
-.000153125
-.000179687
-.000145312
-.000154687
-.000159375
-.000204687
-.000232812
-.00020625
-.000204687
-.000201562
-.000223437
-.000189062
-.00015625
-.000167187
-.000204687
-.000154687
-.0001375
-.000121875
-.000201562
-.000245312
-.000253125
-.00023125
-.000223437
-.000225
-.000203125
-.00018125
-.000204687
-.000189062
-.000185937
-.000214062
-.000203125
-.000173437
-.000160937
-.000185937
-.0001875
-.000171875
-.000165625
-.000179687
-.000171875
-.000160937
-.000125
-.000165625
-.000185937
-.000198437
-.0001875
-.000196875
-.000170312
-.0002125
-.0001625
-.000204687
-.000182812
-.000184375
-.0001875
-.00025
-.00021875
-.000203125
-.0001875
-.000154687
-.000178125
-.000225
-.000139062
-.000114062
-.000270312
-.000201562
-.000175
-.000232812
-.000204687
-.000232812
-.000234375
-.000226562
-.000229687
-.000164062
-.000167187
-.000151562
-.000146875
-.000171875
-.000189062
-.000167187
-.000182812
-.000185937
-.000201562
-.00020625
-.000151562
-.000134375
-.000139062
-.000164062
-.00021875
-.000221875
-.00020625
-.000204687
-.000198437
-.000148437
-.000178125
-.000207812
-.000170312
-.000185937
-.000128125
-.000178125
-.000121875
-.000145312
-.000115625
-.000164062
-.000210937
-.000167187
-.00015
-.000207812
-.000198437
-.000153125
-.000182812
-.000214062
-.000182812
-.000228125
-.000195312
-.000184375
-.000210937
-.000217187
-.000190625
-.000159375
-.000203125
-.0001875
-.00020625
-.000182812
-.000203125
-.00019375
-.00020625
-.000179687
-.000229687
-.000201562
-.000146875
-.000170312
-.000175
-.00016875
-.000209375
-.000203125
-.0002125
-.000178125
-.000176562
-.000198437
-.000178125
-.000189062
-.000146875
-.000228125
-.0002125
-.000210937
-.000209375
-.00021875
-.000220312
-.0002125
-.000217187
-.000204687
-.000225
-.00020625
-.000185937
-.000207812
-.0002
-.0002125
-.000240625
-.000207812
-.000234375
-.000221875
-.0001875
-.000201562
-.000159375
-.000217187
-.000182812
-.000203125
-.0002375
-.000190625
-.000198437
-.000203125
-.000271875
-.000221875
-.000175
-.000198437
-.000239062
-.000210937
-.0002125
-.000223437
-.000217187
-.00019375
-.000196875
-.000173437
-.000192187
-.000214062
-.0002
-.000184375
-.000173437
-.000154687
-.000159375
-.00018125
-.000225
-.00015625
-.000204687
-.00020625
-.000173437
-.000207812
-.000140625
-.0002
-.00021875
-.000253125
-.000195312
-.000223437
-.000201562
-.000192187
-.000153125
-.000182812
-.000170312
-.000170312
-.000165625
-.00016875
-.000215625
-.000210937
-.000189062
-.000203125
-.000214062
-.000173437
-.000185937
-.000173437
-.000170312
-.00019375
-.000195312
-.000214062
-.00019375
-.000209375
-.00016875
-.000170312
-.000220312
-.000165625
-.0001625
-.000204687
-.000170312
-.000165625
-.000148437
-.000164062
-.000114062
-.000129687
-.000153125
-.000134375
-.000182812
-.000217187
-.000157812
-.000175
-.000176562
-.000207812
-.00015
-.000157812
-.000173437
-.000189062
-.0001625
-.000228125
-.000207812
-.000182812
-.000165625
-.000192187
-.000225
-.0001875
-.0001875
-.000232812
-.00025625
-.000178125
-.00020625
-.000209375
-.000204687
-.000240625
-.00020625
-.00016875
-.0002125
-.000179687
-.000145312
-.00018125
-.000220312
-.00018125
-.000175
-.000214062
-.000203125
-.000209375
-.00015625
-.000225
-.000246875
-.0002375
-.000170312
-.000204687
-.0002125
-.000267187
-.000217187
-.000153125
-.000145312
-.000139062
-.000182812
-.000196875
-.000170312
-.00020625
-.000167187
-.000185937
-.000184375
-.000175
-.000153125
-.000167187
-.000234375
-.000182812
-.000134375
-.000204687
-.000171875
-.0002
-.00015625
-.000159375
-.000184375
-.000160937
-.000134375
-.000139062
-.000171875
-.00015
-.000204687
-.00021875
-.000192187
-.000182812
-.000182812
-.000173437
-.000251562
-.000223437
-.000214062
-.000196875
-.000226562
-.0002125
-.000203125
-.000217187
-.000270312
-.000215625
-.000140625
-.00016875
-.000189062
-.000184375
-.000182812
-.00015
-.000164062
-.000170312
-.000217187
-.00018125
-.000195312
-.000217187
-.000185937
-.000217187
-.0001875
-.000164062
-.0001125
-.000135937
-.000171875
-.000165625
-.000196875
-.0002125
-.000165625
-.0001875
-.000165625
-.000184375
-.00016875
-.000182812
-.000171875
-.000201562
-.000165625
-.000221875
-.000134375
-.000217187
-.000257812
-.000192187
-.000195312
-.000201562
-.000195312
-.000185937
-.00011875
-.0001625
-.000226562
-.000223437
-.000157812
-.000190625
-.000176562
-.000221875
-.000109375
-.000165625
-.00015625
-.000221875
-.000185937
-.000184375
-.000259375
-.0002125
-.000171875
-.00015
-.000207812
-.000203125
-.000175
-.000207812
-.00019375
-.0001625
-.000125
-.000226562
-.000171875
-.000215625
-.000165625
-.000170312
-.000190625
-.000223437
-.000190625
-.000176562
-.000223437
-.000189062
-.000190625
-.000196875
-.000192187
-.000175
-.000204687
-.000146875
-.000228125
-.00019375
-.000146875
-.00018125
-.000207812
-.000215625
-.000170312
-.0001375
-.000151562
-.000142187
-.000189062
-.000165625
-.000220312
-.000209375
-.000176562
-.00023125
-.000214062
-.000209375
-.000176562
-.000204687
-.000228125
-.00023125
-.00019375
-.000209375
-.000225
-.000198437
-.000189062
-.000142187
-.000245312
-.00023125
-.000176562
-.000192187
-.000203125
-.0002
-.000176562
-.000153125
-.000165625
-.0002
-.000196875
-.000210937
-.000229687
-.000165625
-.000148437
-.000159375
-.0002125
-.000179687
-.000204687
-.000210937
-.000173437
-.000179687
-.00016875
-.000170312
-.000164062
-.000192187
-.00015
-.000220312
-.000203125
-.000203125
-.00015625
-.000204687
-.000209375
-.000189062
-.000228125
-.000232812
-.000220312
-.000176562
-.000176562
-.000171875
-.000179687
-.000192187
-.000189062
-.000201562
-.000146875
-.000151562
-.000129687
-.000145312
-.000185937
-.000153125
-.000173437
-.000190625
-.000170312
-.000190625
-.000126562
-.000164062
-.000173437
-.00016875
-.000157812
-.000175
-.000159375
-.000153125
-.000110937
-.000192187
-.000203125
-.000203125
-.000179687
-.000198437
-.000204687
-.000176562
-.00015625
-.000203125
-.00020625
-.000179687
-.00015
-.000184375
-.000148437
-.000204687
-.00016875
-.000221875
-.000190625
-.0001875
-.000217187
-.000234375
-.000184375
-.0002
-.000198437
-.000178125
-.000190625
-.000178125
-.0001625
-.0002
-.000226562
-.00023125
-.00016875
-.000159375
-.000167187
-.0001875
-.00019375
-.000145312
-.00019375
-.000167187
-.000210937
-.000182812
-.00021875
-.000160937
-.000196875
-.000210937
-.000210937
-.000210937
-.00015
-.000189062
-.000198437
-.000201562
-.000253125
-.000232812
-.000190625
-.00016875
-.000175
-.000175
-.000151562
-.000192187
-.000151562
-.000157812
-.000190625
-.000184375
-.00018125
-.000179687
-.000201562
-.0001875
-.000164062
-.000154687
-.00020625
-.000176562
-.0001875
-.00021875
-.000221875
-.000185937
-.0001875
-.000165625
-.000223437
-.000184375
-.000182812
-.000204687
-.000265625
-.000223437
-.000195312
-.000209375
-.00020625
-.0002125
-.000159375
-.000125
-.00015625
-.00016875
-.000160937
-.000164062
-.00020625
-.000253125
-.000225
-.000246875
-.000264062
-.000228125
-.000265625
-.000217187
-.0002625
-.0002625
-.000192187
-.000207812
-.000189062
-.000217187
-.000198437
-.00018125
-.000217187
-.000207812
-.000198437
-.000167187
-.000190625
-.000204687
-.0001625
-.0002
-.00024375
-.000296875
-.000203125
-.0001875
-.000209375
-.000179687
-.000175
-.000171875
-.000215625
-.000215625
-.000196875
-.000225
-.000253125
-.0002375
-.000226562
-.000228125
-.000214062
-.000235937
-.000204687
-.000134375
-.000192187
-.00020625
-.00020625
-.000215625
-.000226562
-.000214062
-.0002125
-.000195312
-.000228125
-.000245312
-.000221875
-.000210937
-.000234375
-.00023125
-.000203125
-.000229687
-.000184375
-.00021875
-.000178125
-.000171875
-.000195312
-.000192187
-.000223437
-.000175
-.000198437
-.000153125
-.00019375
-.000198437
-.000204687
-.000204687
-.000159375
-.000164062
-.000226562
-.000209375
-.000184375
-.000190625
-.000139062
-.000154687
-.000153125
-.000176562
-.0002125
-.0001875
-.0001875
-.000198437
-.000225
-.000254687
-.000203125
-.0002375
-.000267187
-.000207812
-.0001875
-.000179687
-.000209375
-.000217187
-.000167187
-.000176562
-.000221875
-.000214062
-.0002
-.000215625
-.000210937
-.000182812
-.00015625
-.000167187
-.000146875
-.00018125
-.000195312
-.000151562
-.000240625
-.0002375
-.00015
-.000139062
-.0001875
-.000196875
-.000171875
-.000221875
-.000245312
-.0002125
-.000228125
-.000214062
-.000198437
-.000234375
-.000229687
-.000182812
-.000259375
-.000251562
-.000217187
-.000153125
-.0002
-.000215625
-.00018125
-.000210937
-.0002
-.000196875
-.000228125
-.000215625
-.00024375
-.000220312
-.000198437
-.0002
-.000217187
-.0001875
-.000126562
-.000178125
-.000126562
-.0001375
-.000175
-.000140625
-.000232812
-.00020625
-.00019375
-.000184375
-.000179687
-.000182812
-.00018125
-.0002375
-.000195312
-.000225
-.000203125
-.000170312
-.000195312
-.000179687
-.000182812
-.000171875
-.000215625
-.000204687
-.000170312
-.0002375
-.000226562
-.000225
-.000170312
-.00020625
-.000203125
-.00021875
-.000154687
-.000215625
-.000198437
-.000175
-.000178125
-.000196875
-.000239062
-.000207812
-.000165625
-.000151562
-.000153125
-.000189062
-.000135937
-.000160937
-.000207812
-.000185937
-.000178125
-.000229687
-.000240625
-.000267187
-.000173437
-.000223437
-.000246875
-.000215625
-.000215625
-.0002375
-.0002375
-.000196875
-.000171875
-.000207812
-.000221875
-.000203125
-.000185937
-.000170312
-.000214062
-.000217187
-.000178125
-.00023125
-.000223437
-.000207812
-.000226562
-.0002
-.000201562
-.000229687
-.000176562
-.0002
-.0001875
-.000264062
-.00018125
-.000209375
-.000220312
-.000217187
-.00019375
-.0002125
-.000182812
-.000171875
-.000220312
-.0002125
-.000245312
-.000198437
-.000201562
-.000226562
-.000251562
-.000259375
-.000215625
-.000185937
-.000253125
-.000204687
-.000210937
-.000179687
-.000240625
-.000207812
-.000201562
-.00014375
-.0002375
-.000209375
-.000203125
-.00018125
-.000226562
-.0002125
-.000204687
-.000220312
-.000235937
-.000240625
-.000164062
-.0001875
-.000178125
-.000215625
-.0002
-.000195312
-.000229687
-.000240625
-.000217187
-.000171875
-.000190625
-.000182812
-.000121875
-.000189062
-.000217187
-.000173437
-.000215625
-.000225
-.000217187
-.00019375
-.000228125
-.0002
-.000251562
-.000221875
-.000165625
-.000223437
-.000223437
-.000204687
-.00016875
-.000209375
-.0002625
-.000217187
-.0001625
-.000248437
-.000284375
-.000207812
-.00021875
-.000178125
-.000207812
-.00020625
-.000192187
-.000196875
-.000210937
-.000185937
-.0001875
-.00015625
-.000220312
-.0002
-.000153125
-.0001875
-.00020625
-.000184375
-.000178125
-.000178125
-.000173437
-.000185937
-.00019375
-.000234375
-.000190625
-.00018125
-.000264062
-.000232812
-.000242187
-.000221875
-.000192187
-.00013125
-.000179687
-.000207812
-.000134375
-.00015625
-.000229687
-.000192187
-.00014375
-.000198437
-.000220312
-.000167187
-.000153125
-.000160937
-.000189062
-.000189062
-.000128125
-.000198437
-.000195312
-.000173437
-.00019375
-.00018125
-.000209375
-.000240625
-.000192187
-.00018125
-.000242187
-.0002375
-.000175
-.000203125
-.000228125
-.000203125
-.0002
-.000204687
-.000240625
-.000221875
-.0001875
-.00018125
-.000210937
