2500
2.e-09
250
.509247
-.000171875
-.00019375
-.000195312
-.000192187
-.0001875
-.000210937
-.000182812
-.00015625
-.000190625
-.000192187
-.000167187
-.000179687
-.000182812
-.000198437
-.000215625
-.000223437
-.000240625
-.0002125
-.000234375
-.000239062
-.000189062
-.000196875
-.000204687
-.0002125
-.000246875
-.000234375
-.0002125
-.000209375
-.000203125
-.00020625
-.000220312
-.0002375
-.000217187
-.000196875
-.00015
-.000165625
-.00019375
-.000201562
-.000196875
-.000220312
-.000154687
-.00016875
-.000178125
-.00016875
-.0002
-.000178125
-.000192187
-.0001625
-.00021875
-.000176562
-.000178125
-.000182812
-.000175
-.000160937
-.00019375
-.000226562
-.000198437
-.00016875
-.000148437
-.0001375
-.0001375
-.000189062
-.000173437
-.0002
-.000228125
-.00021875
-.000171875
-.00020625
-.000198437
-.000192187
-.000176562
-.000179687
-.000196875
-.000195312
-.00020625
-.000207812
-.000195312
-.000209375
-.000178125
-.00018125
-.000157812
-.000185937
-.000184375
-.00020625
-.000210937
-.000189062
-.000185937
-.000134375
-.000173437
-.0001875
-.000171875
-.000192187
-.0001875
-.00016875
-.000235937
-.0001875
-.000207812
-.000260937
-.000271875
-.000192187
-.000204687
-.000225
-.000240625
-.000220312
-.00019375
-.000209375
-.000242187
-.000185937
-.000198437
-.0002
-.000184375
-.000209375
-.00019375
-.000178125
-.000203125
-.000132812
-.000240625
-.000170312
-.000201562
-.00020625
-.000196875
-.00019375
-.000226562
-.00018125
-.000214062
-.0002
-.000165625
-.000201562
-.000240625
-.00019375
-.000178125
-.000198437
-.0002
-.000170312
-.000195312
-.000165625
-.000164062
-.000171875
-.000170312
-.00019375
-.000203125
-.000198437
-.000192187
-.0002125
-.000207812
-.0002125
-.000226562
-.000226562
-.00018125
-.000209375
-.000226562
-.00018125
-.000178125
-.000204687
-.000171875
-.000223437
-.0002
-.000173437
-.000190625
-.000201562
-.000192187
-.00015625
-.00020625
-.000173437
-.000234375
-.00025
-.000209375
-.000198437
-.000175
-.000179687
-.00014375
-.00015625
-.000165625
-.000184375
-.0001875
-.000184375
-.0001875
-.000176562
-.000235937
-.000228125
-.000173437
-.000239062
-.000196875
-.000215625
-.000196875
-.000204687
-.000207812
-.000196875
-.000190625
-.000157812
-.0001875
-.000159375
-.000151562
-.000175
-.000167187
-.0002125
-.000179687
-.000196875
-.00015
-.000159375
-.000171875
-.000185937
-.0001875
-.000171875
-.000214062
-.00019375
-.000195312
-.000214062
-.000178125
-.000196875
-.000184375
-.000184375
-.000192187
-.000204687
-.000179687
-.00015
-.000198437
-.0001875
-.00021875
-.000203125
-.000209375
-.000223437
-.000209375
-.000210937
-.000229687
-.0002375
-.0002
-.000235937
-.000175
-.000196875
-.000178125
-.000182812
-.00018125
-.00019375
-.0002
-.000203125
-.000176562
-.000190625
-.000196875
-.000170312
-.00020625
-.000182812
-.000203125
-.000239062
-.000229687
-.000203125
-.0001875
-.000184375
-.00019375
-.000185937
-.000185937
-.0001625
-.00016875
-.000164062
-.00014375
-.000146875
-.000134375
-.000164062
-.000164062
-.000117187
-.000128125
-.0001125
-9.53123e-05
-6.09373e-05
-2.03123e-05
2.34377e-05
8.12502e-05
.000159375
.000214063
.000295313
.000371875
.000439063
.000573438
.00065625
.0008375
.00099375
.00124219
.00139063
.00159844
.00186094
.00211875
.00243438
.00279375
.00319375
.00366094
.00417188
.004675
.00523906
.00586875
.00648281
.00704063
.00753438
.00809062
.00857656
.00897969
.00939219
.0097125
.0100047
.0102297
.0104437
.0106266
.010725
.0108437
.0108922
.010925
.0109125
.0108969
.0107969
.0107375
.0106609
.01055
.0104
.0102453
.0100531
.00988594
.00969531
.00952812
.00925625
.00903437
.00879844
.008575
.00829062
.00806875
.00776094
.00746719
.00721563
.00694844
.00660625
.00634375
.00602656
.00565781
.00534844
.00500781
.0047
.00435781
.00404688
.00373906
.00341875
.00308594
.00280469
.00244375
.002125
.00177969
.00144063
.00107344
.000715625
.00041875
6.40627e-05
-.000301562
-.000626562
-.00099375
-.00134062
-.00166875
-.00202344
-.00228281
-.00256875
-.00297187
-.00328906
-.00363281
-.00398125
-.00435156
-.00462812
-.00500625
-.00531719
-.00564531
-.00595625
-.00625625
-.00658437
-.00692031
-.0072625
-.00760937
-.00790781
-.00816719
-.00853125
-.00875469
-.0090875
-.00940469
-.00966094
-.0100016
-.0102422
-.0105312
-.0108266
-.0111875
-.0114625
-.0117172
-.0119719
-.0122141
-.0124844
-.0127437
-.0130281
-.0133016
-.0135766
-.0138609
-.0141312
-.0144172
-.0146766
-.0149125
-.01525
-.0154719
-.0157125
-.0159531
-.0162484
-.0164266
-.0166641
-.0169156
-.0170906
-.0173391
-.0175969
-.0178453
-.0180828
-.0182719
-.0184187
-.0187031
-.0188969
-.0190531
-.0192906
-.0194516
-.019725
-.0199125
-.0201109
-.020275
-.0204281
-.0206047
-.0208062
-.0209687
-.0211219
-.0212547
-.02145
-.0215531
-.0216969
-.0218437
-.0219703
-.0221016
-.0221719
-.0222984
-.0224125
-.0224859
-.0226016
-.0226297
-.0225969
-.0225516
-.0223031
-.0217609
-.0205094
-.0171516
-.00886562
.00483438
.0196641
.0303859
.0344906
.0333312
.0300109
.0272969
.0263125
.0266031
.0275062
.0284187
.0287609
.0283406
.0275
.0266484
.0259609
.0253406
.0245984
.0235641
.0224641
.0213203
.0202062
.0192625
.0186328
.0183953
.0182156
.0180812
.0177359
.0172766
.0166203
.0158937
.0151781
.0144656
.0138375
.0132906
.0126625
.0120109
.0112078
.0103203
.009475
.00880781
.008425
.00814844
.0078875
.00764219
.0073125
.00701094
.00666094
.00623281
.00567969
.00513594
.00465781
.00417656
.00364063
.0031375
.00270469
.00233594
.00207344
.00183906
.00162813
.00140313
.00114531
.000817188
.000473438
.000139063
-.000192187
-.000509375
-.000804687
-.00110625
-.00148281
-.00188594
-.00224219
-.00261875
-.00288125
-.00316875
-.0034875
-.003775
-.00405781
-.00423594
-.00441406
-.00453594
-.00471094
-.00477969
-.0049
-.00492656
-.00501406
-.00507812
-.00519531
-.00528437
-.00542969
-.00556094
-.00561875
-.0055875
-.00557812
-.00560937
-.0055875
-.00557812
-.00557656
-.00552031
-.00542031
-.0053875
-.00525
-.00521406
-.00513125
-.0051
-.00512812
-.00515937
-.00521719
-.00516562
-.00510781
-.00506562
-.00500937
-.00494219
-.00487031
-.00478437
-.00468437
-.00459375
-.00441094
-.00436094
-.00418594
-.00415625
-.00406719
-.00405
-.00403437
-.003975
-.00392031
-.0038
-.00371875
-.00365
-.00349375
-.003475
-.0033125
-.00332344
-.00326719
-.0031875
-.00311875
-.00309844
-.00299844
-.00300469
-.00295
-.00288125
-.00285156
-.00281875
-.00275
-.00272031
-.00272812
-.00269062
-.00270781
-.00262031
-.00255156
-.00241562
-.00235312
-.00221094
-.00208125
-.00199531
-.00194531
-.00197187
-.00195625
-.00197187
-.00197656
-.00202187
-.002
-.00190156
-.0018875
-.00178437
-.00182187
-.00178437
-.00172187
-.00162656
-.00149687
-.00140312
-.00129062
-.00118594
-.000951562
-.00085625
-.0007
-.000542187
-.000410937
-.000246875
-2.81248e-05
.00016875
.000379688
.000589063
.000848438
.00101094
.00128594
.00150781
.00171094
.00197969
.00224844
.00257969
.00290156
.00325938
.00360313
.0039
.00419375
.0044125
.00469688
.00488906
.00508906
.00527813
.00550781
.00567344
.0057625
.00592344
.00604531
.00606406
.00620469
.00626094
.00628438
.00626563
.00627656
.00625156
.00622656
.00620781
.00619375
.00614219
.00608125
.00599219
.00589219
.00580781
.00567969
.00554219
.00535313
.0052375
.00510469
.00497656
.00480781
.00459688
.00442344
.00416719
.00398594
.00374688
.00352344
.00326719
.00304063
.00285313
.00265781
.00247969
.00224531
.00202344
.00184531
.00161719
.00147969
.00135
.00126094
.00113125
.000973438
.00086875
.000685938
.000551563
.000432813
.000303125
.000225
.000103125
3.59377e-05
-7.34373e-05
-.000125
-.000207812
-.00024375
-.000320312
-.00035
-.000364062
-.000357812
-.000382812
-.0003625
-.0003625
-.000334375
-.000389062
-.000373437
-.000340625
-.00031875
-.000364062
-.000290625
-.000298437
-.000264062
-.000214062
-.000217187
-.000229687
-.000239062
-.000173437
-.000175
-.00019375
-.000204687
-.000182812
-.000151562
-.000123437
-.000103125
-8.28123e-05
-4.37498e-05
-1.87498e-05
2.03127e-05
4.06252e-05
5.62502e-05
.000126563
.000170313
.0001875
.000225
.00021875
.000282813
.000282813
.00029375
.000340625
.00034375
.000359375
.00035
.000329688
.000335938
.000321875
.00030625
.000228125
.0001125
7.96877e-05
-1.56231e-06
-5.46873e-05
-.0001625
-.000248437
-.000265625
-.000392187
-.000440625
-.000460937
-.000546875
-.000564062
-.000639062
-.000640625
-.000671875
-.000695312
-.000679687
-.000689062
-.000679687
-.000739062
-.0007375
-.000795312
-.000784375
-.000801562
-.000840625
-.000857812
-.0008875
-.000920312
-.000967187
-.00100156
-.00102187
-.00104531
-.00104531
-.00105937
-.00103594
-.00106406
-.00106562
-.00105937
-.00105469
-.0010625
-.00110469
-.001075
-.00110625
-.00111719
-.00111562
-.00115312
-.00116094
-.00116875
-.00118281
-.00118437
-.00118437
-.00119531
-.001175
-.00116094
-.00111406
-.00101875
-.00101406
-.000960937
-.000915625
-.000804687
-.00071875
-.000628125
-.000540625
-.000420312
-.000392187
-.000301562
-.000234375
-.000135937
-7.49998e-05
1.71877e-05
.0001125
.000145313
.000184375
.0003
.000325
.000403125
.000445313
.000503125
.000532813
.0006
.000584375
.00059375
.0005875
.000610938
.000632813
.000617188
.000610938
.000585938
.000579688
.000564063
.000540625
.000514063
.000446875
.00048125
.000423438
.000403125
.000359375
.000376563
.000359375
.00030625
.000309375
.000223438
.000196875
.0001375
7.65627e-05
4.53127e-05
-4.84373e-05
-6.87498e-05
-.00014375
-.000225
-.000267187
-.00031875
-.000384375
-.000446875
-.000567187
-.00060625
-.000751562
-.00081875
-.000864062
-.000975
-.00100625
-.00109219
-.00112656
-.00125312
-.00131406
-.00135469
-.00145625
-.00152969
-.00159062
-.00157344
-.0015875
-.00166562
-.00169844
-.00172656
-.00170781
-.00173281
-.0017875
-.00181094
-.00182656
-.00183437
-.00184375
-.00184062
-.00184844
-.00179844
-.00181094
-.00175156
-.00171562
-.00167031
-.00165469
-.0016125
-.00156562
-.00150781
-.00146406
-.00140312
-.00130469
-.0012875
-.00117031
-.00110312
-.00101875
-.00100469
-.000910937
-.000853125
-.00083125
-.00076875
-.000690625
-.000635937
-.00056875
-.000532812
-.0004375
-.0003875
-.000339062
-.000253125
-.000240625
-.000170312
-.000114062
3.12519e-06
2.81252e-05
7.34377e-05
7.96877e-05
.00011875
.000151563
.00023125
.000260938
.000279688
.00029375
.000342188
.0004
.000404688
.000425
.000454688
.000448438
.000495313
.000521875
.000473438
.000521875
.000507813
.0005375
.000535938
.0005375
.000498438
.00050625
.00048125
.0004625
.000425
.000410938
.000392188
.000367188
.000328125
.000257813
.000248438
.000214063
.000128125
.000126563
7.50002e-05
4.68752e-05
9.37519e-06
-2.34373e-05
-7.18748e-05
-5.46873e-05
-.000109375
-.000154687
-.00015625
-.000175
-.000215625
-.000234375
-.000284375
-.000289062
-.000310937
-.0003
-.000289062
-.000321875
-.000353125
-.000365625
-.000339062
-.00039375
-.000379687
-.000440625
-.000426562
-.000435937
-.000421875
-.000385937
-.000373437
-.00040625
-.000404687
-.000429687
-.00045625
-.000423437
-.00046875
-.000428125
-.000460937
-.000470312
-.000459375
-.000457812
-.000446875
-.000432812
-.000465625
-.00041875
-.000457812
-.000421875
-.00044375
-.000389062
-.0004
-.000454687
-.000473437
-.000454687
-.000425
-.00039375
-.0004
-.000371875
-.000357812
-.000395312
-.000365625
-.00035625
-.000323437
-.00034375
-.000328125
-.000384375
-.000364062
-.000382812
-.00034375
-.000359375
-.000354687
-.0003875
-.000301562
-.000395312
-.000409375
-.000379687
-.0004125
-.000417187
-.00038125
-.000420312
-.000445312
-.000464062
-.00045625
-.000459375
-.000476562
-.000464062
-.000482812
-.000523437
-.00053125
-.00058125
-.000553125
-.000610937
-.000646875
-.000635937
-.000660937
-.000648437
-.000670312
-.000701562
-.000667187
-.000703125
-.000715625
-.000679687
-.000709375
-.00073125
-.000773437
-.00074375
-.0007125
-.000707812
-.0007125
-.000682812
-.000690625
-.000690625
-.000632812
-.000632812
-.000632812
-.000590625
-.000598437
-.000575
-.000576562
-.000534375
-.0004875
-.000415625
-.000390625
-.000332812
-.000276562
-.000267187
-.00020625
-.0002125
-.000132812
-.000125
-.00011875
-9.21873e-05
-1.40623e-05
3.12519e-06
2.03127e-05
4.21877e-05
8.43752e-05
.0001125
.000185938
.000196875
.00019375
.000251563
.000264063
.000289063
.000285938
.0003375
.000278125
.000296875
.00030625
.00030625
.000309375
.00030625
.000310938
.000309375
.000320313
.00029375
.0003
.000282813
.000271875
.000267188
.00026875
.000260938
.000217188
.000201563
.00018125
.0002125
.000215625
.000251563
.000226563
.000173438
.000167188
.000146875
.0001875
.000160938
.000140625
.000160938
.000134375
.000153125
.000115625
7.96877e-05
.000126563
.000129688
.0001125
.000101563
2.34377e-05
-2.34373e-05
-2.65623e-05
-2.34373e-05
-7.18748e-05
-.000101562
-.000139062
-.000140625
-.000207812
-.000204687
-.000273437
-.000275
-.00029375
-.0003375
-.00031875
-.000382812
-.00036875
-.000417187
-.000440625
-.000448437
-.000415625
-.000467187
-.000490625
-.000426562
-.000423437
-.000457812
-.000423437
-.000417187
-.000334375
-.000370312
-.000346875
-.000329687
-.000304687
-.000307812
-.00024375
-.000240625
-.000223437
-.000220312
-.000178125
-.000159375
-.000167187
-.000164062
-.000176562
-.000120312
-8.12498e-05
-4.68748e-05
-5.78123e-05
-4.06248e-05
-1.56248e-05
2.65627e-05
5.62502e-05
8.12502e-05
.00010625
5.46877e-05
5.00002e-05
5.31252e-05
6.09377e-05
2.96877e-05
5.31252e-05
5.93752e-05
5.62502e-05
7.03127e-05
5.15627e-05
2.03127e-05
1.09377e-05
1.25002e-05
-3.12481e-06
-2.96873e-05
-7.18748e-05
-3.12498e-05
-3.59373e-05
-4.37498e-05
-5.62498e-05
-.000129687
-.000135937
-.000165625
-.000154687
-.00016875
-.000220312
-.000192187
-.000196875
-.000251562
-.000265625
-.000265625
-.000289062
-.000264062
-.000301562
-.000303125
-.000370312
-.000376562
-.000385937
-.000384375
-.0004
-.000414062
-.000404687
-.000403125
-.0004
-.000409375
-.000429687
-.000439062
-.000465625
-.00046875
-.00046875
-.00050625
-.000496875
-.000525
-.000517187
-.000523437
-.000525
-.00055625
-.000582812
-.000567187
-.000564062
-.000557812
-.00051875
-.000523437
-.00051875
-.00053125
-.00050625
-.00051875
-.0004875
-.0005625
-.000507812
-.000507812
-.0004875
-.000515625
-.00048125
-.000445312
-.000475
-.00044375
-.000415625
-.000428125
-.00039375
-.000379687
-.000353125
-.000326562
-.000307812
-.000303125
-.000290625
-.000273437
-.000267187
-.000278125
-.000284375
-.000223437
-.00024375
-.00020625
-.000217187
-.0001875
-.000189062
-.000204687
-.000204687
-.000198437
-.000203125
-.0002
-.000214062
-.00019375
-.00021875
-.00019375
-.00021875
-.000190625
-.000207812
-.000217187
-.00028125
-.000253125
-.0002625
-.000279687
-.000315625
-.000304687
-.000321875
-.0003625
-.00034375
-.000364062
-.000390625
-.00036875
-.000425
-.00041875
-.000496875
-.000460937
-.000503125
-.00044375
-.000509375
-.000501562
-.000551562
-.000515625
-.000504687
-.000567187
-.000582812
-.000565625
-.00055
-.000565625
-.000579687
-.00055
-.000582812
-.000595312
-.000557812
-.000592187
-.000607812
-.000585937
-.000623437
-.000595312
-.00056875
-.000535937
-.000585937
-.000540625
-.000534375
-.00056875
-.000571875
-.0005625
-.00053125
-.00051875
-.000496875
-.000445312
-.000446875
-.000407812
-.000421875
-.000385937
-.000407812
-.000354687
-.000282812
-.000284375
-.000290625
-.000242187
-.000248437
-.000239062
-.0002375
-.000184375
-.000164062
-.000139062
-.000165625
-.000128125
-.000120312
-.000107812
-3.90623e-05
-1.24998e-05
1.40627e-05
5.62502e-05
8.12502e-05
8.43752e-05
6.40627e-05
9.21877e-05
.0001125
.00011875
9.68752e-05
.000135938
.000145313
.000151563
.000164063
.000178125
.000176563
.00020625
.000176563
.000185938
.000182813
.000148438
.000139063
.0001125
.000167188
.000145313
.000159375
.000121875
.000132813
.000123438
.000203125
.000173438
.00015625
.000146875
.000123438
.000104688
.0001375
.000109375
.00011875
.000120313
.0001125
.000145313
.000109375
9.68752e-05
.000128125
.000117188
.000142188
.0001375
.000170313
.000121875
.000121875
.000129688
.000164063
.000139063
.000142188
.000125
.00015
.000148438
.000148438
.000196875
.000185938
.000148438
.00015625
.00013125
.000178125
.00016875
.000195313
.000175
.000192188
.000178125
.00020625
.000142188
.0001875
.000185938
.000198438
.000198438
.000171875
.0001875
.000146875
.0001375
.00015
.000126563
.000148438
9.53127e-05
9.21877e-05
4.21877e-05
6.09377e-05
5.93752e-05
3.12519e-06
-1.40623e-05
-1.40623e-05
-5.15623e-05
-7.96873e-05
-7.18748e-05
-.000120312
-.0001625
-.000160937
-.000204687
-.000184375
-.000214062
-.000259375
-.00025625
-.000296875
-.000328125
-.000335937
-.000353125
-.00038125
-.000398437
-.0004375
-.00045
-.000465625
-.000495312
-.000520312
-.000532812
-.000521875
-.000504687
-.000559375
-.000535937
-.000521875
-.000534375
-.000557812
-.000571875
-.00056875
-.000632812
-.000648437
-.000617187
-.000604687
-.000576562
-.000614062
-.000614062
-.000625
-.00060625
-.000565625
-.000598437
-.000601562
-.000560937
-.000567187
-.000539062
-.000575
-.000554687
-.000526562
-.000579687
-.000554687
-.00050625
-.000535937
-.00049375
-.000490625
-.00049375
-.000553125
-.000515625
-.000510937
-.000482812
-.000470312
-.000467187
-.000420312
-.000490625
-.00050625
-.0005375
-.000454687
-.00049375
-.000475
-.000460937
-.000421875
-.000409375
-.000434375
-.000382812
-.000420312
-.000407812
-.0003625
-.000390625
-.000384375
-.000360937
-.000365625
-.000346875
-.000360937
-.00034375
-.00035625
-.0002875
-.000271875
-.000253125
-.000260937
-.000223437
-.000251562
-.000198437
-.000175
-.000128125
-9.21873e-05
-5.93748e-05
-1.09373e-05
-3.59373e-05
-8.43748e-05
-3.90623e-05
-4.53123e-05
-4.68731e-06
-2.34373e-05
5.00002e-05
6.71877e-05
4.06252e-05
6.87502e-05
2.81252e-05
5.31252e-05
4.06252e-05
7.81252e-05
.000134375
.0001125
.000139063
9.37502e-05
.000107813
.000132813
.000110938
.000139063
.000134375
.000101563
.000107813
7.34377e-05
5.31252e-05
3.43752e-05
-2.03123e-05
-1.56231e-06
1.56269e-06
4.68769e-06
-2.18748e-05
-1.09373e-05
-2.34373e-05
-3.12498e-05
-3.59373e-05
2.03127e-05
-3.12481e-06
-5.78123e-05
-4.68748e-05
-7.49998e-05
-4.53123e-05
-4.84373e-05
-4.53123e-05
-5.15623e-05
-7.65623e-05
-7.03123e-05
-9.06248e-05
-8.74998e-05
-9.99998e-05
-9.99998e-05
-4.37498e-05
-9.37498e-05
-7.18748e-05
-.00010625
-7.18748e-05
-7.34373e-05
-7.65623e-05
-6.71873e-05
-8.74998e-05
-4.53123e-05
-3.90623e-05
-3.74998e-05
-.000109375
-7.65623e-05
-8.90623e-05
-4.68748e-05
-.00011875
-8.12498e-05
-7.03123e-05
-.000103125
-8.74998e-05
-.000101562
-9.21873e-05
-.000110937
-9.06248e-05
-.000114062
-.000160937
-.000126562
-.00010625
-.000129687
-.000132812
-.00015
-.000142187
-.000171875
-.000176562
-.000173437
-.000204687
-.00016875
-.0001875
-.000185937
-.000229687
-.0003
-.0003
-.0002875
-.000310937
-.000326562
-.000317187
-.000334375
-.000335937
-.000365625
-.000367187
-.000404687
-.000423437
-.00041875
-.000432812
-.000460937
-.000453125
-.000457812
-.000478125
-.000471875
-.000510937
-.000495312
-.000492187
-.000479687
-.000435937
-.00045625
-.000475
-.000467187
-.000495312
-.000489062
-.00049375
-.00046875
-.000454687
-.000496875
-.000429687
-.000434375
-.000448437
-.000434375
-.000421875
-.00041875
-.0004125
-.000370312
-.00036875
-.000378125
-.00038125
-.000379687
-.000375
-.000353125
-.000373437
-.000307812
-.0003375
-.0003375
-.000321875
-.00034375
-.000328125
-.00034375
-.00029375
-.000310937
-.000270312
-.000296875
-.00030625
-.0002625
-.00030625
-.00028125
-.000278125
-.000254687
-.0002375
-.000232812
-.000301562
-.000320312
-.000340625
-.00029375
-.000317187
-.000329687
-.0003375
-.000296875
-.000296875
-.000332812
-.000310937
-.00035
-.000296875
-.000342187
-.000342187
-.000279687
-.00033125
-.000301562
-.00026875
-.00030625
-.000295312
-.000273437
-.000292187
-.00031875
-.000226562
-.00023125
-.000203125
-.00025625
-.000210937
-.0002375
-.000257812
-.000234375
-.000221875
-.000204687
-.000198437
-.000259375
-.00021875
-.000228125
-.000182812
-.000214062
-.000157812
-.0001375
-.000126562
-.000109375
-.000117187
-9.21873e-05
-.0001125
-7.49998e-05
-.000125
-.000103125
-9.68748e-05
-.000121875
-.000110937
-.000125
-.000110937
-.000107812
-.000129687
-.0001125
-.0001625
-.000107812
-.000157812
-.000145312
-.000145312
-.000129687
-.000190625
-.0001375
-.000167187
-.0002
-.000182812
-.000189062
-.000164062
-.000165625
-.00019375
-.000201562
-.000189062
-.000226562
-.0002
-.00016875
-.000203125
-.000201562
-.000203125
-.000170312
-.000184375
-.000126562
-.000160937
-.000151562
-.000134375
-.000153125
-.000154687
-.000128125
-.000170312
-.000178125
-.000134375
-.000142187
-.000146875
-.0001625
-.000134375
-.000109375
-.000115625
-.000145312
-.000121875
-.00013125
-.000126562
-9.68748e-05
-7.96873e-05
-9.53123e-05
-7.03123e-05
-8.74998e-05
-6.24998e-05
-7.18748e-05
-1.71873e-05
-5.15623e-05
-4.21873e-05
-6.40623e-05
-4.53123e-05
-3.74998e-05
1.87502e-05
-2.34373e-05
-1.56231e-06
-5.93748e-05
-2.81248e-05
9.37519e-06
1.90735e-10
3.28127e-05
1.56252e-05
6.25019e-06
-6.24981e-06
3.12519e-06
-6.24981e-06
3.43752e-05
5.31252e-05
5.46877e-05
2.03127e-05
7.03127e-05
3.43752e-05
3.75002e-05
2.65627e-05
4.68769e-06
2.65627e-05
3.43752e-05
-1.40623e-05
-1.56248e-05
-2.34373e-05
-3.12481e-06
-7.81231e-06
-2.34373e-05
-4.68748e-05
-3.59373e-05
-4.53123e-05
-4.84373e-05
-6.24981e-06
-1.40623e-05
-5.78123e-05
-5.31248e-05
-5.62498e-05
-7.96873e-05
-.000121875
-6.87498e-05
-.000121875
-8.28123e-05
-8.43748e-05
-8.43748e-05
-.000134375
-.000125
-.000134375
-.000146875
-.0001625
-.0001875
-.00019375
-.000146875
-.0001875
-.000134375
-.000145312
-.000203125
-.000240625
-.000234375
-.000214062
-.000215625
-.000226562
-.000240625
-.000284375
-.0002625
-.00025
-.000292187
-.000259375
-.00029375
-.000273437
-.0002875
-.000325
-.000304687
-.000295312
-.000323437
-.000335937
-.000329687
-.0003625
-.000346875
-.0003625
-.000395312
-.000414062
-.000410937
-.000429687
-.00045625
-.00043125
-.000442187
-.00040625
-.000434375
-.000425
-.00038125
-.000429687
-.000434375
-.000442187
-.000420312
-.000503125
-.0004875
-.000485937
-.000470312
-.000448437
-.000464062
-.000429687
-.000457812
-.000475
-.000448437
-.00043125
-.00045
-.000425
-.000448437
-.000404687
-.00041875
-.000454687
-.000448437
-.000421875
-.000396875
-.000421875
-.000435937
-.00036875
-.000401562
-.0003875
-.000346875
-.000354687
-.0003375
-.000310937
-.000289062
-.000326562
-.000301562
-.000290625
-.000328125
-.000265625
-.00029375
-.000242187
-.000259375
-.000290625
-.000295312
-.000307812
-.000304687
-.000270312
-.000276562
-.000254687
-.000303125
-.000259375
-.000275
-.000304687
-.000284375
-.000228125
-.000260937
-.000179687
-.000253125
-.000214062
-.000178125
-.000203125
-.000215625
-.000190625
-.00020625
-.00025
-.000223437
-.000229687
-.000184375
-.00021875
-.000221875
-.000203125
-.000185937
-.000190625
-.0001625
-.000176562
-.000170312
-.000185937
-.000184375
-.000170312
-.000171875
-.0001625
-.000170312
-.000151562
-.000109375
-.000107812
-.00015
-.000135937
-.000135937
-.000142187
-.000139062
-.000115625
-.000120312
-9.84373e-05
-.000129687
-7.65623e-05
-8.28123e-05
-.000107812
-8.90623e-05
-6.87498e-05
-6.56248e-05
-9.99998e-05
-.000110937
-.00014375
-9.68748e-05
-.000123437
-.000153125
-.00014375
-.000148437
-.0001625
-.000120312
-.00011875
-8.90623e-05
-5.78123e-05
-.000107812
-.000101562
-.00010625
-.0001375
-.000123437
-.000114062
-.000117187
-.000151562
-.000129687
-.00013125
-9.84373e-05
-8.59373e-05
-.000157812
-9.37498e-05
-.000104687
-.000120312
-9.84373e-05
-7.49998e-05
-.000101562
-.000159375
-.000153125
-.000170312
-.000142187
-.0001125
-.000107812
-.000132812
-.000125
-.000171875
-.000132812
-9.99998e-05
-.000104687
-.000125
-.000104687
-.000153125
-.0001375
-.000165625
-.000115625
-.000103125
-9.53123e-05
-.000153125
-.000114062
-.000142187
-.000109375
-.000134375
-.000120312
-.000157812
-.000164062
-.000139062
-.000148437
-.000179687
-.000151562
-.000128125
-.000195312
-.000178125
-.000139062
-.000164062
-.00015625
-.000120312
-.00018125
-.000171875
-.0002
-.000204687
-.000175
-.000170312
-.000196875
-.000210937
-.000214062
-.000171875
-.000173437
-.000189062
-.000189062
-.0001875
-.000201562
-.000182812
-.000234375
-.000184375
-.000210937
-.000246875
-.000204687
-.000248437
-.000248437
-.000228125
-.000264062
-.000235937
-.000195312
-.0002625
-.000245312
-.000246875
-.000240625
-.000229687
-.000223437
-.000257812
-.000282812
-.000290625
-.000260937
-.0002625
-.000279687
-.00031875
-.000270312
-.00025
-.000239062
-.000226562
-.000275
-.000298437
-.0003
-.000290625
-.000278125
-.000310937
-.000292187
-.000265625
-.000271875
-.000295312
-.00024375
-.0002625
-.000303125
-.000295312
-.00028125
-.000320312
-.000323437
-.000309375
-.000303125
-.0002875
-.000290625
-.000290625
-.0003
-.000253125
-.00028125
-.00034375
-.000303125
-.00029375
-.000326562
-.000278125
-.000342187
-.000320312
-.000320312
-.000321875
-.000329687
-.000310937
-.00039375
-.000328125
-.000329687
-.000304687
-.0003
-.00033125
-.000323437
-.00035
-.000398437
-.000360937
-.00036875
-.000375
-.000404687
-.000385937
-.000410937
-.000395312
-.000410937
-.000457812
-.000428125
-.000407812
-.00045
-.00045
-.00040625
-.000407812
-.00041875
-.000435937
-.000429687
-.000375
-.000382812
-.000420312
-.000432812
-.000448437
-.000403125
-.0004
-.000389062
-.000414062
-.0003875
-.00035
-.000415625
-.0004125
-.000423437
-.00039375
-.000401562
-.000360937
-.000353125
-.000354687
-.000342187
-.000304687
-.000326562
-.000339062
-.000357812
-.000320312
-.000309375
-.000275
-.000285937
-.000267187
-.000301562
-.00033125
-.000303125
-.000276562
-.000239062
-.000245312
-.000210937
-.00018125
-.000215625
-.000223437
-.000204687
-.000215625
-.000220312
-.000178125
-.000142187
-.000114062
-.00013125
-.000139062
-.000134375
-.000109375
-.00013125
-.000146875
-.000129687
-.000109375
-6.24998e-05
-8.59373e-05
-4.06248e-05
-7.49998e-05
-8.43748e-05
-6.40623e-05
-4.21873e-05
-4.53123e-05
-2.18748e-05
-4.99998e-05
-5.15623e-05
-5.62498e-05
4.68769e-06
-6.24998e-05
-3.90623e-05
-8.12498e-05
-6.71873e-05
-2.96873e-05
-1.56231e-06
-6.40623e-05
-5.62498e-05
-2.03123e-05
-5.46873e-05
-5.15623e-05
-7.65623e-05
-4.37498e-05
-6.24998e-05
-5.31248e-05
-6.09373e-05
-5.15623e-05
-7.18748e-05
-5.31248e-05
-6.09373e-05
-6.24998e-05
-5.93748e-05
-7.03123e-05
-8.74998e-05
-9.68748e-05
-.000103125
-7.03123e-05
-7.81248e-05
-6.40623e-05
-.000117187
-.000121875
-9.84373e-05
-8.59373e-05
-8.74998e-05
-8.90623e-05
-.000120312
-6.71873e-05
-9.21873e-05
-9.37498e-05
-.00010625
-.000142187
-.000160937
-.000203125
-.000176562
-.00016875
-.000160937
-.000120312
-.0001625
-.000140625
-.000148437
-.000151562
-.000178125
-.000175
-.000151562
-.000179687
-.000178125
-.00020625
-.0001875
-.000167187
-.000185937
-.000178125
-.000184375
-.000165625
-.000221875
-.000192187
-.000220312
-.000196875
-.000226562
-.000225
-.000182812
-.0002
-.000234375
-.000235937
-.000235937
-.000225
-.0002125
-.000248437
-.000240625
-.000215625
-.000225
-.000232812
-.000226562
-.000239062
-.00029375
-.000276562
-.000223437
-.000253125
-.000235937
-.00025625
-.000257812
-.000276562
-.0002625
-.000296875
-.000214062
-.000265625
-.000221875
-.000279687
-.000251562
-.000225
-.00023125
-.000234375
-.00020625
-.0002
-.000190625
-.000210937
-.00024375
-.000228125
-.0002375
-.00025
-.000214062
-.00020625
-.000175
-.000178125
-.000179687
-.000179687
-.00019375
-.00018125
-.000185937
-.000135937
-.000145312
-.000164062
-.00018125
-.000120312
-.0001375
-.000145312
-.000171875
-.000192187
-.0001875
-.000207812
-.00015
-.000157812
-.000165625
-.000189062
-.000132812
-.000139062
-.000126562
-.000125
-.00011875
-.000135937
-.000171875
-.000135937
-.000160937
-.000189062
-.000170312
-.000175
-.000153125
-.000128125
-.000159375
-.00013125
-.000146875
-.0001625
-.000160937
-.0001625
-.00015625
-.000164062
-.0001875
-.000175
-.000170312
-.000135937
-.000178125
-.000192187
-.000209375
-.000192187
-.0001375
-.000145312
-.000148437
-.000151562
-.000151562
-.000134375
-.000159375
-.0001875
-.000153125
-.000145312
-.000117187
-.000107812
-.00010625
-.000126562
-.000146875
-.000176562
-.000171875
-.0001625
-.000142187
-.000165625
-.00014375
-.000157812
-.000167187
-.000175
-.000151562
-.000176562
-.000198437
-.000204687
-.000184375
-.000184375
-.000148437
-.000175
-.00019375
-.000209375
-.000204687
-.0001875
-.000190625
-.000157812
-.000179687
-.000148437
-.000129687
-.000201562
-.000195312
-.000176562
-.000170312
-.0001875
-.000171875
-.000215625
-.000165625
-.000185937
-.000171875
-.000176562
