2500
2.e-09
250
.905396
-.000260156
-.000247656
-.000251563
-.000283594
-.000266406
-.000252344
-.000251563
-.000238281
-.000239063
-.0001875
-.000245313
-.000273438
-.000257031
-.000209375
-.0002375
-.000252344
-.000253125
-.000239844
-.000265625
-.000273438
-.000267969
-.000221875
-.000240625
-.000239844
-.000264844
-.000261719
-.000213281
-.000272656
-.000283594
-.000267969
-.000238281
-.000245313
-.0002375
-.000228125
-.0002625
-.000300781
-.0002875
-.000264063
-.000227344
-.000267969
-.0002125
-.000209375
-.000217188
-.000269531
-.000266406
-.000232813
-.000255469
-.000264844
-.000242188
-.000215625
-.000214063
-.000260938
-.000265625
-.000244531
-.000246094
-.000264063
-.000266406
-.00021875
-.000235156
-.000235938
-.000246875
-.000230469
-.000254688
-.000267969
-.000259375
-.00021875
-.000255469
-.000245313
-.000249219
-.000221875
-.000228125
-.000259375
-.000253906
-.000196875
-.000239063
-.000255469
-.000250781
-.000257813
-.00025625
-.000257031
-.000265625
-.000202344
-.00020625
-.000255469
-.000251563
-.0002
-.00025
-.00026875
-.000244531
-.000239844
-.000245313
-.000236719
-.000235938
-.000253906
-.000259375
-.000257813
-.000245313
-.000216406
-.000241406
-.000228906
-.000254688
-.000217969
-.000232031
-.000283594
-.000225781
-.00025
-.000217969
-.000264063
-.000230469
-.000207813
-.000221875
-.000240625
-.000265625
-.000275
-.000238281
-.000236719
-.000260156
-.000253906
-.00023125
-.000255469
-.000239844
-.000192188
-.000225
-.000273438
-.000275
-.000239844
-.000233594
-.000270313
-.000250781
-.000192188
-.000226563
-.000270313
-.000242188
-.000216406
-.000265625
-.00025625
-.0002625
-.000242969
-.000220313
-.000267188
-.0002625
-.000233594
-.000223438
-.000247656
-.00025625
-.000235156
-.000214844
-.000279688
-.000224219
-.000235938
-.000244531
-.000275
-.000252344
-.000207813
-.000246094
-.000235938
-.000257031
-.000249219
-.000246094
-.000267188
-.000263281
-.000242969
-.000219531
-.000264844
-.000260156
-.000221094
-.000239844
-.0002625
-.000232031
-.000233594
-.000239844
-.00024375
-.000228906
-.000245313
-.000253125
-.000267969
-.000267188
-.000236719
-.000239063
-.000230469
-.000213281
-.000217969
-.000214063
-.000264844
-.000257813
-.00024375
-.000238281
-.000246875
-.000236719
-.000245313
-.000210156
-.000260156
-.000282813
-.000217188
-.000221875
-.000259375
-.000205469
-.000225
-.000222656
-.000263281
-.000253125
-.000245313
-.000224219
-.000260938
-.000270313
-.000246094
-.000248438
-.000251563
-.000267969
-.000247656
-.000235938
-.000219531
-.000225781
-.000255469
-.000244531
-.000275781
-.000279688
-.000228125
-.000244531
-.000225781
-.000220313
-.000194531
-.000234375
-.0002625
-.000270313
-.000232813
-.000230469
-.000228125
-.000254688
-.000220313
-.000221875
-.000275
-.000261719
-.00020625
-.000260938
-.000275
-.000242188
-.000235938
-.000238281
-.000273438
-.000257813
-.000230469
-.000244531
-.000283594
-.000274219
-.000242969
-.000225781
-.000275781
-.000246875
-.000234375
-.000246875
-.000247656
-.000244531
-.000219531
-.000247656
-.000251563
-.000235156
-.000232813
-.000221875
-.000214063
-.000234375
-.000178125
-.000217188
-.000266406
-.000240625
-.000241406
-.000257031
-.000296094
-.000238281
-.000214063
-.000255469
-.000253125
-.000261719
-.000220313
-.000224219
-.000285156
-.000261719
-.000244531
-.000221094
-.000222656
-.000235938
-.000213281
-.000248438
-.000255469
-.000245313
-.000267969
-.00025625
-.000242969
-.000266406
-.000221875
-.000217969
-.000257031
-.000233594
-.000211719
-.000229688
-.000253906
-.000246094
-.000225
-.000224219
-.000230469
-.000266406
-.000263281
-.000252344
-.000270313
-.000285938
-.000253906
-.000208594
-.000210156
-.000222656
-.000214844
-.000201563
-.000282813
-.000245313
-.000233594
-.0002
-.000303125
-.000278125
-.000228906
-.000254688
-.000271094
-.000232031
-.000222656
-.00025
-.000255469
-.000261719
-.000239844
-.000225
-.000247656
-.000267969
-.000225
-.000245313
-.000253906
-.0002625
-.000242969
-.0002625
-.000271094
-.000246875
-.000227344
-.000251563
-.000204688
-.000221875
-.000227344
-.000241406
-.000267188
-.000275
-.000246875
-.000217188
-.000285156
-.000223438
-.00018125
-.000226563
-.000264063
-.000257813
-.000225
-.0002125
-.000271094
-.000241406
-.000228125
-.000219531
-.000246875
-.000246094
-.000278125
-.000222656
-.000295313
-.00026875
-.000223438
-.000226563
-.000232031
-.000248438
-.000238281
-.000235156
-.000269531
-.000252344
-.000185938
-.00024375
-.000232813
-.00029375
-.000253125
-.000252344
-.000228906
-.000239844
-.000203125
-.000201563
-.000251563
-.00031875
-.000242188
-.000289844
-.000266406
-.000278125
-.000220313
-.000249219
-.000232031
-.000249219
-.000258594
-.00024375
-.000260938
-.000264063
-.000211719
-.000236719
-.000234375
-.000250781
-.000210156
-.000225
-.000275
-.000280469
-.000221875
-.000271094
-.000257813
-.000252344
-.000214844
-.000214844
-.000271875
-.000254688
-.000220313
-.000239063
-.000248438
-.000252344
-.000233594
-.000232031
-.000267188
-.000257813
-.000217188
-.000279688
-.000283594
-.000260938
-.0002125
-.000260938
-.00025625
-.000226563
-.000227344
-.000220313
-.000321094
-.00026875
-.000224219
-.0002125
-.000266406
-.000275
-.000222656
-.000224219
-.000244531
-.000284375
-.000217188
-.000199219
-.000274219
-.000257031
-.000253125
-.000251563
-.000203125
-.000247656
-.000195313
-.000234375
-.000249219
-.000253125
-.000236719
-.000248438
-.000265625
-.000277344
-.00023125
-.000241406
-.000275
-.000204688
-.000236719
-.000242188
-.000253125
-.0002625
-.000280469
-.000192969
-.000269531
-.000250781
-.000210938
-.000233594
-.000265625
-.0002875
-.000255469
-.000228906
-.000232031
-.000236719
-.000240625
-.000211719
-.000213281
-.000249219
-.000239063
-.000240625
-.000274219
-.000248438
-.000228906
-.000245313
-.000265625
-.000232031
-.000227344
-.000225781
-.00025
-.000228906
-.000257031
-.000233594
-.000267969
-.0002625
-.000229688
-.000265625
-.000232813
-.000219531
-.000222656
-.000210938
-.000228906
-.000246875
-.000238281
-.000246875
-.000278125
-.000257813
-.000217188
-.00023125
-.000273438
-.000259375
-.000238281
-.000244531
-.0002875
-.000278906
-.000235156
-.000213281
-.000224219
-.000222656
-.000205469
-.000202344
-.000247656
-.000260938
-.000252344
-.000265625
-.000246094
-.000283594
-.000225
-.000239063
-.000255469
-.000275781
-.000207031
-.000257813
-.000239063
-.000241406
-.000233594
-.000230469
-.000274219
-.000242969
-.000245313
-.00025
-.000261719
-.000278906
-.000209375
-.000252344
-.000258594
-.000252344
-.000223438
-.000201563
-.000260938
-.000267188
-.000265625
-.000257813
-.000258594
-.000261719
-.000282031
-.000217188
-.000222656
-.000230469
-.000204688
-.000229688
-.000241406
-.00024375
-.000246875
-.000266406
-.000299219
-.000266406
-.000221875
-.000223438
-.000267188
-.000259375
-.000246094
-.000278125
-.000282813
-.000282813
-.000217969
-.000189844
-.000208594
-.00023125
-.000202344
-.000234375
-.000253125
-.000244531
-.000264844
-.000265625
-.000235156
-.000259375
-.000217188
-.000251563
-.000283594
-.000266406
-.000257813
-.00024375
-.000259375
-.000242969
-.000214063
-.000257813
-.000258594
-.0002375
-.000216406
-.000251563
-.000264063
-.000239844
-.000244531
-.000210938
-.000252344
-.000264063
-.000241406
-.000226563
-.000264844
-.000258594
-.000207031
-.000250781
-.000253125
-.000235938
-.000232813
-.000264844
-.000260938
-.000260938
-.00023125
-.000257031
-.000264063
-.000276563
-.000225781
-.000249219
-.000267188
-.0002375
-.000203906
-.000217969
-.0002625
-.000246094
-.000234375
-.000241406
-.000247656
-.000255469
-.000235156
-.000214844
-.00025
-.000225781
-.000249219
-.00025625
-.000251563
-.000236719
-.000229688
-.000242969
-.000255469
-.000211719
-.000239844
-.0002625
-.000275
-.000272656
-.00025
-.000246875
-.000278125
-.000286719
-.000232813
-.000219531
-.000255469
-.000235938
-.000229688
-.000217188
-.00024375
-.000259375
-.000235156
-.0002375
-.000216406
-.000222656
-.000241406
-.000209375
-.000232813
-.000229688
-.000246094
-.000257813
-.000274219
-.000279688
-.000233594
-.0002375
-.000257813
-.000221094
-.000219531
-.000224219
-.000253906
-.000271875
-.000242188
-.000227344
-.000245313
-.000241406
-.000211719
-.000238281
-.000252344
-.000263281
-.000264844
-.000232813
-.000273438
-.000247656
-.000240625
-.000194531
-.000233594
-.000227344
-.000210938
-.000221094
-.000261719
-.000298438
-.00023125
-.00024375
-.000251563
-.000215625
-.000250781
-.000228125
-.000290625
-.000264844
-.00024375
-.000257031
-.000258594
-.000245313
-.000228906
-.000235938
-.0002375
-.000257031
-.000250781
-.000260156
-.000260938
-.000250781
-.00023125
-.000248438
-.000224219
-.000248438
-.000217188
-.000239844
-.000261719
-.000242969
-.000220313
-.000277344
-.000277344
-.000274219
-.000246875
-.00025625
-.000255469
-.000236719
-.000190625
-.000230469
-.000300781
-.000229688
-.000226563
-.000246875
-.0002625
-.000248438
-.000250781
-.000190625
-.000278125
-.000239063
-.000260156
-.00028125
-.000267969
-.000260156
-.000213281
-.000196094
-.000236719
-.000226563
-.000247656
-.000242188
-.000285938
-.000292969
-.00023125
-.000239063
-.000252344
-.000267188
-.000251563
-.000226563
-.000269531
-.000302344
-.000209375
-.000227344
-.000201563
-.000239063
-.000213281
-.000216406
-.000236719
-.0002625
-.000252344
-.000259375
-.000285938
-.000251563
-.000244531
-.000248438
-.000261719
-.000232031
-.000252344
-.000224219
-.000261719
-.000248438
-.000210156
-.000249219
-.000284375
-.000274219
-.00025625
-.000278906
-.000250781
-.000249219
-.000227344
-.000232813
-.000235156
-.000250781
-.000248438
-.000254688
-.000285156
-.000233594
-.000232031
-.000238281
-.000239844
-.000255469
-.00024375
-.000275
-.000294531
-.000273438
-.000214063
-.000235938
-.000264063
-.000246094
-.000250781
-.00025625
-.000278906
-.000253906
-.000209375
-.00023125
-.000239063
-.000232813
-.000221094
-.000264844
-.000253125
-.000263281
-.000233594
-.000257813
-.000214063
-.000230469
-.000208594
-.000264844
-.000271094
-.000260156
-.000236719
-.000248438
-.000276563
-.000252344
-.000229688
-.000238281
-.000275
-.000267188
-.000250781
-.000264063
-.00026875
-.000266406
-.000221094
-.000246875
-.000260938
-.00025625
-.00023125
-.000225781
-.000228906
-.000217969
-.000209375
-.000226563
-.000267969
-.000244531
-.000242969
-.000234375
-.000273438
-.000245313
-.000217969
-.000225781
-.000275
-.000247656
-.000245313
-.000244531
-.000269531
-.000269531
-.000224219
-.000208594
-.000248438
-.00025
-.000230469
-.00024375
-.0002625
-.000260938
-.000245313
-.000233594
-.000260156
-.000255469
-.000211719
-.00024375
-.000257813
-.000263281
-.000247656
-.0002375
-.000257813
-.000259375
-.000207031
-.000238281
-.00028125
-.0002625
-.000246875
-.000239844
-.000271094
-.000257813
-.000242188
-.00025625
-.000269531
-.00025625
-.000226563
-.000223438
-.00025
-.000259375
-.000261719
-.000228906
-.000260938
-.000286719
-.000217188
-.000234375
-.000260156
-.000267969
-.000269531
-.000232813
-.000276563
-.000246875
-.000259375
-.000264063
-.000264844
-.000249219
-.000246875
-.000236719
-.000271875
-.000260156
-.000264844
-.000259375
-.000299219
-.000254688
-.000209375
-.000214844
-.000222656
-.000274219
-.000244531
-.000253906
-.000257031
-.0002625
-.000239063
-.000264063
-.000271094
-.000239844
-.000222656
-.000236719
-.000285938
-.0002875
-.000209375
-.000211719
-.000265625
-.000250781
-.000198438
-.000229688
-.000240625
-.000279688
-.000260938
-.000267969
-.000267188
-.000254688
-.000242969
-.000238281
-.000253125
-.000246875
-.000238281
-.000242188
-.000239844
-.000242188
-.000260156
-.000273438
-.000288281
-.000291406
-.000232813
-.00026875
-.000244531
-.000228125
-.000207813
-.000222656
-.00024375
-.000261719
-.000225781
-.000236719
-.000270313
-.000257813
-.00020625
-.000234375
-.00025625
-.000267188
-.000247656
-.000255469
-.000269531
-.000239063
-.000224219
-.00020625
-.000234375
-.000228125
-.000235938
-.000246094
-.000301563
-.000251563
-.000238281
-.00024375
-.000246094
-.000246094
-.00024375
-.00021875
-.00028125
-.000264063
-.000207031
-.000232031
-.00025625
-.000270313
-.000245313
-.000241406
-.000253125
-.000288281
-.000245313
-.000236719
-.000266406
-.000271094
-.000244531
-.000249219
-.000234375
-.000257813
-.000271875
-.000228125
-.000271875
-.000247656
-.000227344
-.000214844
-.00028125
-.000253906
-.000238281
-.00025625
-.000278125
-.000259375
-.000230469
-.000242188
-.000278906
-.000271875
-.000251563
-.000261719
-.000267188
-.000260938
-.000240625
-.000227344
-.000303906
-.000250781
-.000253125
-.00025625
-.000278906
-.000253906
-.0002125
-.000214844
-.000258594
-.000221094
-.000240625
-.000252344
-.000258594
-.000279688
-.000230469
-.000245313
-.000266406
-.000227344
-.000229688
-.000228906
-.000275781
-.000282813
-.000232031
-.000242188
-.000260938
-.00023125
-.000248438
-.000232031
-.000269531
-.000254688
-.000267969
-.000274219
-.00029375
-.000248438
-.000246875
-.000253125
-.000246875
-.000267188
-.000235938
-.000211719
-.000240625
-.000240625
-.000232031
-.000265625
-.000294531
-.000266406
-.000250781
-.000244531
-.000244531
-.0002625
-.000230469
-.000245313
-.000277344
-.000311719
-.000246875
-.000235938
-.000285938
-.000250781
-.000267188
-.000267188
-.000245313
-.00026875
-.000265625
-.000257813
-.000236719
-.0002125
-.000208594
-.000253125
-.000277344
-.000259375
-.000224219
-.000246094
-.000296094
-.0003
-.000269531
-.000260156
-.00023125
-.000271094
-.00023125
-.0002375
-.000258594
-.000242969
-.000247656
-.000263281
-.000271094
-.000264844
-.000247656
-.000257813
-.000267969
-.000297656
-.0002625
-.000248438
-.000226563
-.000260156
-.00021875
-.000242969
-.000259375
-.000263281
-.000229688
-.000260156
-.000282031
-.000263281
-.000245313
-.000245313
-.000282031
-.000278906
-.000263281
-.000217969
-.000252344
-.000235156
-.000255469
-.000225781
-.000270313
-.000260156
-.000246094
-.000257031
-.000269531
-.000257813
-.0002625
-.000289844
-.000252344
-.000259375
-.000258594
-.000254688
-.00025625
-.000249219
-.000228906
-.000227344
-.000232813
-.000241406
-.000207031
-.000253125
-.00029375
-.000264844
-.000225
-.000227344
-.000271875
-.000277344
-.00025625
-.00025
-.000272656
-.000254688
-.000239063
-.000266406
-.000251563
-.000278906
-.000249219
-.000275781
-.000282031
-.000279688
-.000245313
-.000253125
-.000280469
-.000252344
-.000217969
-.000242969
-.000274219
-.00028125
-.000207031
-.000263281
-.0002625
-.000270313
-.000236719
-.00024375
-.000303906
-.000263281
-.000261719
-.000214844
-.000238281
-.000240625
-.000225781
-.000223438
-.000267188
-.000278906
-.000241406
-.000242188
-.000232031
-.000271875
-.000226563
-.000233594
-.00026875
-.000301563
-.000266406
-.000239063
-.000238281
-.000248438
-.000203906
-.000247656
-.000251563
-.000271094
-.00025
-.0002625
-.000245313
-.000279688
-.000267188
-.000248438
-.00025
-.000223438
-.000233594
-.000234375
-.000228125
-.000217969
-.000224219
-.000227344
-.000269531
-.000273438
-.0002375
-.000226563
-.000275781
-.00025
-.000232813
-.000245313
-.000264063
-.000272656
-.000240625
-.000250781
-.000275781
-.000245313
-.000252344
-.000241406
-.000267188
-.000284375
-.0002375
-.000296875
-.000264063
-.000289063
-.000241406
-.000245313
-.000228125
-.000274219
-.000245313
-.000238281
-.000241406
-.000261719
-.000232031
-.000282813
-.000291406
-.000242188
-.000251563
-.000217188
-.000264063
-.000259375
-.000222656
-.000255469
-.000263281
-.000275
-.00023125
-.000198438
-.000239063
-.000261719
-.000259375
-.000251563
-.000282813
-.000253906
-.000272656
-.000241406
-.000234375
-.000258594
-.000257031
-.000228125
-.000245313
-.000246094
-.000257031
-.000246875
-.00025625
-.000241406
-.000223438
-.000251563
-.000299219
-.000258594
-.000266406
-.000239844
-.000245313
-.000271875
-.000254688
-.000232813
-.000236719
-.000271094
-.00023125
-.000240625
-.000257031
-.000252344
-.000264844
-.000274219
-.000298438
-.000260938
-.000228906
-.000248438
-.000234375
-.000236719
-.000225781
-.000209375
-.000239844
-.000255469
-.000247656
-.000244531
-.000257031
-.000244531
-.000211719
-.000221875
-.000285938
-.000278906
-.000253125
-.000260938
-.000215625
-.0002375
-.000216406
-.000228125
-.000255469
-.000260938
-.000244531
-.000241406
-.000282031
-.000285156
-.000260156
-.000228906
-.000258594
-.000260156
-.000227344
-.000229688
-.000265625
-.000248438
-.000255469
-.000235938
-.000267969
-.000249219
-.000216406
-.000269531
-.000278906
-.000271094
-.000265625
-.00023125
-.000252344
-.000269531
-.000216406
-.000252344
-.000239844
-.000235938
-.000215625
-.000239844
-.000242188
-.000244531
-.000246094
-.00028125
-.000282031
-.000279688
-.000228125
-.000249219
-.000266406
-.000278125
-.000253906
-.000242188
-.000271875
-.000275781
-.000240625
-.000260156
-.000300781
-.000238281
-.000217188
-.000233594
-.000285938
-.000278125
-.000235156
-.000252344
-.000263281
-.000239844
-.000228906
-.000242188
-.000247656
-.000275781
-.000219531
-.000247656
-.000267969
-.000219531
-.000241406
-.000225781
-.000266406
-.000277344
-.000210938
-.000255469
-.000285938
-.000242188
-.000270313
-.000250781
-.000251563
-.000283594
-.00026875
-.000247656
-.000261719
-.000273438
-.000271875
-.000219531
-.000271875
-.000253906
-.000250781
-.000248438
-.000271094
-.000241406
-.000214063
-.000242969
-.000269531
-.000294531
-.000236719
-.000277344
-.000297656
-.000257813
-.000222656
-.000239844
-.000213281
-.000245313
-.000267188
-.0002375
-.000270313
-.000292969
-.000294531
-.000239063
-.0002625
-.000270313
-.000230469
-.000244531
-.000274219
-.000252344
-.000260938
-.000253906
-.000261719
-.000230469
-.000213281
-.000225
-.00028125
-.000298438
-.000234375
-.000253906
-.000257031
-.00025625
-.000244531
-.000246094
-.000267969
-.000280469
-.000225781
-.000253125
-.000249219
-.00026875
-.000227344
-.000222656
-.000261719
-.000260938
-.000263281
-.000224219
-.000283594
-.00025
-.000233594
-.000260156
-.000254688
-.00026875
-.000241406
-.000272656
-.000289063
-.000264063
-.000209375
-.000229688
-.00029375
-.000279688
-.000258594
-.000270313
-.000278125
-.000282813
-.000249219
-.000215625
-.000267188
-.000254688
-.000272656
-.000207031
-.000276563
-.000233594
-.000220313
-.000239844
-.000253125
-.000235938
-.000252344
-.000250781
-.000272656
-.000239844
-.000258594
-.000271875
-.000271875
-.000252344
-.000228125
-.00023125
-.000253125
-.000252344
-.000255469
-.000232813
-.000260938
-.000274219
-.000239844
-.000264063
-.000260938
-.0002375
-.000258594
-.000230469
-.000245313
-.000264063
-.000250781
-.00025
-.000274219
-.000253125
-.000257031
-.000276563
-.000286719
-.000272656
-.000239063
-.000253125
-.0002625
-.000253906
-.000225781
-.000246875
-.000275
-.0002625
-.000226563
-.000203125
-.000266406
-.000275781
-.000257031
-.000233594
-.000286719
-.000258594
-.0002375
-.000253125
-.000223438
-.000260156
-.00023125
-.000270313
-.0002625
-.000286719
-.000244531
-.000260156
-.000246094
-.000226563
-.000238281
-.000235938
-.000261719
-.000308594
-.000244531
-.000244531
-.000269531
-.000233594
-.00021875
-.000228125
-.000257813
-.000273438
-.000242188
-.000238281
-.000271094
-.000261719
-.000230469
-.000247656
-.000241406
-.000242969
-.000246094
-.000259375
-.000267188
-.000232813
-.000238281
-.000260938
-.000257031
-.0002625
-.000248438
-.000260156
-.000315625
-.000278906
-.000214063
-.00025625
-.000279688
-.000235156
-.000221875
-.000244531
-.000272656
-.000263281
-.00021875
-.000252344
-.000246094
-.000261719
-.000269531
-.000253906
-.000267188
-.000264063
-.000229688
-.000221875
-.000232813
-.000226563
-.000202344
-.000221875
-.000273438
-.000271875
-.000270313
-.000247656
-.0002875
-.000242188
-.000230469
-.000215625
-.000295313
-.000289844
-.000238281
-.00023125
-.000251563
-.00023125
-.00023125
-.000215625
-.000271875
-.000273438
-.000252344
-.000257813
-.000296875
-.000265625
-.000232031
-.000252344
-.000251563
-.000244531
-.000247656
-.000260938
-.000267188
-.000255469
-.000249219
-.0002625
-.000267188
-.000271094
-.000227344
-.000252344
-.000264063
-.000289844
-.000225781
-.000233594
-.000239063
-.000288281
-.000260156
-.000253906
-.000234375
-.000270313
-.00023125
-.000230469
-.000263281
-.000265625
-.000264063
-.000310156
-.000264063
-.000264844
-.000247656
-.000260156
-.000265625
-.000285156
-.00024375
-.000239844
-.000295313
-.000291406
-.000214063
-.00023125
-.000261719
-.000249219
-.000257813
-.000217188
-.000309375
-.00028125
-.000245313
-.000227344
-.000270313
-.000260156
-.000244531
-.00024375
-.000265625
-.00024375
-.0002375
-.000235156
-.000284375
-.00025625
-.0002875
-.000239844
-.000285938
-.000248438
-.0002375
-.000214063
-.000274219
-.000257031
-.000202344
-.000221094
-.000253906
-.000266406
-.000239063
-.0002375
-.000255469
-.000296875
-.000235156
-.000242969
-.00024375
-.000238281
-.000241406
-.000222656
-.000252344
-.000225
-.000221875
-.000249219
-.000288281
-.000269531
-.000242188
-.000246875
-.000271094
-.000242969
-.000221875
-.000221094
-.000242969
-.000285938
-.000244531
-.000225781
-.000271094
-.000246094
-.000221875
-.000250781
-.000253906
-.000257813
-.000221094
-.000236719
-.000285156
-.000279688
-.000277344
-.000257031
-.000252344
-.000239063
-.0002
-.000279688
-.000257031
-.000274219
-.000221875
-.000278906
-.000253906
-.000263281
-.00021875
-.000257813
-.000264063
-.000220313
-.000198438
-.000203125
-.000244531
-.000240625
-.000219531
-.000241406
-.000234375
-.000252344
-.000259375
-.000246094
-.000270313
-.000277344
-.000230469
-.0002125
-.000259375
-.000227344
-.000246094
-.00026875
-.000278125
-.000260156
-.000209375
-.000230469
-.00030625
-.000280469
-.000251563
-.000283594
-.000283594
-.000264844
-.000210156
-.000225
-.000236719
-.000255469
-.000236719
-.00028125
-.00029375
-.000271094
-.000220313
-.000192188
-.000228906
-.000213281
-.000229688
-.000264063
-.000273438
-.00026875
-.000260938
-.00026875
-.000251563
-.000207031
-.000211719
-.000234375
-.000230469
-.00026875
-.00025625
-.000242969
-.000283594
-.000285938
-.000215625
-.000260938
-.000257031
-.000275781
-.000242188
-.000248438
-.000250781
-.000228125
-.0002375
-.000250781
-.000271875
-.000260156
-.00026875
-.000247656
-.000279688
-.000271094
-.000216406
-.000240625
-.000245313
-.000260156
-.000219531
-.00025
-.000257813
-.000245313
-.0002125
-.000239844
-.000259375
-.000285156
-.000269531
-.000249219
-.000258594
-.000265625
-.000196094
-.0002125
-.000232031
-.0002375
-.00025
-.000275
-.000269531
-.000295313
-.000247656
-.000248438
-.000229688
-.000242969
-.000236719
-.000275
-.000276563
-.000296094
-.00025
-.000254688
-.000251563
-.000240625
-.000204688
-.000227344
-.000255469
-.000257813
-.000258594
-.000260156
-.000249219
-.000276563
-.00023125
-.000264063
-.000264844
-.000285938
-.00020625
-.000225781
-.000239844
-.000248438
-.000254688
-.000245313
-.000238281
-.000269531
-.000225781
-.000233594
-.000272656
-.000282031
-.000249219
-.000196875
-.000249219
-.000247656
-.000215625
-.000273438
-.000260938
-.000246094
-.000253906
-.000246094
-.000272656
-.000245313
-.000249219
-.000275
-.00025625
-.000265625
-.000233594
-.000260938
-.000228125
-.000239844
-.000214844
-.000246094
-.000277344
-.000286719
-.00025625
-.000267188
-.000242969
-.000225781
-.00023125
-.00023125
-.000280469
-.000271875
-.0002125
-.000239844
-.000240625
-.000246875
-.000244531
-.000248438
-.000275
-.000238281
-.000252344
-.00025
-.000286719
-.0002875
-.000247656
-.000246094
-.000235156
-.000242969
-.000253906
-.000221875
-.000246875
-.000250781
-.000235156
-.000264844
-.000292188
-.000267188
-.00026875
-.000264063
-.000275
-.000244531
-.000246094
-.000226563
-.000261719
-.000246094
-.000220313
-.000221875
-.000242969
-.000260156
-.000210938
-.000255469
-.000248438
-.000273438
-.000265625
-.000263281
-.000269531
-.000271875
-.000227344
-.000229688
-.00021875
-.000235938
-.000190625
-.000259375
-.000275781
-.000267969
-.000229688
-.000239844
-.000253125
-.000214063
-.000204688
-.000233594
-.000307031
-.000295313
-.00023125
-.000217969
-.000235156
-.000247656
-.000249219
-.00025625
-.000236719
-.000270313
-.000254688
-.000261719
-.0002625
-.000272656
-.000224219
-.000217969
-.000261719
-.000234375
-.000198438
-.000259375
-.000270313
-.000258594
-.000219531
-.000210156
-.000245313
-.000261719
-.000221875
-.000267969
-.000232031
-.000252344
-.000210156
-.000221094
-.000253125
-.000270313
-.000253906
-.000270313
-.000267188
-.000246094
-.000224219
-.000230469
-.000264844
-.000277344
-.000261719
-.000272656
-.000267969
-.000210938
-.0002375
-.00021875
-.000232031
-.000267969
-.000208594
-.000264063
-.000283594
-.000267188
-.000251563
-.000211719
-.000255469
-.000273438
-.000207031
-.000257031
-.000258594
-.000275781
-.000260938
-.0002125
-.000239844
-.0002375
-.000253906
-.000242188
-.00025625
-.000247656
-.000228125
-.000248438
-.000265625
-.000226563
-.000257813
-.000211719
-.000246094
-.000219531
-.000245313
-.000228906
-.000289063
-.000248438
-.000225781
-.000251563
-.000276563
-.000299219
-.000230469
-.000254688
-.000240625
-.000242188
-.000214063
-.000250781
-.0002375
-.000236719
-.000242188
-.00025
-.000273438
-.000239063
-.000234375
-.000232813
-.000232031
-.000264063
-.00021875
-.000246094
-.000269531
-.000233594
-.000215625
-.000236719
-.000224219
-.000238281
-.000232031
-.0002625
-.000289063
-.00024375
-.00024375
-.000230469
-.000264063
-.000239063
-.000257031
-.00026875
-.000270313
-.000247656
-.000239844
-.000247656
-.000235156
-.000238281
-.000220313
-.000219531
-.000264063
-.000258594
-.000221094
-.000230469
-.000254688
-.000264844
-.000221875
-.000221094
-.00025625
-.0002625
-.000241406
-.000254688
-.000267969
-.000245313
-.000211719
-.000233594
-.000263281
-.000236719
-.00023125
-.000232813
-.000260938
-.000255469
-.00024375
-.000241406
-.000255469
-.000242188
-.000244531
-.000249219
-.000249219
-.000240625
-.000219531
-.000209375
-.000254688
-.000253906
-.000239063
-.000244531
-.000245313
-.000246875
-.00021875
-.000270313
-.00026875
-.000267969
-.000239844
-.000269531
-.000277344
-.000260938
-.000217969
-.000216406
-.000246094
-.000225781
-.000240625
-.000214844
-.000258594
-.000267969
-.000221875
-.000221094
-.000251563
-.000245313
-.000248438
-.000289063
-.000284375
-.000267969
-.00025
-.000248438
-.000249219
-.000260156
-.000211719
-.000226563
-.000283594
-.000267969
-.000242969
-.000242969
-.000285156
-.000273438
-.00023125
-.000230469
-.000236719
-.000252344
-.000245313
-.000252344
-.000232031
-.000248438
-.000227344
-.000265625
-.000252344
-.000259375
-.000240625
-.000229688
-.00025625
-.000223438
-.000185156
-.000185938
-.000251563
-.000298438
-.000217188
-.000263281
-.000254688
-.000294531
-.00024375
-.000210938
-.000214844
-.000261719
-.000275
-.000269531
-.000264063
-.000258594
-.000227344
-.000242969
-.000257031
-.000216406
-.000264844
-.000235938
-.000294531
-.000259375
-.000202344
-.000223438
-.000266406
-.000248438
-.000247656
-.000244531
-.000255469
-.000252344
-.00025
-.0002375
-.000289844
-.000266406
-.000226563
-.000227344
-.000257031
-.000265625
-.000234375
-.000246094
-.000261719
-.000264063
-.000217188
-.000224219
-.000270313
-.000279688
-.000235938
-.000235156
-.000269531
-.000291406
-.000242969
-.000252344
-.000271875
-.000260156
-.000202344
-.000225
-.000270313
-.000253125
-.000210938
-.000205469
-.000280469
-.000274219
-.000229688
-.000233594
-.000255469
-.000210156
-.000242969
-.000258594
-.000265625
-.000238281
-.000245313
-.000250781
-.000282031
-.0002375
-.000239063
-.000217188
-.000260938
-.000254688
-.000220313
-.000230469
-.000278906
-.000265625
-.000230469
-.000239844
-.000284375
-.000248438
-.000257813
-.000278125
-.000273438
-.000267969
-.000242969
-.000221875
-.000267969
-.000244531
-.000245313
-.000248438
-.000278125
-.000259375
-.000269531
-.000246875
-.000279688
-.000229688
-.000228125
-.000277344
-.000257031
-.000238281
-.000229688
-.00024375
-.000258594
-.000263281
-.000259375
-.000234375
-.000277344
-.000271094
-.000266406
-.000235938
-.000261719
-.000239063
-.000238281
-.000235938
-.000285938
-.000271875
-.000259375
-.000238281
-.00025625
-.00026875
-.000275781
-.000244531
-.000271094
-.000225781
-.000210938
-.000265625
-.000304688
-.000253906
-.000201563
-.000217188
-.000254688
-.000259375
-.000235938
-.000246094
-.000282031
-.000285938
-.000227344
-.00025
-.00025
-.000252344
-.000246875
-.000275
-.000253906
-.000220313
-.000219531
-.000246875
-.000279688
-.00024375
-.000252344
-.000264844
-.000232031
-.00025625
-.000227344
-.000249219
-.000274219
-.000264844
-.000217188
-.000235938
-.000279688
-.000274219
-.000267969
-.000260156
-.000274219
-.000289063
-.000233594
-.00024375
-.000275781
-.000289063
-.000282031
-.000255469
-.000272656
-.000233594
-.000223438
-.00020625
-.000257031
-.000264063
-.000219531
-.000246094
-.000278906
-.000241406
-.000249219
-.000239844
-.000291406
-.000232813
-.000250781
-.000241406
-.000251563
-.000271094
-.000201563
-.000239844
-.000279688
-.000246094
-.000214063
-.000267969
-.000307031
-.000271094
-.000269531
-.000248438
-.000238281
-.000264844
-.000220313
-.000245313
-.000257813
-.000260938
-.00025625
-.000280469
-.000271875
-.00026875
-.00024375
-.000253906
-.000261719
-.00026875
-.000217969
-.000228125
-.000273438
-.000235156
-.000217969
-.000230469
-.000285938
-.000265625
-.000278906
-.000273438
-.000285938
-.000239844
-.000252344
-.000242969
-.000253906
-.000253125
-.000253906
-.00023125
-.000264063
-.000260156
-.000230469
-.000253125
-.0002875
-.000282813
-.000235156
-.000260938
-.000269531
-.000260156
-.000225
-.000242969
-.000279688
-.000246094
-.000252344
-.000235156
-.000259375
-.000273438
-.000196875
-.000203906
-.000226563
-.000253906
-.000245313
-.000275
-.000260938
-.000260938
-.000217969
-.000198438
-.000222656
-.00021875
-.000205469
-.000261719
-.000257813
